,Unnamed: 0,e1,e2,e3,e4,e5,e6,e7,e8,e9,e10,e0_1,e0_2,e0_3,e0_4,e0_5,e0_6,e0_7,e0_8,e0_9,e0_10,Gamma,eta0,eta,count,success,seed,N,Jmax,alpha,gleak,ex,lk,rate,T,pl,all
0,0,0.0,-0.025470193,-0.06949959,-0.10399184,-0.1466444,-0.18809924,-0.2358176,-0.31779057,-0.41775143,-0.27882195,0.0,-0.16666664,-0.16666664,-0.16666664,-0.16666664,0.16666669,-0.5,-0.16666664,-0.5,-0.16666664,0.1,-0.00050257373,-0.009660959,332.0,1.0,61980,10,0.2,1.0,0.1,0,9,0.05,0.2,1,1
1,1,0.0,2.028926,-0.47125274,-0.3413781,-0.554313,-0.92025584,4.0057473,3.2974923,-0.8901873,-0.74570024,0.0,0.5,-0.16666664,-0.16666664,-0.16666664,-0.5,0.5,0.5,-0.5,-0.5,0.1,-0.0009407971,-0.008391048,280.0,0.0,61980,10,0.2,1.0,0.1,0,9,0.05,0.2,1,1
2,2,0.0,3.9595225,4.000101,-0.3830619,-0.13841496,2.4254856,3.7076201,2.8646634,-0.6891614,-0.6555311,0.0,0.5,0.5,-0.16666664,0.16666669,0.16666669,0.5,0.16666669,-0.5,-0.5,0.1,-0.00037856898,-0.006043526,1936.0,0.0,61980,10,0.2,1.0,0.1,0,9,0.05,0.2,1,1
3,3,0.0,-0.1612689,-0.2561413,1.9390597,3.3394551,-0.2125939,4.004351,1.9954202,1.8521914,-0.20290388,0.0,-0.5,-0.5,0.16666669,0.5,-0.16666664,0.5,0.16666669,0.5,-0.16666664,0.1,-8.460983e-05,-0.004579735,446.0,0.0,61980,10,0.2,1.0,0.1,0,9,0.05,0.2,1,1
4,4,0.0,-0.025219217,-0.06926198,-0.103752166,-0.14642633,-0.18789029,-0.23550129,-0.317518,-0.41752315,-0.27855068,0.0,0.16666669,0.16666669,0.16666669,-0.5,0.16666669,-0.16666664,-0.16666664,-0.16666664,0.16666669,0.1,-0.00074966426,-0.009660962,401.0,1.0,61980,10,0.2,1.0,0.1,0,9,0.05,0.2,1,1
5,5,0.0,-0.02525348,-0.069300525,-0.10379374,-0.14647092,-0.18793313,-0.23555918,-0.31756976,-0.41756168,-0.2785963,0.0,0.16666669,0.16666669,0.5,0.5,-0.5,0.5,0.5,-0.5,0.16666669,0.1,-0.00043582506,-0.009660961,617.0,1.0,61980,10,0.2,1.0,0.1,0,9,0.05,0.2,1,1
6,6,0.0,-0.26309878,-0.06742689,-0.19932769,-0.21561693,-0.14986862,-0.30578715,4.0005965,-0.3106051,-0.18580149,0.0,0.16666669,-0.5,-0.16666664,0.16666669,-0.16666664,-0.16666664,0.5,0.16666669,0.5,0.1,-9.440716e-05,-0.0064695044,529.0,0.0,61980,10,0.2,1.0,0.1,0,9,0.05,0.2,1,1
7,7,0.0,0.107884094,0.029767944,0.11699926,-0.06775553,-0.5774699,-0.5940516,-0.11548125,-0.413707,-0.10226584,0.0,0.16666669,0.16666669,0.5,0.16666669,-0.5,-0.5,0.16666669,-0.5,0.16666669,0.1,-0.00037339958,-0.0031935652,500000.0,0.0,61980,10,0.2,1.0,0.1,0,9,0.05,0.2,1,1
8,8,0.0,3.2800698,0.12167689,0.12567145,0.059874546,-0.14000174,-0.27250615,4.000285,-0.31148762,-0.15844205,0.0,0.5,0.16666669,0.16666669,0.16666669,-0.16666664,-0.5,0.5,-0.5,0.16666669,0.1,-0.00088602863,-0.011192153,638.0,0.0,61980,10,0.2,1.0,0.1,0,9,0.05,0.2,1,1
9,9,0.0,-0.17714924,0.62952846,-0.20036255,-0.30269226,-0.5970017,-0.32368857,4.0018167,-0.6660124,-0.060377605,0.0,-0.16666664,0.16666669,-0.5,-0.5,-0.5,-0.16666664,0.5,-0.5,0.16666669,0.1,-0.00015317468,-0.0038085151,859.0,0.0,61980,10,0.2,1.0,0.1,0,9,0.05,0.2,1,1
10,10,0.0,4.0006857,1.3999931,-0.70594394,-0.638718,-0.12136868,-0.52005345,0.24727492,0.121915825,-0.532419,0.0,0.5,0.5,-0.5,-0.5,-0.16666664,-0.5,-0.16666664,0.16666669,-0.5,0.1,-0.00045270319,-0.0027379256,2331.0,0.0,61980,10,0.2,1.0,0.1,0,9,0.05,0.2,1,1
11,11,0.0,2.2563224,-0.4187755,3.9153583,4.000911,1.0353831,-0.19178402,-0.3080971,3.7462165,-0.017099854,0.0,0.16666669,-0.5,0.5,0.5,0.5,-0.16666664,-0.5,0.5,0.16666669,0.1,-0.00021264367,-0.00574135,1302.0,0.0,61980,10,0.2,1.0,0.1,0,9,0.05,0.2,1,1
12,12,0.0,4.0009265,3.403991,-0.5710424,-0.18395911,3.1654754,-0.6285899,2.5223095,-0.13812578,-0.57256013,0.0,0.5,0.5,-0.5,0.16666669,0.16666669,-0.5,0.16666669,0.16666669,-0.16666664,0.1,-0.00030711558,-0.0070382245,1434.0,0.0,61980,10,0.2,1.0,0.1,0,9,0.05,0.2,1,1
13,13,0.0,-0.034865398,-0.12890613,-0.2026887,4.001724,-0.1639015,-0.16899592,-0.11658589,-0.19418563,-0.16502428,0.0,0.16666669,-0.5,-0.5,0.5,-0.16666664,-0.16666664,-0.16666664,-0.5,-0.16666664,0.1,-0.00050506275,-0.007554576,674.0,0.0,61980,10,0.2,1.0,0.1,0,9,0.05,0.2,1,1
14,14,0.0,-0.025237495,-0.06928691,-0.10378251,-0.14646505,-0.18792574,-0.23553029,-0.3175402,-0.4175238,-0.27857497,0.0,-0.5,0.16666669,-0.5,-0.5,0.5,0.16666669,0.5,0.16666669,0.5,0.1,-3.670099e-05,-0.009660958,557.0,1.0,61980,10,0.2,1.0,0.1,0,9,0.05,0.2,1,1
15,15,0.0,2.1725976,0.9891294,-0.39201397,3.5291276,4.0033813,1.9462675,-0.168149,-0.49194348,-0.4364554,0.0,0.16666669,0.16666669,-0.5,0.5,0.16666669,0.16666669,0.16666669,-0.5,-0.5,0.1,-0.00042900536,-0.011034045,841.0,0.0,61980,10,0.2,1.0,0.1,0,9,0.05,0.2,1,1
16,16,0.0,-0.09886613,-0.20887701,2.990444,-0.4247162,-0.5185627,-0.57815546,4.0024557,-0.64217025,-0.42457053,0.0,-0.16666664,-0.5,0.5,-0.5,-0.5,-0.16666664,0.5,-0.5,-0.16666664,0.1,-0.0013476277,-0.008189554,531.0,0.0,61980,10,0.2,1.0,0.1,0,9,0.05,0.2,1,1
17,17,0.0,1.4132304,-0.45188895,2.0133781,-0.13699707,-0.42542797,4.0039244,3.1310232,3.8893666,-0.5062582,0.0,0.16666669,-0.16666664,0.16666669,-0.16666664,-0.16666664,0.5,0.16666669,0.5,-0.5,0.1,-8.680825e-05,-0.005495043,466.0,0.0,61980,10,0.2,1.0,0.1,0,9,0.05,0.2,1,1
18,18,0.0,-0.025190879,-0.06923737,-0.1037285,-0.14641169,-0.18787727,-0.23548172,-0.31750974,-0.41752666,-0.278533,0.0,-0.16666664,0.16666669,-0.5,-0.5,0.5,-0.16666664,0.5,0.5,0.5,0.1,-5.3443015e-05,-0.009660957,365.0,1.0,61980,10,0.2,1.0,0.1,0,9,0.05,0.2,1,1
19,19,0.0,-0.52901727,-0.5091494,-0.5588044,-0.6740317,4.0005684,-0.8934736,-1.0329095,2.9969528,-0.7802028,0.0,-0.5,0.16666669,-0.16666664,-0.5,0.5,-0.5,-0.5,0.16666669,-0.16666664,0.1,-0.00032836178,-0.006039971,565.0,0.0,61980,10,0.2,1.0,0.1,0,9,0.05,0.2,1,1
20,20,0.0,-0.025433753,-0.06946194,-0.103961535,-0.14660443,-0.18806094,-0.23577407,-0.31775576,-0.41773522,-0.27878454,0.0,-0.5,-0.16666664,-0.5,-0.16666664,0.16666669,-0.16666664,0.16666669,-0.16666664,-0.5,0.1,-0.00038557133,-0.00966096,1502.0,1.0,61980,10,0.2,1.0,0.1,0,9,0.05,0.2,1,1
21,21,0.0,-0.604642,-0.6454049,1.7346678,-0.39254498,-0.38407004,-0.33005494,-0.47655082,4.001508,-0.54385847,0.0,-0.5,-0.5,0.5,0.16666669,0.16666669,-0.16666664,-0.16666664,0.5,-0.16666664,0.1,-7.582428e-05,-0.0047035622,726.0,0.0,61980,10,0.2,1.0,0.1,0,9,0.05,0.2,1,1
22,22,0.0,0.36156204,0.677451,3.6151457,-0.057146005,4.000777,3.0207827,-0.069132,-0.111018464,0.056683075,0.0,0.16666669,0.5,0.16666669,-0.16666664,0.5,0.5,-0.16666664,-0.5,0.5,0.1,-0.00042426432,-0.007368373,861.0,0.0,61980,10,0.2,1.0,0.1,0,9,0.05,0.2,1,1
23,23,0.0,-0.02520666,-0.069245316,-0.10373451,-0.14640826,-0.18787856,-0.23550601,-0.3175332,-0.41756174,-0.2785506,0.0,0.16666669,0.5,0.5,0.5,0.16666669,0.16666669,0.16666669,0.16666669,0.16666669,0.1,-0.000539547,-0.009660957,284.0,1.0,61980,10,0.2,1.0,0.1,0,9,0.05,0.2,1,1
24,24,0.0,-0.025228748,-0.06927183,-0.103764705,-0.14644472,-0.1879073,-0.2355124,-0.3175242,-0.41751978,-0.27855983,0.0,0.16666669,-0.16666664,0.16666669,-0.5,-0.16666664,0.16666669,-0.5,0.16666669,0.5,0.1,-0.00025673254,-0.009660958,390.0,1.0,61980,10,0.2,1.0,0.1,0,9,0.05,0.2,1,1
25,25,0.0,1.641925,4.001518,3.2049727,2.3356326,-0.2532914,-0.35826355,1.5556382,-0.41223505,-0.15537524,0.0,0.16666669,0.5,0.5,0.5,-0.16666664,-0.5,0.5,-0.16666664,-0.5,0.1,-0.003487305,-0.014119076,588.0,0.0,61980,10,0.2,1.0,0.1,0,9,0.05,0.2,1,1
26,26,0.0,-0.025273,-0.0693184,-0.10381215,-0.14648682,-0.1879463,-0.23557545,-0.3175786,-0.41755986,-0.27861118,0.0,-0.16666664,0.5,0.5,0.5,-0.5,0.5,0.16666669,0.16666669,0.5,0.1,-0.00011116611,-0.009660957,2078.0,1.0,61980,10,0.2,1.0,0.1,0,9,0.05,0.2,1,1
27,27,0.0,-0.5629603,-0.35652864,-0.5683568,-0.36474127,-0.6076438,2.8839302,4.001495,2.718306,-0.70608175,0.0,-0.5,0.16666669,-0.5,-0.5,-0.5,0.16666669,0.5,0.5,-0.5,0.1,-0.00021144596,-0.004517561,227.0,0.0,61980,10,0.2,1.0,0.1,0,9,0.05,0.2,1,1
28,28,0.0,4.0016284,-0.011954335,-0.010387152,0.00606546,-0.045454167,-0.008036113,-0.14150117,-0.27096653,-0.10080319,0.0,0.5,-0.5,0.16666669,0.16666669,-0.5,0.16666669,0.16666669,-0.16666664,-0.16666664,0.1,-0.0003836593,-0.010024327,1247.0,0.0,61980,10,0.2,1.0,0.1,0,9,0.05,0.2,1,1
29,29,0.0,-0.020111345,-0.2538484,-0.28085008,4.007228,1.6605102,-0.31966078,-0.47502407,2.9162207,-0.19185477,0.0,-0.5,-0.5,-0.5,0.5,-0.16666664,-0.5,-0.5,0.5,-0.5,0.1,-0.00026826235,-0.0047450704,230.0,0.0,61980,10,0.2,1.0,0.1,0,9,0.05,0.2,1,1
30,30,0.0,-0.29482177,1.0010803,-0.630562,-0.62318015,4.0000143,-0.37371585,-0.365045,-0.37053943,-0.4010794,0.0,-0.16666664,0.5,-0.5,-0.5,0.16666669,-0.16666664,0.16666669,-0.16666664,-0.16666664,0.1,-0.00014428757,-0.006211046,5144.0,0.0,61980,10,0.2,1.0,0.1,0,9,0.05,0.2,1,1
31,31,0.0,0.86986846,-0.15385194,-0.4551392,0.79515725,-0.12865208,-0.5139574,4.003105,3.4621365,-0.5713251,0.0,-0.16666664,0.16666669,-0.5,0.5,0.16666669,-0.16666664,0.16666669,0.5,-0.16666664,0.1,-0.00012492585,-0.005215893,750.0,0.0,61980,10,0.2,1.0,0.1,0,9,0.05,0.2,1,1
32,32,0.0,3.4697785,-0.57744354,-0.10619126,3.175165,3.7099297,-0.6366437,4.0003295,-0.16344368,-0.56659544,0.0,0.5,-0.5,-0.16666664,0.16666669,0.16666669,-0.5,0.16666669,0.16666669,-0.5,0.1,-0.0011909598,-0.0071597495,1686.0,0.0,61980,10,0.2,1.0,0.1,0,9,0.05,0.2,1,1
33,33,0.0,-0.116531,-0.0016548806,0.46640232,2.7210085,0.0075029475,4.000678,-0.014704548,2.4169993,0.12926885,0.0,-0.16666664,-0.16666664,0.5,0.5,-0.16666664,0.5,-0.16666664,0.5,0.16666669,0.1,-0.00024859575,-0.002240192,193.0,0.0,61980,10,0.2,1.0,0.1,0,9,0.05,0.2,1,1
34,34,0.0,0.15061955,-0.0016954938,-0.014695546,-0.1878092,-0.24693608,3.9811964,-0.21102017,4.0018353,-0.16227108,0.0,0.16666669,0.16666669,0.16666669,-0.5,-0.5,0.5,-0.16666664,0.5,-0.16666664,0.1,-0.00030447677,-0.0069817156,606.0,0.0,61980,10,0.2,1.0,0.1,0,9,0.05,0.2,1,1
35,35,0.0,-0.45105612,2.0958824,-0.08260873,2.0268204,-0.27372313,-0.3234762,4.0011,-0.711752,-0.6419431,0.0,-0.5,0.5,0.16666669,0.5,-0.16666664,-0.16666664,0.5,-0.5,-0.5,0.1,-0.00027894156,-0.006637741,511.0,0.0,61980,10,0.2,1.0,0.1,0,9,0.05,0.2,1,1
36,36,0.0,-1.0159909,-0.5032828,-0.64612293,4.0007544,1.1624659,-0.91189826,-0.89438486,-0.06694719,-0.7279186,0.0,-0.5,0.16666669,-0.16666664,0.16666669,0.5,-0.5,-0.16666664,0.16666669,-0.16666664,0.1,-0.00017356109,-0.002711198,2049.0,0.0,61980,10,0.2,1.0,0.1,0,9,0.05,0.2,1,1
37,37,0.0,-0.63540274,-0.4883919,-0.6358412,-0.6481289,-0.76174194,4.000777,-0.85669005,3.1151152,-0.8361339,0.0,-0.16666664,-0.5,-0.16666664,-0.16666664,-0.5,0.5,-0.5,0.5,-0.5,0.1,-0.0021651357,-0.008263108,471.0,0.0,61980,10,0.2,1.0,0.1,0,9,0.05,0.2,1,1
38,38,0.0,-0.025269732,-0.069316775,-0.1038103,-0.14649056,-0.18794957,-0.23556803,-0.31756818,-0.41754416,-0.27860636,0.0,-0.5,-0.5,-0.16666664,0.5,0.5,0.5,0.16666669,0.16666669,0.16666669,0.1,-3.6987778e-05,-0.009660957,1570.0,1.0,61980,10,0.2,1.0,0.1,0,9,0.05,0.2,1,1
39,39,0.0,-0.25563553,-0.28695747,1.1962153,-0.18893026,2.0642037,-0.20893088,4.000906,-0.14099129,-0.025747612,0.0,-0.5,0.16666669,0.5,-0.5,0.5,-0.5,0.5,-0.16666664,-0.16666664,0.1,-0.0003247587,-0.00528589,448.0,0.0,61980,10,0.2,1.0,0.1,0,9,0.05,0.2,1,1
40,40,0.0,-0.025180588,-0.06922412,-0.103710644,-0.14639351,-0.18785872,-0.23545703,-0.3174823,-0.41750062,-0.27851224,0.0,-0.16666664,-0.5,0.5,0.5,-0.16666664,0.16666669,0.16666669,0.5,0.16666669,0.1,-8.537542e-05,-0.009660957,348.0,1.0,61980,10,0.2,1.0,0.1,0,9,0.05,0.2,1,1
41,41,0.0,1.1694974,-0.5906836,-0.5873566,1.3996477,-0.066512585,3.0102866,4.000674,-0.36663064,-0.11989206,0.0,0.16666669,-0.5,-0.5,0.16666669,0.5,0.16666669,-0.16666664,-0.5,0.5,0.1,-8.02856e-05,-0.007090488,3437.0,0.0,61980,10,0.2,1.0,0.1,0,9,0.05,0.2,1,1
42,42,0.0,-0.28399968,0.48310623,-0.12901406,-0.41597337,-0.480702,4.0017653,-0.39157572,-0.45928794,-0.32443666,0.0,-0.5,0.16666669,-0.16666664,-0.5,-0.5,0.5,-0.5,-0.5,-0.16666664,0.1,-0.0006815176,-0.005853345,1056.0,0.0,61980,10,0.2,1.0,0.1,0,9,0.05,0.2,1,1
43,43,0.0,0.1451271,-0.090476066,-0.122734495,2.0821116,-0.27488157,-0.3874995,-0.4753857,4.001603,-0.09408212,0.0,0.16666669,0.16666669,-0.16666664,0.5,-0.16666664,-0.5,-0.16666664,0.5,0.16666669,0.1,-0.00019678073,-0.004102945,577.0,0.0,61980,10,0.2,1.0,0.1,0,9,0.05,0.2,1,1
44,44,0.0,0.9249294,-0.2648347,-0.28261358,2.696573,4.0018597,2.8321717,3.9971995,3.5469596,-0.1533028,0.0,0.5,-0.5,-0.16666664,0.5,0.16666669,0.16666669,0.16666669,0.5,-0.16666664,0.1,-0.0003067251,-0.0034268834,899.0,0.0,61980,10,0.2,1.0,0.1,0,9,0.05,0.2,1,1
45,45,0.0,0.5494227,-0.13343921,-0.47675505,1.8579358,-0.15353416,4.004097,2.8045087,-0.4877586,-0.1619385,0.0,0.5,-0.16666664,-0.5,0.16666669,-0.16666664,0.5,0.16666669,-0.5,-0.16666664,0.1,-0.0016299541,-0.010790399,346.0,0.0,61980,10,0.2,1.0,0.1,0,9,0.05,0.2,1,1
46,46,0.0,-0.6582173,-0.7082457,-0.7735033,2.1336925,4.0031734,-0.24578047,-0.21302672,-0.6645969,-0.497884,0.0,-0.5,-0.5,-0.16666664,0.5,0.5,-0.16666664,0.16666669,-0.5,0.16666669,0.1,-0.00013919469,-0.0039463113,1505.0,0.0,61980,10,0.2,1.0,0.1,0,9,0.05,0.2,1,1
47,47,0.0,4.0006533,2.9052103,-0.4003357,3.791784,2.6339216,-0.32927665,3.2665696,-0.26184788,-0.17207733,0.0,0.5,0.16666669,-0.5,0.5,0.16666669,-0.16666664,0.5,-0.16666664,-0.5,0.1,-0.00096375274,-0.014790273,743.0,0.0,61980,10,0.2,1.0,0.1,0,9,0.05,0.2,1,1
48,48,0.0,-0.33201393,0.6620226,-0.38617817,1.8851707,1.5974455,-0.11659829,-0.19320925,4.0040708,-0.3625419,0.0,-0.5,0.16666669,-0.16666664,0.5,0.5,0.16666669,-0.16666664,0.5,-0.16666664,0.1,-0.0002471312,-0.0049119415,409.0,0.0,61980,10,0.2,1.0,0.1,0,9,0.05,0.2,1,1
49,49,0.0,-0.1975558,2.0264258,2.0006,-0.30584943,2.7590806,3.9417295,4.0030527,2.1951337,-0.30864114,0.0,-0.16666664,0.16666669,0.5,-0.16666664,0.5,0.5,0.5,0.5,-0.5,0.1,-9.689162e-05,-0.008090678,173.0,0.0,61980,10,0.2,1.0,0.1,0,9,0.05,0.2,1,1
50,50,0.0,2.700014,-0.40330875,3.36011,4.001987,1.4264141,-0.22256455,-0.26486582,2.671549,-0.006997325,0.0,0.5,-0.5,0.16666669,0.5,0.5,-0.16666664,-0.16666664,0.5,-0.16666664,0.1,-0.0003921657,-0.0056477794,1479.0,0.0,61980,10,0.2,1.0,0.1,0,9,0.05,0.2,1,1
51,51,0.0,0.45434803,-0.19831143,-0.24552932,1.1157552,-0.17118669,4.004495,2.6966522,-0.39308977,-0.19760866,0.0,0.5,-0.5,-0.16666664,0.5,-0.16666664,0.5,0.16666669,-0.5,-0.5,0.1,-0.00031821462,-0.0076354914,226.0,0.0,61980,10,0.2,1.0,0.1,0,9,0.05,0.2,1,1
52,52,0.0,-0.29113725,2.0048838,-0.31316233,4.0035586,2.0189173,-0.33633637,0.08896831,-0.31705981,0.19030882,0.0,-0.16666664,0.5,-0.5,0.5,0.5,-0.5,0.16666669,-0.5,0.5,0.1,-0.0004397649,-0.0023597123,304.0,0.0,61980,10,0.2,1.0,0.1,0,9,0.05,0.2,1,1
53,53,0.0,-0.16490169,4.001784,-0.14576845,-0.0820952,-0.15253724,-0.23972534,-0.21375275,-0.27547774,-0.24888544,0.0,-0.5,0.5,-0.5,0.16666669,-0.5,0.16666669,-0.5,0.16666669,0.16666669,0.1,-0.00016902329,-0.008211072,384.0,0.0,61980,10,0.2,1.0,0.1,0,9,0.05,0.2,1,1
54,54,0.0,-0.7077255,-0.33866996,1.001576,-0.96400666,-0.9812898,1.157534,4.0041184,1.7494495,-0.8003827,0.0,-0.5,-0.16666664,-0.16666664,-0.5,-0.5,-0.16666664,0.5,0.16666669,-0.5,0.1,-0.00038696924,-0.004151052,407.0,0.0,61980,10,0.2,1.0,0.1,0,9,0.05,0.2,1,1
55,55,0.0,-0.025264995,-0.06931097,-0.10380496,-0.14648345,-0.1879435,-0.23556098,-0.31756353,-0.41754192,-0.27859974,0.0,0.16666669,0.16666669,-0.5,0.16666669,0.16666669,-0.5,-0.16666664,0.5,0.5,0.1,-9.935948e-05,-0.009660958,662.0,1.0,61980,10,0.2,1.0,0.1,0,9,0.05,0.2,1,1
56,56,0.0,1.672227,4.001976,3.5249941,2.4970694,1.2166635,-0.43454692,1.224694,-0.10795967,-0.34927973,0.0,0.16666669,0.5,0.5,0.5,-0.16666664,-0.5,0.16666669,-0.16666664,-0.5,0.1,-0.000681075,-0.010459753,1116.0,0.0,61980,10,0.2,1.0,0.1,0,9,0.05,0.2,1,1
57,57,0.0,-0.23240563,-0.10459656,-0.19237724,-0.3488,-0.4179145,4.0002656,-0.35775635,-0.39641783,-0.29411954,0.0,0.16666669,-0.5,-0.5,-0.16666664,-0.16666664,0.5,-0.5,-0.16666664,-0.16666664,0.1,-0.00067047775,-0.007251927,333.0,0.0,61980,10,0.2,1.0,0.1,0,9,0.05,0.2,1,1
58,58,0.0,0.13225147,-0.002259215,4.002207,-0.14323905,3.1348174,-0.4037593,2.3049233,-0.45581925,-0.25512043,0.0,0.16666669,-0.16666664,0.5,-0.16666664,0.5,-0.16666664,0.5,-0.16666664,-0.5,0.1,-0.0013838419,-0.011252998,653.0,0.0,61980,10,0.2,1.0,0.1,0,9,0.05,0.2,1,1
59,59,0.0,-0.025221791,-0.06926228,-0.10374831,-0.14641802,-0.1878856,-0.23552057,-0.31754518,-0.4175715,-0.27855995,0.0,0.16666669,0.5,0.16666669,0.16666669,-0.16666664,-0.16666664,-0.5,-0.5,0.5,0.1,-0.00045359778,-0.009660957,547.0,1.0,61980,10,0.2,1.0,0.1,0,9,0.05,0.2,1,1
60,60,0.0,-0.02522567,-0.06926787,-0.10375937,-0.14643925,-0.18790433,-0.23551737,-0.3175315,-0.41753185,-0.27855778,0.0,-0.5,-0.16666664,-0.5,0.16666669,-0.5,-0.16666664,0.16666669,0.16666669,0.5,0.1,-0.000110519584,-0.009660958,242.0,1.0,61980,10,0.2,1.0,0.1,0,9,0.05,0.2,1,1
61,61,0.0,-0.24811652,-0.26791218,0.79634696,4.003727,3.190278,-0.22338165,1.4564934,-0.14078519,0.0019488321,0.0,-0.5,-0.5,0.5,0.5,0.5,-0.5,0.16666669,-0.16666664,0.5,0.1,-6.973686e-05,-0.004826719,252.0,0.0,61980,10,0.2,1.0,0.1,0,9,0.05,0.2,1,1
62,62,0.0,-0.16847366,4.001287,-0.16620429,-0.074176095,-0.15134004,-0.14704601,-0.18372191,-0.19740993,-0.20543285,0.0,-0.5,0.5,-0.16666664,-0.16666664,0.16666669,0.16666669,0.16666669,-0.16666664,0.16666669,0.1,-0.0002748484,-0.008107069,422.0,0.0,61980,10,0.2,1.0,0.1,0,9,0.05,0.2,1,1
63,63,0.0,-0.20422056,0.626475,-0.36437646,-0.3777587,3.9215896,-0.29195726,4.0001383,-0.23154773,-0.1124332,0.0,-0.16666664,0.5,-0.16666664,-0.16666664,0.5,-0.16666664,0.5,-0.16666664,0.16666669,0.1,-0.0004550302,-0.0063527115,844.0,0.0,61980,10,0.2,1.0,0.1,0,9,0.05,0.2,1,1
64,64,0.0,-0.025196189,-0.06924011,-0.10372406,-0.14640617,-0.1878716,-0.2354834,-0.31751087,-0.417535,-0.27853364,0.0,0.16666669,0.16666669,0.5,0.5,-0.16666664,0.16666669,-0.5,0.16666669,0.5,0.1,-0.00042389528,-0.009660961,338.0,1.0,61980,10,0.2,1.0,0.1,0,9,0.05,0.2,1,1
65,65,0.0,1.2088659,2.916634,2.5639853,1.9434698,-0.029536959,2.3051999,4.0038524,1.9008853,-0.019155707,0.0,0.16666669,0.16666669,0.5,0.5,0.16666669,0.5,0.5,0.5,-0.16666664,0.1,-0.00022223055,-0.013113655,144.0,0.0,61980,10,0.2,1.0,0.1,0,9,0.05,0.2,1,1
66,66,0.0,2.0599515,4.0010796,3.1668742,-0.56260777,2.6754038,-0.5452562,1.9907285,-0.1177692,-0.39295968,0.0,0.5,0.16666669,0.5,-0.5,0.16666669,-0.5,0.16666669,-0.16666664,-0.5,0.1,-0.0005473985,-0.008710825,1844.0,0.0,61980,10,0.2,1.0,0.1,0,9,0.05,0.2,1,1
67,67,0.0,0.22582935,0.020792652,1.5084594,4.0015993,0.013665409,0.17833273,0.02327109,0.033916548,0.01394328,0.0,-0.5,0.16666669,0.5,0.5,-0.16666664,-0.16666664,-0.16666664,0.16666669,0.5,0.1,-0.0002269197,-0.005172903,7283.0,0.0,61980,10,0.2,1.0,0.1,0,9,0.05,0.2,1,1
68,68,0.0,4.0004206,-0.011953288,-0.010381907,0.0060774623,-0.045452997,-0.0080344,-0.14149486,-0.2709315,-0.100798465,0.0,0.5,0.16666669,0.16666669,-0.16666664,-0.16666664,0.16666669,-0.5,0.16666669,0.5,0.1,-0.0003097582,-0.0100243,1682.0,0.0,61980,10,0.2,1.0,0.1,0,9,0.05,0.2,1,1
69,69,0.0,-0.19233263,-0.6666791,3.7851498,-0.760295,4.0025663,1.4411591,-0.60586494,-0.5684889,-0.6177215,0.0,-0.5,-0.16666664,0.5,-0.5,0.5,-0.16666664,-0.16666664,-0.16666664,-0.5,0.1,-0.0013607544,-0.0076159164,1240.0,0.0,61980,10,0.2,1.0,0.1,0,9,0.05,0.2,1,1
70,70,0.0,0.2568273,0.021868642,4.00272,3.7486846,0.027154058,0.15608944,0.10406396,-0.21988769,-0.111123696,0.0,0.16666669,-0.16666664,0.5,0.5,-0.16666664,0.16666669,0.16666669,0.16666669,-0.16666664,0.1,-0.0009959296,-0.005667878,658.0,0.0,61980,10,0.2,1.0,0.1,0,9,0.05,0.2,1,1
71,71,0.0,4.000551,2.6892834,0.080440275,0.26585105,0.14253525,0.16627938,-0.52423954,-0.104072675,-0.5336395,0.0,0.5,0.5,0.16666669,0.16666669,0.5,0.16666669,-0.16666664,0.16666669,-0.16666664,0.1,-0.0003822764,-0.00412798,4325.0,0.0,61980,10,0.2,1.0,0.1,0,9,0.05,0.2,1,1
72,72,0.0,0.54774976,-0.2262594,-0.2464019,0.92246187,-0.1483352,2.4805408,-0.19000112,4.0002503,-0.11006365,0.0,0.16666669,-0.5,-0.5,0.5,-0.5,0.16666669,-0.5,0.5,-0.16666664,0.1,-0.00035195533,-0.008513923,224.0,0.0,61980,10,0.2,1.0,0.1,0,9,0.05,0.2,1,1
73,73,0.0,0.1786919,0.03505263,0.07715939,-0.35730416,-0.15583034,3.7273262,-0.4534062,4.001671,-0.13409139,0.0,-0.5,-0.16666664,-0.16666664,-0.5,-0.16666664,0.5,-0.5,0.16666669,-0.16666664,0.1,-0.0002961885,-0.0053105955,430.0,0.0,61980,10,0.2,1.0,0.1,0,9,0.05,0.2,1,1
74,74,0.0,1.9092078,0.065053456,0.1617974,0.08629253,0.124092415,-0.058834437,-0.1649299,4.0038958,-0.0466568,0.0,0.5,0.16666669,0.16666669,0.16666669,0.16666669,-0.16666664,-0.5,0.5,0.16666669,0.1,-0.00030806378,-0.007540613,315.0,0.0,61980,10,0.2,1.0,0.1,0,9,0.05,0.2,1,1
75,75,0.0,-0.5837349,1.6498333,1.966803,1.6829454,-0.37664926,4.002384,3.2112324,2.1559262,-0.6378885,0.0,-0.5,-0.16666664,-0.16666664,0.16666669,-0.16666664,0.5,0.5,0.16666669,-0.5,0.1,-0.00022014885,-0.0041894577,593.0,0.0,61980,10,0.2,1.0,0.1,0,9,0.05,0.2,1,1
76,76,0.0,-0.534738,1.7663089,0.40202335,0.2825004,-0.5635546,0.28227755,0.2956436,4.001409,-0.59875447,0.0,-0.5,0.5,-0.16666664,0.16666669,-0.5,-0.16666664,0.16666669,0.16666669,-0.5,0.1,-0.0010295255,-0.005008512,2295.0,0.0,61980,10,0.2,1.0,0.1,0,9,0.05,0.2,1,1
77,77,0.0,-0.025184533,-0.069235384,-0.10372579,-0.14641175,-0.18787475,-0.23546636,-0.31748587,-0.41748774,-0.27851805,0.0,0.16666669,-0.5,0.5,-0.5,0.5,0.16666669,-0.5,0.5,0.5,0.1,-9.540795e-05,-0.009660961,405.0,1.0,61980,10,0.2,1.0,0.1,0,9,0.05,0.2,1,1
78,78,0.0,-0.025245396,-0.06929451,-0.10378998,-0.14647146,-0.1879332,-0.23554657,-0.31755605,-0.41753915,-0.2785856,0.0,-0.16666664,-0.5,0.16666669,0.16666669,0.16666669,-0.5,-0.5,0.5,0.5,0.1,-7.008781e-05,-0.009660961,781.0,1.0,61980,10,0.2,1.0,0.1,0,9,0.05,0.2,1,1
79,79,0.0,-0.5242587,0.6416595,-0.6508592,2.1806061,-0.6310615,2.167544,4.0018826,-0.037937023,-0.49279603,0.0,-0.5,0.5,-0.16666664,0.5,-0.5,0.16666669,0.16666669,0.16666669,-0.16666664,0.1,-0.00028988312,-0.0052248095,1285.0,0.0,61980,10,0.2,1.0,0.1,0,9,0.05,0.2,1,1
80,80,0.0,-0.3889675,2.4472492,0.67098206,-0.51862913,-0.4257264,-0.2315606,-0.34164363,4.001577,-0.43922576,0.0,-0.5,0.5,0.16666669,-0.5,-0.5,-0.16666664,-0.16666664,0.5,-0.5,0.1,-0.0005080753,-0.004771242,480.0,0.0,61980,10,0.2,1.0,0.1,0,9,0.05,0.2,1,1
81,81,0.0,0.6815451,-0.088255584,2.0192254,-0.13849147,3.4911785,3.8246355,-0.16748331,4.0001373,-0.09870665,0.0,0.5,-0.16666664,0.16666669,-0.16666664,0.16666669,0.5,-0.16666664,0.5,-0.5,0.1,-0.00027571523,-0.014385502,297.0,0.0,61980,10,0.2,1.0,0.1,0,9,0.05,0.2,1,1
82,82,0.0,-0.7766048,-0.77762586,0.06236217,-0.21945636,-0.3285966,-0.30554453,-0.37134746,-0.42255035,-0.5443752,0.0,-0.5,-0.5,-0.16666664,0.16666669,0.16666669,0.16666669,0.16666669,0.16666669,-0.5,0.1,-0.00022790958,-0.003515898,500000.0,0.0,61980,10,0.2,1.0,0.1,0,9,0.05,0.2,1,1
83,83,0.0,-0.32750082,2.3125196,-0.04720473,4.0001354,3.5978196,1.8129181,-0.39941388,-0.5189033,-0.24685533,0.0,-0.5,0.5,-0.16666664,0.5,0.5,0.16666669,-0.5,-0.5,-0.16666664,0.1,-0.00024967126,-0.0074503752,270.0,0.0,61980,10,0.2,1.0,0.1,0,9,0.05,0.2,1,1
84,84,0.0,1.0709298,0.34198478,-0.22742604,-0.41939312,-0.4614007,-0.43640187,-0.5543324,4.0000596,-0.035629492,0.0,0.5,0.16666669,-0.5,-0.16666664,-0.5,-0.16666664,-0.5,0.5,0.16666669,0.1,-0.00017363897,-0.0029432217,479.0,0.0,61980,10,0.2,1.0,0.1,0,9,0.05,0.2,1,1
85,85,0.0,0.5796208,2.2384183,1.3369927,-0.23289609,-0.23145491,2.813841,4.0008316,3.4843624,-0.048571955,0.0,0.5,0.5,0.5,-0.16666664,-0.16666664,0.5,0.5,0.5,-0.16666664,0.1,-0.0004126052,-0.00683267,240.0,0.0,61980,10,0.2,1.0,0.1,0,9,0.05,0.2,1,1
86,86,0.0,-0.3728032,2.3895986,4.0011215,-0.8789169,-0.53247,3.6621199,-0.963495,-0.05954881,-0.951296,0.0,-0.16666664,0.5,0.5,-0.5,-0.16666664,0.5,-0.5,0.16666669,-0.5,0.1,-0.00045626546,-0.0055983975,1141.0,0.0,61980,10,0.2,1.0,0.1,0,9,0.05,0.2,1,1
87,87,0.0,-0.025260206,-0.069305554,-0.10379766,-0.1464751,-0.18793596,-0.23556209,-0.31757778,-0.41757792,-0.2786035,0.0,0.16666669,0.16666669,0.16666669,0.16666669,0.5,0.16666669,0.5,0.5,-0.5,0.1,-9.483186e-05,-0.00966096,1152.0,1.0,61980,10,0.2,1.0,0.1,0,9,0.05,0.2,1,1
88,88,0.0,0.10231997,0.005640099,0.07364122,-0.05255148,4.0024614,-0.2657391,-0.4299956,2.9552448,-0.1503207,0.0,-0.16666664,-0.16666664,-0.5,-0.16666664,0.16666669,-0.16666664,-0.5,0.5,0.16666669,0.1,-0.00013628867,-0.0065288334,725.0,0.0,61980,10,0.2,1.0,0.1,0,9,0.05,0.2,1,1
89,89,0.0,1.7525138,3.4015098,3.092339,2.319535,0.8673721,2.5786154,4.0009117,2.2789087,-0.011629631,0.0,0.5,0.16666669,0.5,0.5,-0.16666664,0.5,0.5,0.5,-0.16666664,0.1,-0.00041852426,-0.0075055338,340.0,0.0,61980,10,0.2,1.0,0.1,0,9,0.05,0.2,1,1
90,90,0.0,-0.3513179,-0.380221,1.3538216,-0.19521448,-0.24076654,-0.2590765,4.0011716,-0.20233853,-0.054547787,0.0,-0.5,-0.5,0.5,-0.5,-0.16666664,0.16666669,0.5,0.16666669,0.16666669,0.1,-3.138399e-05,-0.0037172455,1234.0,0.0,61980,10,0.2,1.0,0.1,0,9,0.05,0.2,1,1
91,91,0.0,2.4882238,1.0618736,-0.19911134,-0.26103365,2.9248645,-0.39086396,4.000504,-0.3587625,-0.15159257,0.0,-0.16666664,0.16666669,-0.16666664,-0.5,0.5,-0.5,0.5,-0.5,-0.16666664,0.1,-0.00084983296,-0.014206243,1020.0,0.0,61980,10,0.2,1.0,0.1,0,9,0.05,0.2,1,1
92,92,0.0,-0.19535393,-0.28664002,1.5179712,2.3850935,-0.22848925,2.5186985,4.002193,1.7685055,-0.22240096,0.0,-0.5,-0.5,0.5,0.5,-0.16666664,0.5,0.5,0.5,-0.16666664,0.1,-0.00010786108,-0.0044628396,209.0,0.0,61980,10,0.2,1.0,0.1,0,9,0.05,0.2,1,1
93,93,0.0,-0.07405121,-0.026393546,-0.15883234,4.002196,-0.14024463,-0.07513845,-0.14217468,-0.14625591,-0.16589226,0.0,-0.16666664,0.16666669,-0.16666664,0.5,-0.16666664,-0.16666664,-0.16666664,-0.5,-0.16666664,0.1,-0.00078778726,-0.007605925,757.0,0.0,61980,10,0.2,1.0,0.1,0,9,0.05,0.2,1,1
94,94,0.0,3.5069118,0.040334385,-0.15263784,-0.03421067,-0.20735434,4.0014167,-0.2915534,-0.46367374,-0.22719851,0.0,0.5,-0.5,-0.5,-0.16666664,-0.5,0.5,-0.5,-0.5,0.16666669,0.1,-0.00045195685,-0.009715131,336.0,0.0,61980,10,0.2,1.0,0.1,0,9,0.05,0.2,1,1
95,95,0.0,0.7371865,-0.044695333,1.4696982,-0.0830086,1.1211604,-0.23804188,-0.3346647,4.000564,-0.06608284,0.0,0.16666669,0.16666669,0.5,-0.5,0.5,-0.5,-0.5,0.5,-0.16666664,0.1,-0.0004552279,-0.00874103,1337.0,0.0,61980,10,0.2,1.0,0.1,0,9,0.05,0.2,1,1
96,96,0.0,2.3164577,4.001324,3.1267602,0.3390218,0.1549456,0.34249306,-0.5456302,-0.10104534,-0.5470386,0.0,0.5,0.16666669,0.16666669,0.16666669,-0.16666664,0.16666669,-0.5,-0.16666664,-0.5,0.1,-0.0012017171,-0.0060516163,1291.0,0.0,61980,10,0.2,1.0,0.1,0,9,0.05,0.2,1,1
97,97,0.0,1.4120655,-0.36546543,-0.09762273,-0.054196756,-0.35992104,0.013287762,4.0004783,-0.38822436,-0.08193986,0.0,0.5,-0.5,-0.5,-0.16666664,-0.16666664,0.16666669,0.5,-0.16666664,0.16666669,0.1,-0.0001367717,-0.0058375187,1539.0,0.0,61980,10,0.2,1.0,0.1,0,9,0.05,0.2,1,1
98,98,0.0,-0.025294818,-0.06933339,-0.103825934,-0.14649405,-0.18795651,-0.23559758,-0.31759605,-0.41757601,-0.2786277,0.0,0.5,0.5,0.16666669,-0.5,0.16666669,0.5,0.5,-0.16666664,0.5,0.1,-0.000119772,-0.009660957,1018.0,1.0,61980,10,0.2,1.0,0.1,0,9,0.05,0.2,1,1
99,99,0.0,0.42144266,-0.19718955,-0.23467332,1.462052,3.4124386,-0.12231499,4.0052547,2.7003903,-0.09000463,0.0,0.5,-0.16666664,-0.16666664,0.5,0.5,0.16666669,0.5,0.5,0.16666669,0.1,-0.00018017668,-0.007040558,293.0,0.0,61980,10,0.2,1.0,0.1,0,9,0.05,0.2,1,1
