,Unnamed: 0,e1,e2,e3,e4,e5,e6,e7,e8,e9,e10,e0_1,e0_2,e0_3,e0_4,e0_5,e0_6,e0_7,e0_8,e0_9,e0_10,Gamma,eta0,eta,count,success,seed,N,Jmax,alpha,gleak,ex,lk,rate,T,pl,all
0,0,0.0,0.2675914,0.07443937,0.11051032,0.045554373,0.018060524,-0.041877117,-0.15810105,-0.36680865,-0.22731046,0.0,-0.5,-0.5,0.16666669,0.16666669,0.5,-0.16666664,-0.16666664,0.16666669,-0.5,0.1,-0.00039372974,-0.011332579,4000.0,1.0,12625,10,0.2,3.0,0.1,0,9,0.05,0.2,1,1
1,1,0.0,0.26754546,0.074429296,0.110472806,0.04551418,0.017997822,-0.04196964,-0.15817215,-0.36679813,-0.22732952,0.0,-0.16666664,-0.5,0.5,-0.5,-0.5,0.5,0.5,-0.5,0.5,0.1,-1.4289019e-05,-0.01133258,287.0,1.0,12625,10,0.2,3.0,0.1,0,9,0.05,0.2,1,1
2,2,0.0,0.26757616,0.07443734,0.110495694,0.04553512,0.018039066,-0.041914545,-0.15812865,-0.36680406,-0.2273159,0.0,-0.5,-0.16666664,0.5,0.5,0.5,-0.5,0.16666669,0.16666669,0.16666669,0.1,-3.636427e-05,-0.011332574,519.0,1.0,12625,10,0.2,3.0,0.1,0,9,0.05,0.2,1,1
3,3,0.0,0.26755378,0.07442695,0.11045495,0.04549043,0.01799821,-0.041957542,-0.1581811,-0.36680543,-0.22733277,0.0,0.16666669,-0.16666664,-0.5,-0.16666664,-0.16666664,0.5,-0.16666664,0.16666669,-0.16666664,0.1,-0.0009969181,-0.011332573,284.0,1.0,12625,10,0.2,3.0,0.1,0,9,0.05,0.2,1,1
4,4,0.0,0.26753473,0.07442609,0.1104518,0.045493413,0.017987749,-0.041974533,-0.1581905,-0.36680466,-0.22733678,0.0,-0.16666664,0.5,0.16666669,0.16666669,0.16666669,-0.16666664,0.16666669,0.5,0.16666669,0.1,-0.0013157035,-0.011332569,498.0,1.0,12625,10,0.2,3.0,0.1,0,9,0.05,0.2,1,1
5,5,0.0,0.26758578,0.074436985,0.11049654,0.045534875,0.01805316,-0.04188919,-0.15811254,-0.36680475,-0.22731309,0.0,-0.5,-0.16666664,-0.16666664,-0.5,0.5,-0.16666664,0.16666669,-0.5,-0.16666664,0.1,-0.00021302621,-0.011332574,1327.0,1.0,12625,10,0.2,3.0,0.1,0,9,0.05,0.2,1,1
6,6,0.0,0.2676371,0.07444837,0.11054716,0.045574285,0.018081777,-0.04188631,-0.15809597,-0.36680228,-0.22729132,0.0,0.16666669,-0.16666664,-0.16666664,-0.16666664,-0.16666664,-0.5,-0.16666664,-0.16666664,0.5,0.1,-0.00040877276,-0.011332578,194.0,1.0,12625,10,0.2,3.0,0.1,0,9,0.05,0.2,1,1
7,7,0.0,0.26759896,0.07444281,0.11051529,0.045554403,0.018066233,-0.04187976,-0.15809852,-0.36680615,-0.22730564,0.0,-0.5,-0.16666664,-0.16666664,-0.5,-0.5,0.5,-0.16666664,-0.5,-0.16666664,0.1,-0.00023589081,-0.011332578,995.0,1.0,12625,10,0.2,3.0,0.1,0,9,0.05,0.2,1,1
8,8,0.0,0.2677011,0.0744555,0.11057579,0.04559549,0.018135551,-0.041797724,-0.15803018,-0.36681044,-0.22727482,0.0,-0.16666664,0.16666669,0.16666669,-0.5,0.16666669,-0.16666664,0.16666669,-0.5,0.5,0.1,-0.00032497928,-0.011332575,222.0,1.0,12625,10,0.2,3.0,0.1,0,9,0.05,0.2,1,1
9,9,0.0,0.26757464,0.074432045,0.110472366,0.045508455,0.018016107,-0.041935198,-0.15816574,-0.36681634,-0.22732541,0.0,-0.16666664,-0.16666664,-0.5,-0.16666664,-0.5,0.5,0.16666669,0.16666669,-0.16666664,0.1,-0.00010483137,-0.011332571,263.0,1.0,12625,10,0.2,3.0,0.1,0,9,0.05,0.2,1,1
10,10,0.0,0.26750624,0.07442015,0.11043142,0.04547776,0.017964937,-0.041997194,-0.15820652,-0.3667996,-0.22734767,0.0,0.16666669,-0.5,0.5,-0.16666664,0.16666669,0.16666669,0.5,0.5,-0.16666664,0.1,-4.0191553e-05,-0.011332568,396.0,1.0,12625,10,0.2,3.0,0.1,0,9,0.05,0.2,1,1
11,11,0.0,0.26757842,0.074437164,0.11049627,0.045535598,0.018042302,-0.041906446,-0.15812361,-0.36680502,-0.22731517,0.0,-0.5,0.5,0.16666669,-0.5,-0.5,0.16666669,-0.5,-0.5,-0.5,0.1,-0.00014262793,-0.011332578,800.0,1.0,12625,10,0.2,3.0,0.1,0,9,0.05,0.2,1,1
12,12,0.0,0.2675675,0.074432455,0.110471785,0.045509983,0.01801108,-0.041951235,-0.15816548,-0.3668032,-0.22732513,0.0,0.5,-0.16666664,-0.16666664,0.5,0.5,-0.16666664,0.16666669,0.5,-0.5,0.1,-6.855834e-05,-0.011332569,303.0,1.0,12625,10,0.2,3.0,0.1,0,9,0.05,0.2,1,1
13,13,0.0,0.2675279,0.07442617,0.11044696,0.045490757,0.017980175,-0.041987024,-0.15819822,-0.3668027,-0.22733903,0.0,0.5,0.5,0.16666669,0.16666669,0.16666669,0.16666669,0.16666669,-0.16666664,0.16666669,0.1,-0.0017402373,-0.011332578,505.0,1.0,12625,10,0.2,3.0,0.1,0,9,0.05,0.2,1,1
14,14,0.0,0.2677023,0.07446745,0.1106,0.045620248,0.018140437,-0.04181623,-0.15802568,-0.3667978,-0.2272625,0.0,0.5,-0.5,0.16666669,-0.16666664,-0.5,0.5,-0.5,-0.16666664,0.16666669,0.1,-0.00034997702,-0.011332579,236.0,1.0,12625,10,0.2,3.0,0.1,0,9,0.05,0.2,1,1
15,15,0.0,0.267606,0.074442595,0.11051674,0.045550663,0.018064765,-0.04188629,-0.15809798,-0.3667922,-0.22730483,0.0,0.5,-0.5,-0.5,0.16666669,-0.5,-0.5,0.5,-0.16666664,-0.16666664,0.1,-0.0005532806,-0.011332573,683.0,1.0,12625,10,0.2,3.0,0.1,0,9,0.05,0.2,1,1
16,16,0.0,0.26760706,0.074449815,0.11051444,0.045544174,0.018049132,-0.041925434,-0.15812865,-0.36679232,-0.22730424,0.0,-0.5,-0.16666664,-0.16666664,-0.16666664,-0.16666664,-0.5,0.16666669,-0.16666664,0.5,0.1,-0.00022262475,-0.011332571,213.0,1.0,12625,10,0.2,3.0,0.1,0,9,0.05,0.2,1,1
17,17,0.0,0.26759547,0.07443857,0.110499404,0.04553395,0.018035661,-0.041920442,-0.15814778,-0.36682072,-0.22731644,0.0,-0.16666664,-0.16666664,0.5,-0.5,-0.5,0.5,0.16666669,0.16666669,0.16666669,0.1,-2.800646e-05,-0.011332571,272.0,1.0,12625,10,0.2,3.0,0.1,0,9,0.05,0.2,1,1
18,18,0.0,0.2676719,0.07446179,0.11055553,0.04558397,0.018108567,-0.04183514,-0.15806335,-0.3668134,-0.22728522,0.0,-0.5,0.5,-0.5,0.5,-0.5,-0.16666664,0.16666669,0.5,-0.16666664,0.1,-0.00021709866,-0.011332578,232.0,1.0,12625,10,0.2,3.0,0.1,0,9,0.05,0.2,1,1
19,19,0.0,0.26753035,0.074425705,0.110448115,0.045488905,0.017983653,-0.041981094,-0.15819244,-0.36680028,-0.22733796,0.0,-0.5,-0.5,-0.16666664,0.5,0.16666669,-0.5,-0.16666664,0.5,0.5,0.1,-2.3112623e-05,-0.011332564,421.0,1.0,12625,10,0.2,3.0,0.1,0,9,0.05,0.2,1,1
20,20,0.0,0.26766467,0.074454226,0.11055074,0.04558164,0.018124163,-0.041799504,-0.15803468,-0.3668107,-0.22728153,0.0,0.16666669,-0.16666664,0.16666669,-0.16666664,0.5,-0.16666664,-0.5,-0.5,0.5,0.1,-0.0006984215,-0.011332573,197.0,1.0,12625,10,0.2,3.0,0.1,0,9,0.05,0.2,1,1
21,21,0.0,0.26756695,0.07443215,0.110466965,0.04550541,0.018012807,-0.04194075,-0.15816481,-0.3668078,-0.22732683,0.0,0.16666669,0.16666669,-0.16666664,0.16666669,0.5,-0.16666664,-0.16666664,0.16666669,-0.16666664,0.1,-0.00043140442,-0.011332579,217.0,1.0,12625,10,0.2,3.0,0.1,0,9,0.05,0.2,1,1
22,22,0.0,0.26769486,0.0744618,0.110584885,0.045606524,0.018139577,-0.04181231,-0.15801807,-0.36678976,-0.22726387,0.0,-0.16666664,-0.16666664,-0.16666664,0.16666669,-0.5,-0.16666664,0.5,-0.5,0.16666669,0.1,-0.00022179451,-0.011332578,212.0,1.0,12625,10,0.2,3.0,0.1,0,9,0.05,0.2,1,1
23,23,0.0,0.26755828,0.074431516,0.1104784,0.045520604,0.018021882,-0.04192874,-0.15814535,-0.3668045,-0.22732411,0.0,-0.16666664,-0.16666664,0.5,-0.16666664,-0.16666664,0.16666669,0.5,-0.16666664,0.16666669,0.1,-0.00036474952,-0.011332576,376.0,1.0,12625,10,0.2,3.0,0.1,0,9,0.05,0.2,1,1
24,24,0.0,0.2675944,0.07444254,0.11050829,0.04554227,0.018039588,-0.04192886,-0.15813395,-0.3668009,-0.22730953,0.0,0.16666669,0.5,-0.5,0.16666669,-0.16666664,-0.16666664,-0.5,-0.5,-0.5,0.1,-0.00058370543,-0.011332567,1006.0,1.0,12625,10,0.2,3.0,0.1,0,9,0.05,0.2,1,1
25,25,0.0,0.26755348,0.07443347,0.11047672,0.045516677,0.018002657,-0.041965045,-0.15816773,-0.36679992,-0.22732653,0.0,0.16666669,0.5,0.16666669,0.5,-0.5,-0.5,0.5,0.16666669,-0.5,0.1,-5.0579692e-05,-0.011332571,631.0,1.0,12625,10,0.2,3.0,0.1,0,9,0.05,0.2,1,1
26,26,0.0,0.26757804,0.07443899,0.11049959,0.04554024,0.018043503,-0.041910086,-0.15812434,-0.36680526,-0.22731519,0.0,-0.5,-0.16666664,0.16666669,-0.16666664,-0.16666664,-0.5,0.5,0.5,-0.5,0.1,-5.797067e-05,-0.011332572,827.0,1.0,12625,10,0.2,3.0,0.1,0,9,0.05,0.2,1,1
27,27,0.0,0.26757318,0.07443831,0.1104955,0.04553583,0.018036107,-0.041922253,-0.15813197,-0.36680153,-0.22731583,0.0,-0.5,0.16666669,0.5,-0.5,-0.16666664,-0.16666664,0.16666669,-0.5,0.16666669,0.1,-0.00043923088,-0.011332574,529.0,1.0,12625,10,0.2,3.0,0.1,0,9,0.05,0.2,1,1
28,28,0.0,0.26762897,0.074448004,0.110531166,0.045551784,0.018050019,-0.041921884,-0.15812278,-0.36679193,-0.22730051,0.0,-0.5,0.16666669,0.5,-0.16666664,-0.5,-0.5,-0.5,0.16666669,0.5,0.1,-5.153518e-05,-0.011332578,210.0,1.0,12625,10,0.2,3.0,0.1,0,9,0.05,0.2,1,1
29,29,0.0,0.26770765,0.07447274,0.11059757,0.045620617,0.018164363,-0.04177199,-0.15798773,-0.3667945,-0.22725874,0.0,-0.5,0.5,0.16666669,0.5,0.5,0.16666669,0.16666669,-0.16666664,0.16666669,0.1,-0.00010252096,-0.011332571,353.0,1.0,12625,10,0.2,3.0,0.1,0,9,0.05,0.2,1,1
30,30,0.0,0.26754162,0.07442701,0.11045464,0.045494378,0.017983438,-0.04198399,-0.15819365,-0.36680138,-0.22733514,0.0,-0.5,-0.16666664,0.5,-0.16666664,-0.5,-0.16666664,0.16666669,0.16666669,0.16666669,0.1,-0.00029477137,-0.011332571,277.0,1.0,12625,10,0.2,3.0,0.1,0,9,0.05,0.2,1,1
31,31,0.0,0.26766443,0.07445886,0.11055653,0.045581467,0.018081466,-0.04188455,-0.15810685,-0.366827,-0.22728924,0.0,0.5,-0.5,0.5,-0.16666664,-0.5,0.16666669,0.16666669,0.5,-0.16666664,0.1,-9.035827e-05,-0.011332576,243.0,1.0,12625,10,0.2,3.0,0.1,0,9,0.05,0.2,1,1
32,32,0.0,0.26758167,0.074430585,0.11046739,0.04550118,0.018028866,-0.041909646,-0.15814477,-0.36680907,-0.22732273,0.0,0.5,0.5,-0.5,-0.5,0.16666669,-0.16666664,0.5,-0.16666664,-0.5,0.1,-9.257488e-05,-0.011332577,450.0,1.0,12625,10,0.2,3.0,0.1,0,9,0.05,0.2,1,1
33,33,0.0,0.26760286,0.07443455,0.11048487,0.04551412,0.018038249,-0.04190257,-0.15813737,-0.36681265,-0.22731772,0.0,-0.16666664,-0.16666664,0.16666669,0.16666669,-0.5,-0.5,0.16666669,-0.16666664,0.5,0.1,-0.00020279386,-0.011332569,218.0,1.0,12625,10,0.2,3.0,0.1,0,9,0.05,0.2,1,1
34,34,0.0,0.2675707,0.07443535,0.110483505,0.04551883,0.018009098,-0.041959118,-0.15817098,-0.36680624,-0.22732322,0.0,0.5,0.16666669,-0.5,0.5,-0.5,0.16666669,0.5,0.16666669,-0.16666664,0.1,-8.687583e-05,-0.011332585,635.0,1.0,12625,10,0.2,3.0,0.1,0,9,0.05,0.2,1,1
35,35,0.0,0.26752624,0.074426204,0.110453784,0.045498233,0.01798828,-0.04197751,-0.1581846,-0.36679935,-0.22733688,0.0,-0.5,0.5,0.16666669,0.16666669,-0.5,0.5,-0.5,-0.16666664,0.16666669,0.1,-6.144857e-05,-0.011332563,305.0,1.0,12625,10,0.2,3.0,0.1,0,9,0.05,0.2,1,1
36,36,0.0,0.26757145,0.074431725,0.11047792,0.04551195,0.018010328,-0.041947823,-0.15816255,-0.3668045,-0.2273241,0.0,0.5,-0.16666664,0.16666669,-0.16666664,-0.5,0.5,0.5,0.16666669,-0.16666664,0.1,-3.6492936e-05,-0.011332583,433.0,1.0,12625,10,0.2,3.0,0.1,0,9,0.05,0.2,1,1
37,37,0.0,0.2675402,0.074428745,0.1104595,0.04550487,0.018005911,-0.0419466,-0.15816191,-0.366802,-0.22733133,0.0,-0.5,0.5,-0.5,0.16666669,-0.16666664,0.16666669,0.16666669,-0.16666664,0.16666669,0.1,-0.00019434419,-0.011332577,353.0,1.0,12625,10,0.2,3.0,0.1,0,9,0.05,0.2,1,1
38,38,0.0,0.26755026,0.07443098,0.11046438,0.0455054,0.018001879,-0.04196046,-0.15817782,-0.36680704,-0.22733058,0.0,-0.16666664,0.16666669,0.16666669,0.5,0.5,0.5,-0.16666664,0.5,0.5,0.1,-0.00023807278,-0.011332574,420.0,1.0,12625,10,0.2,3.0,0.1,0,9,0.05,0.2,1,1
39,39,0.0,0.26760814,0.074441254,0.11050029,0.045529995,0.018058764,-0.0418797,-0.15811348,-0.3668078,-0.2273072,0.0,0.16666669,0.5,0.5,0.16666669,0.5,-0.5,-0.5,-0.16666664,0.5,0.1,-0.00018751228,-0.011332567,188.0,1.0,12625,10,0.2,3.0,0.1,0,9,0.05,0.2,1,1
40,40,0.0,0.26770455,0.07446744,0.11060001,0.045622397,0.018143037,-0.041814584,-0.15802136,-0.36679927,-0.22726268,0.0,-0.16666664,-0.5,-0.5,-0.5,-0.5,0.5,-0.16666664,0.16666669,0.5,0.1,-4.4552864e-05,-0.011332574,233.0,1.0,12625,10,0.2,3.0,0.1,0,9,0.05,0.2,1,1
41,41,0.0,0.26761314,0.074443296,0.110503055,0.045530576,0.01803424,-0.041930616,-0.15815258,-0.3668177,-0.2273093,0.0,0.5,-0.5,-0.5,-0.5,-0.16666664,0.16666669,0.16666669,0.5,-0.16666664,0.1,-7.589242e-05,-0.011332579,203.0,1.0,12625,10,0.2,3.0,0.1,0,9,0.05,0.2,1,1
42,42,0.0,0.26759115,0.07443738,0.11049192,0.04552622,0.018028481,-0.041925136,-0.15815657,-0.3668255,-0.22732075,0.0,0.5,0.5,-0.16666664,-0.16666664,0.16666669,0.5,-0.16666664,0.5,-0.16666664,0.1,-0.00019768532,-0.011332569,362.0,1.0,12625,10,0.2,3.0,0.1,0,9,0.05,0.2,1,1
43,43,0.0,0.2675723,0.07443598,0.110489346,0.045531094,0.018035335,-0.04191241,-0.15813778,-0.36681727,-0.22732115,0.0,-0.5,0.16666669,-0.16666664,0.16666669,-0.5,-0.5,-0.5,0.16666669,0.5,0.1,-5.5086515e-05,-0.011332572,247.0,1.0,12625,10,0.2,3.0,0.1,0,9,0.05,0.2,1,1
44,44,0.0,0.2675146,0.07442203,0.11043328,0.045477685,0.017968968,-0.04199504,-0.15820593,-0.36680004,-0.2273439,0.0,0.16666669,0.16666669,0.16666669,0.5,-0.16666664,0.5,0.16666669,-0.5,0.16666669,0.1,-0.00024381354,-0.0113325715,391.0,1.0,12625,10,0.2,3.0,0.1,0,9,0.05,0.2,1,1
45,45,0.0,0.26754856,0.07442483,0.11045176,0.045488622,0.017993962,-0.041962065,-0.15818591,-0.3668063,-0.22733444,0.0,0.16666669,-0.5,-0.5,-0.5,0.5,-0.5,-0.5,-0.16666664,0.16666669,0.1,-0.00010402351,-0.011332571,319.0,1.0,12625,10,0.2,3.0,0.1,0,9,0.05,0.2,1,1
46,46,0.0,0.26767686,0.07446721,0.110573374,0.04560334,0.018129604,-0.041814618,-0.1580383,-0.36681655,-0.22727813,0.0,-0.16666664,-0.5,-0.16666664,0.16666669,0.5,0.16666669,-0.5,-0.5,0.5,0.1,-0.00011514876,-0.01133258,225.0,1.0,12625,10,0.2,3.0,0.1,0,9,0.05,0.2,1,1
47,47,0.0,0.26756817,0.07443284,0.11048186,0.04551737,0.018010376,-0.041959364,-0.15816803,-0.36680138,-0.22732043,0.0,0.5,-0.5,-0.5,-0.16666664,0.16666669,0.16666669,0.5,-0.5,-0.5,0.1,-2.6994592e-05,-0.011332574,211.0,1.0,12625,10,0.2,3.0,0.1,0,9,0.05,0.2,1,1
48,48,0.0,0.26767442,0.074450724,0.11056366,0.045586284,0.018107953,-0.041837234,-0.15806822,-0.36681697,-0.22728272,0.0,-0.16666664,0.16666669,0.16666669,0.16666669,-0.16666664,-0.16666664,0.5,-0.16666664,-0.5,0.1,-0.0009408441,-0.0113325715,195.0,1.0,12625,10,0.2,3.0,0.1,0,9,0.05,0.2,1,1
49,49,0.0,0.26754877,0.07442833,0.11045888,0.04549733,0.017990505,-0.04197519,-0.1581856,-0.36680087,-0.22733206,0.0,0.5,-0.16666664,-0.16666664,0.5,-0.5,-0.16666664,-0.5,-0.16666664,-0.16666664,0.1,-0.0007357441,-0.011332572,272.0,1.0,12625,10,0.2,3.0,0.1,0,9,0.05,0.2,1,1
50,50,0.0,0.26757154,0.07442879,0.110480234,0.045519732,0.018024337,-0.041918386,-0.15815553,-0.36682564,-0.22732733,0.0,-0.16666664,0.16666669,0.16666669,0.16666669,-0.16666664,0.5,-0.5,-0.16666664,0.5,0.1,-0.00016174097,-0.011332575,323.0,1.0,12625,10,0.2,3.0,0.1,0,9,0.05,0.2,1,1
51,51,0.0,0.26755258,0.07443069,0.11046709,0.045504365,0.017999781,-0.04196615,-0.15817308,-0.3667968,-0.2273281,0.0,-0.16666664,-0.5,-0.16666664,0.16666669,0.5,-0.16666664,-0.16666664,0.5,0.5,0.1,-3.9448896e-05,-0.011332563,380.0,1.0,12625,10,0.2,3.0,0.1,0,9,0.05,0.2,1,1
52,52,0.0,0.26757777,0.07443834,0.1104984,0.045532912,0.018031105,-0.041940257,-0.15813527,-0.36678368,-0.2273131,0.0,0.5,-0.16666664,0.16666669,0.5,-0.5,0.16666669,-0.5,-0.16666664,-0.5,0.1,-0.00021927306,-0.01133257,404.0,1.0,12625,10,0.2,3.0,0.1,0,9,0.05,0.2,1,1
53,53,0.0,0.26760793,0.07444439,0.11051125,0.045539934,0.018035777,-0.041937266,-0.15814607,-0.3668033,-0.22730866,0.0,0.16666669,-0.16666664,-0.5,-0.16666664,0.5,0.16666669,-0.16666664,0.5,0.16666669,0.1,-9.7312935e-05,-0.011332574,274.0,1.0,12625,10,0.2,3.0,0.1,0,9,0.05,0.2,1,1
54,54,0.0,0.26771104,0.07446581,0.110594966,0.045618735,0.01814354,-0.04179629,-0.158032,-0.36683273,-0.22726896,0.0,-0.16666664,0.5,-0.16666664,-0.16666664,-0.16666664,-0.5,-0.16666664,0.16666669,0.5,0.1,-0.00022263499,-0.011332583,297.0,1.0,12625,10,0.2,3.0,0.1,0,9,0.05,0.2,1,1
55,55,0.0,0.26757765,0.07443711,0.110489935,0.045524582,0.018019322,-0.041947413,-0.15815498,-0.36680073,-0.22732002,0.0,0.5,-0.16666664,-0.16666664,-0.16666664,-0.16666664,-0.5,0.5,-0.5,-0.16666664,0.1,-0.0023725568,-0.011332579,250.0,1.0,12625,10,0.2,3.0,0.1,0,9,0.05,0.2,1,1
56,56,0.0,0.26752338,0.074424185,0.110440135,0.045485098,0.017975397,-0.041987706,-0.15819967,-0.36679995,-0.22734144,0.0,-0.5,0.5,-0.5,-0.16666664,0.5,0.16666669,-0.16666664,0.5,-0.16666664,0.1,-6.0268318e-05,-0.011332575,249.0,1.0,12625,10,0.2,3.0,0.1,0,9,0.05,0.2,1,1
57,57,0.0,0.26758453,0.07443817,0.1105025,0.045542013,0.018051447,-0.04189665,-0.1581159,-0.36680627,-0.2273129,0.0,-0.5,-0.5,0.5,-0.16666664,-0.16666664,0.5,0.16666669,-0.16666664,-0.16666664,0.1,-0.00064246834,-0.011332576,793.0,1.0,12625,10,0.2,3.0,0.1,0,9,0.05,0.2,1,1
58,58,0.0,0.26757416,0.07443328,0.11047407,0.045513283,0.018026903,-0.04192245,-0.15814604,-0.36680627,-0.227322,0.0,-0.16666664,-0.16666664,-0.5,0.16666669,-0.16666664,0.16666669,0.5,0.16666669,-0.5,0.1,-0.000114126764,-0.011332576,374.0,1.0,12625,10,0.2,3.0,0.1,0,9,0.05,0.2,1,1
59,59,0.0,0.26757503,0.07443764,0.110495456,0.045535717,0.018038632,-0.041915562,-0.15812993,-0.3668044,-0.22731614,0.0,-0.5,0.5,0.5,-0.5,0.16666669,-0.5,0.5,0.16666669,0.16666669,0.1,-5.0354196e-05,-0.011332575,455.0,1.0,12625,10,0.2,3.0,0.1,0,9,0.05,0.2,1,1
60,60,0.0,0.26770166,0.07446954,0.11059685,0.045613118,0.018109893,-0.041863643,-0.15807407,-0.36682025,-0.2272706,0.0,-0.5,-0.5,0.5,-0.5,-0.16666664,0.16666669,-0.5,0.5,0.5,0.1,-3.0515588e-05,-0.011332567,279.0,1.0,12625,10,0.2,3.0,0.1,0,9,0.05,0.2,1,1
61,61,0.0,0.26762238,0.074449755,0.11053824,0.04556666,0.018049464,-0.041925345,-0.15813082,-0.36681256,-0.22730188,0.0,0.5,-0.5,-0.5,-0.5,-0.5,0.16666669,0.16666669,0.16666669,0.5,0.1,-7.060239e-05,-0.011332574,285.0,1.0,12625,10,0.2,3.0,0.1,0,9,0.05,0.2,1,1
62,62,0.0,0.26776606,0.07447523,0.110638164,0.045652416,0.018201053,-0.041724164,-0.15796256,-0.36681768,-0.22724625,0.0,0.16666669,-0.16666664,0.16666669,-0.16666664,0.5,0.5,0.5,-0.16666664,-0.5,0.1,-9.104021e-05,-0.011332572,190.0,1.0,12625,10,0.2,3.0,0.1,0,9,0.05,0.2,1,1
63,63,0.0,0.26764765,0.07445428,0.11055396,0.045589637,0.018113283,-0.041811824,-0.15803681,-0.3668118,-0.22728692,0.0,0.16666669,0.5,-0.5,-0.5,-0.16666664,-0.16666664,-0.5,-0.16666664,0.5,0.1,-0.00023869866,-0.011332573,191.0,1.0,12625,10,0.2,3.0,0.1,0,9,0.05,0.2,1,1
64,64,0.0,0.26771972,0.07446458,0.11058526,0.04560903,0.018167961,-0.041749764,-0.15799476,-0.3668196,-0.22726616,0.0,0.16666669,0.16666669,-0.5,-0.5,0.5,-0.5,0.5,-0.5,0.5,0.1,-9.0916314e-05,-0.011332576,221.0,1.0,12625,10,0.2,3.0,0.1,0,9,0.05,0.2,1,1
65,65,0.0,0.26756337,0.07442862,0.110462405,0.04549388,0.017997501,-0.04196187,-0.15817937,-0.36680135,-0.22732803,0.0,0.16666669,0.5,-0.5,-0.5,-0.5,0.5,0.16666669,0.16666669,0.16666669,0.1,-3.0331023e-05,-0.011332573,228.0,1.0,12625,10,0.2,3.0,0.1,0,9,0.05,0.2,1,1
66,66,0.0,0.26756144,0.074433796,0.1104739,0.04551224,0.018005054,-0.04196343,-0.15817723,-0.36680642,-0.22732717,0.0,-0.16666664,0.5,-0.16666664,0.5,0.5,-0.16666664,0.16666669,-0.5,0.5,0.1,-0.00026523563,-0.011332571,279.0,1.0,12625,10,0.2,3.0,0.1,0,9,0.05,0.2,1,1
67,67,0.0,0.2675629,0.07443411,0.1104697,0.045508094,0.018002454,-0.04196254,-0.15817143,-0.36679757,-0.2273265,0.0,-0.16666664,0.5,-0.16666664,-0.16666664,-0.5,-0.16666664,-0.16666664,0.16666669,0.16666669,0.1,-0.00072464143,-0.0113325715,200.0,1.0,12625,10,0.2,3.0,0.1,0,9,0.05,0.2,1,1
68,68,0.0,0.2675323,0.074427314,0.11045434,0.045495998,0.017988365,-0.041978404,-0.15818542,-0.36679697,-0.22733514,0.0,-0.16666664,0.5,0.16666669,-0.16666664,-0.5,0.5,-0.5,0.5,0.5,0.1,-2.6024112e-05,-0.011332573,518.0,1.0,12625,10,0.2,3.0,0.1,0,9,0.05,0.2,1,1
69,69,0.0,0.2675509,0.07443047,0.11047003,0.045511436,0.018010413,-0.041946933,-0.1581637,-0.3668052,-0.2273279,0.0,0.16666669,0.16666669,0.16666669,-0.16666664,0.5,-0.16666664,0.5,0.5,0.5,0.1,-0.00039127562,-0.011332577,462.0,1.0,12625,10,0.2,3.0,0.1,0,9,0.05,0.2,1,1
70,70,0.0,0.2675579,0.07443255,0.11047839,0.04551974,0.018020019,-0.0419356,-0.15814848,-0.36680183,-0.2273235,0.0,-0.16666664,-0.5,0.16666669,-0.16666664,-0.5,0.16666669,0.5,-0.16666664,0.16666669,0.1,-9.500243e-05,-0.011332573,367.0,1.0,12625,10,0.2,3.0,0.1,0,9,0.05,0.2,1,1
71,71,0.0,0.26757342,0.07443596,0.11049403,0.045535054,0.018037898,-0.04191513,-0.15813206,-0.36680582,-0.22731711,0.0,-0.16666664,-0.16666664,0.5,0.5,-0.5,0.5,-0.16666664,-0.16666664,0.16666669,0.1,-5.2295964e-05,-0.011332574,812.0,1.0,12625,10,0.2,3.0,0.1,0,9,0.05,0.2,1,1
72,72,0.0,0.2675372,0.07442846,0.11045905,0.045500353,0.017996425,-0.041968353,-0.15817669,-0.36679873,-0.22733201,0.0,0.16666669,0.5,0.5,-0.16666664,0.16666669,-0.16666664,0.5,-0.16666664,-0.16666664,0.1,-0.00056698,-0.011332579,388.0,1.0,12625,10,0.2,3.0,0.1,0,9,0.05,0.2,1,1
73,73,0.0,0.26756653,0.07443173,0.11048317,0.045518056,0.018013364,-0.041948654,-0.15815392,-0.36679155,-0.22732127,0.0,0.5,0.16666669,-0.5,0.5,-0.16666664,0.5,0.16666669,0.5,-0.5,0.1,-3.0349478e-05,-0.011332579,270.0,1.0,12625,10,0.2,3.0,0.1,0,9,0.05,0.2,1,1
74,74,0.0,0.26764828,0.07445322,0.11055859,0.045588914,0.018105729,-0.041850403,-0.15805654,-0.36679107,-0.2272833,0.0,0.16666669,0.16666669,-0.5,-0.16666664,-0.5,-0.5,-0.5,0.16666669,0.16666669,0.1,-0.00024751812,-0.01133258,187.0,1.0,12625,10,0.2,3.0,0.1,0,9,0.05,0.2,1,1
75,75,0.0,0.26764563,0.07445613,0.11055437,0.04558065,0.018079937,-0.041892737,-0.15809353,-0.3667991,-0.22728825,0.0,0.5,0.16666669,-0.5,-0.5,0.16666669,0.16666669,0.5,0.5,-0.5,0.1,-1.49901825e-05,-0.011332573,253.0,1.0,12625,10,0.2,3.0,0.1,0,9,0.05,0.2,1,1
76,76,0.0,0.26772466,0.07446231,0.11060582,0.045621388,0.018173585,-0.041747745,-0.15798186,-0.36680976,-0.2272575,0.0,0.16666669,-0.16666664,-0.16666664,0.16666669,0.5,0.5,0.16666669,0.16666669,-0.5,0.1,-0.00027300263,-0.011332578,204.0,1.0,12625,10,0.2,3.0,0.1,0,9,0.05,0.2,1,1
77,77,0.0,0.26756915,0.07443529,0.11048842,0.045529537,0.018033152,-0.041917443,-0.15813361,-0.36680442,-0.2273191,0.0,-0.5,0.5,0.16666669,-0.16666664,0.16666669,-0.5,-0.16666664,0.16666669,0.16666669,0.1,-0.00018394,-0.011332572,350.0,1.0,12625,10,0.2,3.0,0.1,0,9,0.05,0.2,1,1
78,78,0.0,0.26756832,0.074432135,0.1104764,0.045512065,0.018007053,-0.041953832,-0.15817258,-0.36680916,-0.22732647,0.0,0.5,-0.16666664,-0.16666664,0.16666669,-0.16666664,0.5,0.16666669,-0.5,-0.5,0.1,-0.00039454494,-0.011332582,442.0,1.0,12625,10,0.2,3.0,0.1,0,9,0.05,0.2,1,1
79,79,0.0,0.26756996,0.07443476,0.110488,0.045527827,0.01803181,-0.04191665,-0.15813236,-0.36680362,-0.22731839,0.0,0.16666669,0.5,0.5,0.16666669,-0.16666664,-0.5,-0.5,-0.16666664,-0.5,0.1,-0.0013998465,-0.011332579,638.0,1.0,12625,10,0.2,3.0,0.1,0,9,0.05,0.2,1,1
80,80,0.0,0.26758212,0.07443696,0.1105015,0.045540754,0.018047126,-0.041902192,-0.15811948,-0.3668052,-0.22731353,0.0,-0.5,-0.5,0.16666669,-0.16666664,0.16666669,-0.16666664,0.16666669,-0.16666664,-0.5,0.1,-0.00031944303,-0.011332581,605.0,1.0,12625,10,0.2,3.0,0.1,0,9,0.05,0.2,1,1
81,81,0.0,0.26760232,0.07444339,0.110513195,0.045545653,0.018045986,-0.04192074,-0.15812676,-0.36680073,-0.22730666,0.0,0.16666669,-0.16666664,0.5,-0.5,0.5,0.16666669,0.16666669,-0.16666664,-0.5,0.1,-0.00015628686,-0.011332567,539.0,1.0,12625,10,0.2,3.0,0.1,0,9,0.05,0.2,1,1
82,82,0.0,0.26773226,0.07446812,0.11060623,0.045615304,0.018157333,-0.0417872,-0.15801755,-0.36681175,-0.22725996,0.0,0.5,-0.16666664,0.5,-0.5,-0.16666664,0.16666669,-0.5,0.16666669,-0.16666664,0.1,-0.00028213937,-0.011332577,204.0,1.0,12625,10,0.2,3.0,0.1,0,9,0.05,0.2,1,1
83,83,0.0,0.267655,0.074462175,0.11055754,0.04558883,0.018102111,-0.041848592,-0.15807061,-0.3668168,-0.22728679,0.0,0.5,-0.5,0.5,0.16666669,0.16666669,0.5,0.5,0.5,0.5,0.1,-0.00011244398,-0.011332576,340.0,1.0,12625,10,0.2,3.0,0.1,0,9,0.05,0.2,1,1
84,84,0.0,0.26751837,0.07442368,0.11043899,0.045486264,0.01797635,-0.041986506,-0.15819684,-0.36679947,-0.22734192,0.0,-0.16666664,-0.5,0.5,0.16666669,0.16666669,0.5,0.5,0.16666669,-0.16666664,0.1,-0.000118283475,-0.011332567,370.0,1.0,12625,10,0.2,3.0,0.1,0,9,0.05,0.2,1,1
85,85,0.0,0.26765856,0.07445455,0.11053924,0.045568306,0.0180842,-0.04186501,-0.1580899,-0.36680913,-0.22728956,0.0,0.16666669,-0.16666664,0.16666669,0.16666669,-0.5,-0.5,-0.5,0.5,0.16666669,0.1,-3.155967e-05,-0.011332574,200.0,1.0,12625,10,0.2,3.0,0.1,0,9,0.05,0.2,1,1
86,86,0.0,0.2676029,0.07444473,0.11051245,0.045544464,0.01803819,-0.041932933,-0.15814395,-0.36680984,-0.22730967,0.0,-0.16666664,-0.5,-0.16666664,0.5,-0.16666664,0.5,-0.16666664,0.16666669,0.5,0.1,-0.00014086386,-0.011332584,312.0,1.0,12625,10,0.2,3.0,0.1,0,9,0.05,0.2,1,1
87,87,0.0,0.2675988,0.07443966,0.11050333,0.04553788,0.018046677,-0.041906077,-0.15813349,-0.36681414,-0.22731377,0.0,0.5,0.5,-0.16666664,-0.5,0.5,-0.5,-0.16666664,-0.16666664,-0.16666664,0.1,-0.0007907616,-0.011332573,457.0,1.0,12625,10,0.2,3.0,0.1,0,9,0.05,0.2,1,1
88,88,0.0,0.26761773,0.07445007,0.11052564,0.045555476,0.018072752,-0.04187682,-0.15809444,-0.36679766,-0.22729957,0.0,0.5,-0.5,-0.16666664,-0.16666664,-0.16666664,0.16666669,-0.16666664,-0.5,-0.16666664,0.1,-0.0010541835,-0.011332577,184.0,1.0,12625,10,0.2,3.0,0.1,0,9,0.05,0.2,1,1
89,89,0.0,0.26752767,0.07442521,0.11044359,0.04548819,0.017983014,-0.04197837,-0.15819149,-0.36680132,-0.22733867,0.0,0.16666669,0.16666669,-0.16666664,0.5,-0.5,-0.5,-0.5,-0.16666664,-0.5,0.1,-0.0013328178,-0.01133257,259.0,1.0,12625,10,0.2,3.0,0.1,0,9,0.05,0.2,1,1
90,90,0.0,0.26766375,0.07444874,0.110540934,0.04556802,0.018108053,-0.041813944,-0.15806426,-0.36683142,-0.2272912,0.0,0.16666669,-0.16666664,0.16666669,0.5,-0.5,-0.16666664,-0.5,0.5,0.5,0.1,-2.4799305e-05,-0.011332571,456.0,1.0,12625,10,0.2,3.0,0.1,0,9,0.05,0.2,1,1
91,91,0.0,0.267553,0.07442806,0.11045816,0.04549863,0.017997954,-0.0419627,-0.15818061,-0.366806,-0.22733255,0.0,0.5,-0.5,-0.5,0.5,0.16666669,-0.16666664,-0.5,0.16666669,-0.5,0.1,-4.4736553e-05,-0.011332572,758.0,1.0,12625,10,0.2,3.0,0.1,0,9,0.05,0.2,1,1
92,92,0.0,0.26760074,0.07443866,0.11049806,0.045529358,0.018041143,-0.041914333,-0.15814102,-0.3668117,-0.22731355,0.0,0.5,0.16666669,0.5,0.16666669,-0.16666664,-0.5,-0.16666664,-0.5,-0.5,0.1,-0.0026127102,-0.011332573,288.0,1.0,12625,10,0.2,3.0,0.1,0,9,0.05,0.2,1,1
93,93,0.0,0.26754403,0.07443043,0.110463105,0.04550376,0.017995361,-0.04196992,-0.15817848,-0.3668016,-0.22733185,0.0,-0.5,-0.5,-0.5,0.5,-0.5,0.16666669,0.5,-0.16666664,0.5,0.1,-2.5930616e-05,-0.011332575,294.0,1.0,12625,10,0.2,3.0,0.1,0,9,0.05,0.2,1,1
94,94,0.0,0.26779082,0.07447981,0.11064847,0.045657203,0.018216368,-0.04170939,-0.15795079,-0.36682165,-0.22723618,0.0,-0.5,0.16666669,-0.5,0.16666669,0.16666669,-0.5,0.16666669,-0.5,0.5,0.1,-0.00054274214,-0.011332582,238.0,1.0,12625,10,0.2,3.0,0.1,0,9,0.05,0.2,1,1
95,95,0.0,0.26754564,0.07443329,0.11047214,0.045516685,0.018008102,-0.041958794,-0.1581667,-0.3668017,-0.22732793,0.0,-0.5,0.5,-0.5,0.5,0.5,-0.16666664,0.16666669,-0.5,-0.16666664,0.1,-2.4745841e-05,-0.011332574,281553.0,1.0,12625,10,0.2,3.0,0.1,0,9,0.05,0.2,1,1
96,96,0.0,0.2675495,0.074430816,0.11046651,0.045507055,0.01800257,-0.041957982,-0.15817507,-0.3668066,-0.22733028,0.0,-0.16666664,-0.5,0.16666669,0.16666669,-0.16666664,-0.16666664,-0.16666664,0.16666669,0.16666669,0.1,-0.00052621384,-0.011332576,224.0,1.0,12625,10,0.2,3.0,0.1,0,9,0.05,0.2,1,1
97,97,0.0,0.26753166,0.07442668,0.110452905,0.04549693,0.017989662,-0.04197221,-0.15818816,-0.36680523,-0.22733721,0.0,-0.16666664,0.5,-0.16666664,0.5,-0.5,0.16666669,0.16666669,0.5,0.16666669,0.1,-0.00010388865,-0.011332574,544.0,1.0,12625,10,0.2,3.0,0.1,0,9,0.05,0.2,1,1
98,98,0.0,0.26758894,0.07444018,0.110507146,0.045547213,0.018054713,-0.04189331,-0.15811206,-0.3668074,-0.22731072,0.0,-0.5,0.16666669,0.5,0.16666669,-0.5,-0.16666664,-0.16666664,0.5,-0.5,0.1,-9.9104036e-05,-0.011332571,933.0,1.0,12625,10,0.2,3.0,0.1,0,9,0.05,0.2,1,1
99,99,0.0,0.26766697,0.07445448,0.11056309,0.04558449,0.018110417,-0.041846078,-0.15806025,-0.36679384,-0.22728008,0.0,0.16666669,-0.5,-0.16666664,-0.5,-0.5,-0.5,-0.16666664,0.5,-0.16666664,0.1,-0.00016981282,-0.011332569,193.0,1.0,12625,10,0.2,3.0,0.1,0,9,0.05,0.2,1,1
