,Unnamed: 0,e1,e2,e3,e0_1,e0_2,e0_3,Gamma,eta0,eta,count,success,seed,N,J1,J2,gleak,ex,lk,rate,T,pl,all
0,0,0.0,0.21425104,-0.033757225,0.0,-0.21794872,0.21794873,0.1,-0.011641186,-0.034582794,164.0,1.0,86645,3,0.2,0.0,0.1,0,2,0.05,0.2,0,1
1,1,0.0,0.21424371,-0.033757746,0.0,0.19230771,0.26923078,0.1,-0.012852541,-0.0345828,201.0,1.0,86645,3,0.2,0.0,0.1,0,2,0.05,0.2,0,1
2,2,0.0,0.21422605,-0.033761453,0.0,0.34615386,-0.26923078,0.1,-0.010173185,-0.034582794,182.0,1.0,86645,3,0.2,0.0,0.1,0,2,0.05,0.2,0,1
3,3,0.0,0.21423088,-0.033759765,0.0,-0.37179488,0.34615386,0.1,-0.0048700785,-0.034582805,197.0,1.0,86645,3,0.2,0.0,0.1,0,2,0.05,0.2,0,1
4,4,0.0,0.21424477,-0.03375823,0.0,0.2948718,-0.14102565,0.1,-0.023914764,-0.034582794,183.0,1.0,86645,3,0.2,0.0,0.1,0,2,0.05,0.2,0,1
5,5,0.0,0.21422592,-0.033760678,0.0,0.03846155,0.03846155,0.1,-0.029857252,-0.034582797,163.0,1.0,86645,3,0.2,0.0,0.1,0,2,0.05,0.2,0,1
6,6,0.0,0.21423253,-0.0337596,0.0,-0.42307693,0.3974359,0.1,-0.0038042075,-0.034582805,201.0,1.0,86645,3,0.2,0.0,0.1,0,2,0.05,0.2,0,1
7,7,0.0,0.21422493,-0.033761024,0.0,-0.14102565,-0.0897436,0.1,-0.030290687,-0.0345828,175.0,1.0,86645,3,0.2,0.0,0.1,0,2,0.05,0.2,0,1
8,8,0.0,0.21422508,-0.0337608,0.0,0.0897436,-0.0897436,0.1,-0.033746593,-0.0345828,159.0,1.0,86645,3,0.2,0.0,0.1,0,2,0.05,0.2,0,1
9,9,0.0,0.21424259,-0.033759,0.0,-0.47435898,0.47435898,0.1,-0.0029151447,-0.034582805,198.0,1.0,86645,3,0.2,0.0,0.1,0,2,0.05,0.2,0,1
10,10,0.0,0.21424897,-0.03375712,0.0,0.21794873,0.16666669,0.1,-0.018881386,-0.034582797,190.0,1.0,86645,3,0.2,0.0,0.1,0,2,0.05,0.2,0,1
11,11,0.0,0.21424408,-0.033757772,0.0,0.37179488,-0.012820497,0.1,-0.033983108,-0.034582794,174.0,1.0,86645,3,0.2,0.0,0.1,0,2,0.05,0.2,0,1
12,12,0.0,0.21423575,-0.03375904,0.0,0.0897436,0.0897436,0.1,-0.026514903,-0.034582794,184.0,1.0,86645,3,0.2,0.0,0.1,0,2,0.05,0.2,0,1
13,13,0.0,0.214224,-0.033761445,0.0,-0.26923078,0.5,0.1,-0.0037916873,-0.0345828,197.0,1.0,86645,3,0.2,0.0,0.1,0,2,0.05,0.2,0,1
14,14,0.0,0.21421517,-0.033762604,0.0,-0.32051283,-0.03846152,0.1,-0.024447698,-0.03458279,173.0,1.0,86645,3,0.2,0.0,0.1,0,2,0.05,0.2,0,1
15,15,0.0,0.21423936,-0.03375861,0.0,0.24358976,0.34615386,0.1,-0.008829181,-0.034582805,188.0,1.0,86645,3,0.2,0.0,0.1,0,2,0.05,0.2,0,1
16,16,0.0,0.21424234,-0.033758137,0.0,0.3974359,-0.47435898,0.1,-0.003489252,-0.034582794,215.0,1.0,86645,3,0.2,0.0,0.1,0,2,0.05,0.2,0,1
17,17,0.0,0.21421617,-0.03376205,0.0,-0.34615386,-0.37179488,0.1,-0.01934053,-0.034582805,188.0,1.0,86645,3,0.2,0.0,0.1,0,2,0.05,0.2,0,1
18,18,0.0,0.21421823,-0.03376253,0.0,0.5,-0.03846152,0.1,-0.03144578,-0.034582797,162.0,1.0,86645,3,0.2,0.0,0.1,0,2,0.05,0.2,0,1
19,19,0.0,0.21422496,-0.03376067,0.0,-0.44871795,0.064102575,0.1,-0.0177763,-0.0345828,189.0,1.0,86645,3,0.2,0.0,0.1,0,2,0.05,0.2,0,1
20,20,0.0,0.21423036,-0.03376079,0.0,-0.2948718,0.26923078,0.1,-0.0076898285,-0.0345828,206.0,1.0,86645,3,0.2,0.0,0.1,0,2,0.05,0.2,0,1
21,21,0.0,0.21423511,-0.033759885,0.0,-0.26923078,0.16666669,0.1,-0.013646557,-0.034582794,203.0,1.0,86645,3,0.2,0.0,0.1,0,2,0.05,0.2,0,1
22,22,0.0,0.21423103,-0.0337597,0.0,-0.34615386,0.34615386,0.1,-0.005125439,-0.03458279,198.0,1.0,86645,3,0.2,0.0,0.1,0,2,0.05,0.2,0,1
23,23,0.0,0.2142267,-0.03376097,0.0,-0.21794872,-0.03846152,0.1,-0.02753729,-0.0345828,150.0,1.0,86645,3,0.2,0.0,0.1,0,2,0.05,0.2,0,1
24,24,0.0,0.21424156,-0.033758964,0.0,-0.3974359,-0.2948718,0.1,-0.01785109,-0.034582794,189.0,1.0,86645,3,0.2,0.0,0.1,0,2,0.05,0.2,0,1
25,25,0.0,0.21422909,-0.033759944,0.0,0.34615386,-0.37179488,0.1,-0.0061393115,-0.0345828,139.0,1.0,86645,3,0.2,0.0,0.1,0,2,0.05,0.2,0,1
26,26,0.0,0.21423042,-0.033760488,0.0,-0.064102545,-0.2948718,0.1,-0.025044149,-0.0345828,166.0,1.0,86645,3,0.2,0.0,0.1,0,2,0.05,0.2,0,1
27,27,0.0,0.21424004,-0.03375888,0.0,-0.21794872,0.44871795,0.1,-0.0047362624,-0.034582794,185.0,1.0,86645,3,0.2,0.0,0.1,0,2,0.05,0.2,0,1
28,28,0.0,0.21422544,-0.033760734,0.0,0.5,0.14102566,0.1,-0.014432295,-0.034582805,186.0,1.0,86645,3,0.2,0.0,0.1,0,2,0.05,0.2,0,1
29,29,0.0,0.21421821,-0.03376176,0.0,0.012820527,-0.16666667,0.1,-0.03106131,-0.034582805,178.0,1.0,86645,3,0.2,0.0,0.1,0,2,0.05,0.2,0,1
30,30,0.0,0.21425283,-0.033756755,0.0,0.42307693,-0.26923078,0.1,-0.008210643,-0.034582794,192.0,1.0,86645,3,0.2,0.0,0.1,0,2,0.05,0.2,0,1
31,31,0.0,0.21425466,-0.03375668,0.0,-0.42307693,0.16666669,0.1,-0.009795629,-0.034582794,164.0,1.0,86645,3,0.2,0.0,0.1,0,2,0.05,0.2,0,1
32,32,0.0,0.21424343,-0.033758327,0.0,-0.44871795,0.37179488,0.1,-0.003894247,-0.03458279,187.0,1.0,86645,3,0.2,0.0,0.1,0,2,0.05,0.2,0,1
33,33,0.0,0.21423486,-0.033759993,0.0,0.24358976,0.0897436,0.1,-0.025690092,-0.034582797,181.0,1.0,86645,3,0.2,0.0,0.1,0,2,0.05,0.2,0,1
34,34,0.0,0.21422563,-0.033760425,0.0,0.2948718,-0.1923077,0.1,-0.018003961,-0.034582794,171.0,1.0,86645,3,0.2,0.0,0.1,0,2,0.05,0.2,0,1
35,35,0.0,0.21422261,-0.033761133,0.0,0.24358976,0.03846155,0.1,-0.030968403,-0.034582794,157.0,1.0,86645,3,0.2,0.0,0.1,0,2,0.05,0.2,0,1
36,36,0.0,0.21422629,-0.033760365,0.0,-0.21794872,0.24358976,0.1,-0.010275107,-0.034582794,196.0,1.0,86645,3,0.2,0.0,0.1,0,2,0.05,0.2,0,1
37,37,0.0,0.21421526,-0.03376294,0.0,-0.03846152,-0.44871795,0.1,-0.015514155,-0.0345828,178.0,1.0,86645,3,0.2,0.0,0.1,0,2,0.05,0.2,0,1
38,38,0.0,0.21422791,-0.033760466,0.0,0.19230771,0.34615386,0.1,-0.009572655,-0.034582805,198.0,1.0,86645,3,0.2,0.0,0.1,0,2,0.05,0.2,0,1
39,39,0.0,0.21424593,-0.03375744,0.0,-0.14102565,-0.24358974,0.1,-0.027912904,-0.034582797,167.0,1.0,86645,3,0.2,0.0,0.1,0,2,0.05,0.2,0,1
40,40,0.0,0.21422742,-0.033760116,0.0,-0.47435898,-0.32051283,0.1,-0.0148241995,-0.0345828,139.0,1.0,86645,3,0.2,0.0,0.1,0,2,0.05,0.2,0,1
41,41,0.0,0.21425469,-0.033756893,0.0,0.5,-0.11538462,0.1,-0.020047268,-0.034582794,182.0,1.0,86645,3,0.2,0.0,0.1,0,2,0.05,0.2,0,1
42,42,0.0,0.21422711,-0.03376061,0.0,-0.3974359,0.26923078,0.1,-0.0061259586,-0.03458279,200.0,1.0,86645,3,0.2,0.0,0.1,0,2,0.05,0.2,0,1
43,43,0.0,0.21422078,-0.033761222,0.0,0.14102566,0.21794873,0.1,-0.016538557,-0.034582797,175.0,1.0,86645,3,0.2,0.0,0.1,0,2,0.05,0.2,0,1
44,44,0.0,0.21421482,-0.03376287,0.0,0.012820527,0.24358976,0.1,-0.014979373,-0.034582794,164.0,1.0,86645,3,0.2,0.0,0.1,0,2,0.05,0.2,0,1
45,45,0.0,0.21424574,-0.033757415,0.0,-0.11538462,-0.14102565,0.1,-0.030886633,-0.0345828,163.0,1.0,86645,3,0.2,0.0,0.1,0,2,0.05,0.2,0,1
46,46,0.0,0.21423951,-0.033759058,0.0,0.5,-0.5,0.1,-0.0023440176,-0.034582797,206.0,1.0,86645,3,0.2,0.0,0.1,0,2,0.05,0.2,0,1
47,47,0.0,0.21423727,-0.033759583,0.0,0.012820527,0.47435898,0.1,-0.005997765,-0.0345828,212.0,1.0,86645,3,0.2,0.0,0.1,0,2,0.05,0.2,0,1
48,48,0.0,0.21422355,-0.033761498,0.0,0.44871795,0.11538464,0.1,-0.018598098,-0.034582794,184.0,1.0,86645,3,0.2,0.0,0.1,0,2,0.05,0.2,0,1
49,49,0.0,0.21423368,-0.033759356,0.0,-0.5,-0.21794872,0.1,-0.014239587,-0.0345828,189.0,1.0,86645,3,0.2,0.0,0.1,0,2,0.05,0.2,0,1
50,50,0.0,0.21424775,-0.033757534,0.0,0.03846155,-0.47435898,0.1,-0.011569216,-0.0345828,179.0,1.0,86645,3,0.2,0.0,0.1,0,2,0.05,0.2,0,1
51,51,0.0,0.21422511,-0.033761077,0.0,-0.5,-0.42307693,0.1,-0.0140543375,-0.0345828,183.0,1.0,86645,3,0.2,0.0,0.1,0,2,0.05,0.2,0,1
52,52,0.0,0.21424663,-0.03375817,0.0,0.0897436,-0.44871795,0.1,-0.010683712,-0.034582797,189.0,1.0,86645,3,0.2,0.0,0.1,0,2,0.05,0.2,0,1
53,53,0.0,0.21422729,-0.033760387,0.0,0.24358976,-0.32051283,0.1,-0.010687457,-0.034582805,188.0,1.0,86645,3,0.2,0.0,0.1,0,2,0.05,0.2,0,1
54,54,0.0,0.21423295,-0.03375968,0.0,0.2948718,-0.03846152,0.1,-0.03420983,-0.03458279,158.0,1.0,86645,3,0.2,0.0,0.1,0,2,0.05,0.2,0,1
55,55,0.0,0.21424587,-0.033758387,0.0,0.26923078,-0.064102545,0.1,-0.033175573,-0.0345828,158.0,1.0,86645,3,0.2,0.0,0.1,0,2,0.05,0.2,0,1
56,56,0.0,0.2142483,-0.0337575,0.0,0.3974359,-0.16666667,0.1,-0.016797356,-0.0345828,192.0,1.0,86645,3,0.2,0.0,0.1,0,2,0.05,0.2,0,1
57,57,0.0,0.21423298,-0.033759926,0.0,-0.42307693,0.44871795,0.1,-0.003348774,-0.034582805,207.0,1.0,86645,3,0.2,0.0,0.1,0,2,0.05,0.2,0,1
58,58,0.0,0.21423112,-0.033760592,0.0,0.32051283,-0.32051283,0.1,-0.008421168,-0.034582805,189.0,1.0,86645,3,0.2,0.0,0.1,0,2,0.05,0.2,0,1
59,59,0.0,0.21424662,-0.033757545,0.0,-0.47435898,-0.0897436,0.1,-0.017965604,-0.034582794,160.0,1.0,86645,3,0.2,0.0,0.1,0,2,0.05,0.2,0,1
60,60,0.0,0.21423325,-0.033759482,0.0,0.32051283,0.37179488,0.1,-0.0067899497,-0.034582797,204.0,1.0,86645,3,0.2,0.0,0.1,0,2,0.05,0.2,0,1
61,61,0.0,0.21422662,-0.033761024,0.0,-0.16666667,0.26923078,0.1,-0.010179061,-0.034582794,193.0,1.0,86645,3,0.2,0.0,0.1,0,2,0.05,0.2,0,1
62,62,0.0,0.21422002,-0.033762358,0.0,-0.1923077,0.14102566,0.1,-0.017904822,-0.0345828,181.0,1.0,86645,3,0.2,0.0,0.1,0,2,0.05,0.2,0,1
63,63,0.0,0.21423075,-0.033759885,0.0,-0.2948718,0.0897436,0.1,-0.019485025,-0.034582805,186.0,1.0,86645,3,0.2,0.0,0.1,0,2,0.05,0.2,0,1
64,64,0.0,0.21424638,-0.033758096,0.0,0.24358976,-0.5,0.1,-0.005325257,-0.034582805,199.0,1.0,86645,3,0.2,0.0,0.1,0,2,0.05,0.2,0,1
65,65,0.0,0.21425362,-0.033756997,0.0,-0.21794872,-0.34615386,0.1,-0.023326792,-0.0345828,185.0,1.0,86645,3,0.2,0.0,0.1,0,2,0.05,0.2,0,1
66,66,0.0,0.21424846,-0.033757895,0.0,0.0897436,-0.14102565,0.1,-0.031137422,-0.034582797,173.0,1.0,86645,3,0.2,0.0,0.1,0,2,0.05,0.2,0,1
67,67,0.0,0.21425602,-0.033756174,0.0,0.16666669,0.3974359,0.1,-0.008118553,-0.034582794,174.0,1.0,86645,3,0.2,0.0,0.1,0,2,0.05,0.2,0,1
68,68,0.0,0.21422966,-0.033760674,0.0,-0.3974359,-0.0897436,0.1,-0.02073191,-0.034582794,179.0,1.0,86645,3,0.2,0.0,0.1,0,2,0.05,0.2,0,1
69,69,0.0,0.2142341,-0.03375911,0.0,0.16666669,-0.1923077,0.1,-0.02374841,-0.034582797,178.0,1.0,86645,3,0.2,0.0,0.1,0,2,0.05,0.2,0,1
70,70,0.0,0.21425582,-0.03375668,0.0,0.064102575,-0.3974359,0.1,-0.013814821,-0.0345828,184.0,1.0,86645,3,0.2,0.0,0.1,0,2,0.05,0.2,0,1
71,71,0.0,0.21422362,-0.033761527,0.0,-0.2948718,-0.2948718,0.1,-0.022137903,-0.034582797,174.0,1.0,86645,3,0.2,0.0,0.1,0,2,0.05,0.2,0,1
72,72,0.0,0.21421708,-0.03376287,0.0,0.21794873,0.34615386,0.1,-0.009227897,-0.034582794,189.0,1.0,86645,3,0.2,0.0,0.1,0,2,0.05,0.2,0,1
73,73,0.0,0.21422465,-0.03376171,0.0,-0.012820497,0.42307693,0.1,-0.0070403847,-0.034582794,194.0,1.0,86645,3,0.2,0.0,0.1,0,2,0.05,0.2,0,1
74,74,0.0,0.21423122,-0.03376015,0.0,-0.37179488,0.064102575,0.1,-0.019696262,-0.0345828,191.0,1.0,86645,3,0.2,0.0,0.1,0,2,0.05,0.2,0,1
75,75,0.0,0.21424812,-0.033757083,0.0,-0.5,-0.1923077,0.1,-0.014514289,-0.034582805,169.0,1.0,86645,3,0.2,0.0,0.1,0,2,0.05,0.2,0,1
76,76,0.0,0.21424055,-0.033758998,0.0,0.42307693,-0.47435898,0.1,-0.0032224567,-0.03458279,209.0,1.0,86645,3,0.2,0.0,0.1,0,2,0.05,0.2,0,1
77,77,0.0,0.21421775,-0.03376262,0.0,-0.1923077,-0.0897436,0.1,-0.028577497,-0.034582794,174.0,1.0,86645,3,0.2,0.0,0.1,0,2,0.05,0.2,0,1
78,78,0.0,0.21422839,-0.03376006,0.0,-0.16666667,0.47435898,0.1,-0.004770911,-0.0345828,204.0,1.0,86645,3,0.2,0.0,0.1,0,2,0.05,0.2,0,1
79,79,0.0,0.21422152,-0.033761024,0.0,-0.5,-0.0897436,0.1,-0.017104072,-0.0345828,184.0,1.0,86645,3,0.2,0.0,0.1,0,2,0.05,0.2,0,1
80,80,0.0,0.21424067,-0.033759,0.0,-0.32051283,0.34615386,0.1,-0.0053970884,-0.0345828,190.0,1.0,86645,3,0.2,0.0,0.1,0,2,0.05,0.2,0,1
81,81,0.0,0.21422575,-0.03376073,0.0,0.19230771,-0.2948718,0.1,-0.014052326,-0.034582805,184.0,1.0,86645,3,0.2,0.0,0.1,0,2,0.05,0.2,0,1
82,82,0.0,0.2142498,-0.033757575,0.0,0.5,-0.24358974,0.1,-0.00785306,-0.034582794,199.0,1.0,86645,3,0.2,0.0,0.1,0,2,0.05,0.2,0,1
83,83,0.0,0.21422562,-0.03376097,0.0,-0.44871795,0.32051283,0.1,-0.004548672,-0.034582805,202.0,1.0,86645,3,0.2,0.0,0.1,0,2,0.05,0.2,0,1
84,84,0.0,0.2142314,-0.03376072,0.0,0.44871795,0.34615386,0.1,-0.0052484362,-0.0345828,193.0,1.0,86645,3,0.2,0.0,0.1,0,2,0.05,0.2,0,1
85,85,0.0,0.21422423,-0.033760566,0.0,0.26923078,0.0897436,0.1,-0.025354479,-0.034582797,169.0,1.0,86645,3,0.2,0.0,0.1,0,2,0.05,0.2,0,1
86,86,0.0,0.21422568,-0.033761505,0.0,-0.32051283,-0.37179488,0.1,-0.020182047,-0.0345828,183.0,1.0,86645,3,0.2,0.0,0.1,0,2,0.05,0.2,0,1
87,87,0.0,0.2142408,-0.033758387,0.0,0.42307693,-0.24358974,0.1,-0.00956782,-0.0345828,179.0,1.0,86645,3,0.2,0.0,0.1,0,2,0.05,0.2,0,1
88,88,0.0,0.21423326,-0.033760004,0.0,0.34615386,0.26923078,0.1,-0.009546703,-0.034582805,189.0,1.0,86645,3,0.2,0.0,0.1,0,2,0.05,0.2,0,1
89,89,0.0,0.21424104,-0.033758834,0.0,-0.0897436,0.47435898,0.1,-0.005340159,-0.0345828,198.0,1.0,86645,3,0.2,0.0,0.1,0,2,0.05,0.2,0,1
90,90,0.0,0.2142189,-0.03376193,0.0,-0.0897436,-0.44871795,0.1,-0.017323397,-0.034582797,196.0,1.0,86645,3,0.2,0.0,0.1,0,2,0.05,0.2,0,1
91,91,0.0,0.21425131,-0.033756807,0.0,0.32051283,0.0897436,0.1,-0.024554413,-0.0345828,178.0,1.0,86645,3,0.2,0.0,0.1,0,2,0.05,0.2,0,1
92,92,0.0,0.21422148,-0.033760995,0.0,0.47435898,0.03846155,0.1,-0.029135961,-0.034582794,145.0,1.0,86645,3,0.2,0.0,0.1,0,2,0.05,0.2,0,1
93,93,0.0,0.21425852,-0.033755705,0.0,0.5,-0.1923077,0.1,-0.011165181,-0.034582805,188.0,1.0,86645,3,0.2,0.0,0.1,0,2,0.05,0.2,0,1
94,94,0.0,0.21423155,-0.033760704,0.0,-0.2948718,-0.37179488,0.1,-0.020948725,-0.034582794,169.0,1.0,86645,3,0.2,0.0,0.1,0,2,0.05,0.2,0,1
95,95,0.0,0.21422565,-0.0337608,0.0,0.012820527,0.32051283,0.1,-0.010868879,-0.034582794,192.0,1.0,86645,3,0.2,0.0,0.1,0,2,0.05,0.2,0,1
96,96,0.0,0.21422248,-0.033760894,0.0,0.26923078,-0.2948718,0.1,-0.011156122,-0.034582794,184.0,1.0,86645,3,0.2,0.0,0.1,0,2,0.05,0.2,0,1
97,97,0.0,0.2142262,-0.03376142,0.0,0.11538464,0.42307693,0.1,-0.007556309,-0.034582794,204.0,1.0,86645,3,0.2,0.0,0.1,0,2,0.05,0.2,0,1
98,98,0.0,0.21423371,-0.033760075,0.0,-0.03846152,-0.03846152,0.1,-0.032098692,-0.034582794,173.0,1.0,86645,3,0.2,0.0,0.1,0,2,0.05,0.2,0,1
99,99,0.0,0.21423616,-0.03375958,0.0,-0.34615386,-0.32051283,0.1,-0.019815173,-0.0345828,178.0,1.0,86645,3,0.2,0.0,0.1,0,2,0.05,0.2,0,1
