,Unnamed: 0,e1,e2,e3,e0_1,e0_2,e0_3,Gamma,eta0,eta,count,success,seed,N,J1,J2,gleak,ex,lk,rate,T,pl,all
0,0,0.0,-0.117971785,-0.10553959,0.0,-0.47435898,-0.26923078,0.1,-0.024200391,-0.033046268,183.0,1.0,24153,3,0.2,0.1,0.1,0,2,0.05,0.2,0,1
1,1,0.0,-0.11796885,-0.10553816,0.0,0.03846155,-0.16666667,0.1,-0.017101254,-0.033046264,199.0,1.0,24153,3,0.2,0.1,0.1,0,2,0.05,0.2,0,1
2,2,0.0,4.000286,-0.0050019976,0.0,0.37179488,0.012820527,0.1,-0.0062652766,-0.04135262,1613.0,0.0,24153,3,0.2,0.1,0.1,0,2,0.05,0.2,0,1
3,3,0.0,-0.117972046,-0.10553937,0.0,-0.24358974,-0.1923077,0.1,-0.031566393,-0.033046264,149.0,1.0,24153,3,0.2,0.1,0.1,0,2,0.05,0.2,0,1
4,4,0.0,-0.11797227,-0.1055392,0.0,-0.26923078,0.26923078,0.1,-0.010986693,-0.033046268,205.0,1.0,24153,3,0.2,0.1,0.1,0,2,0.05,0.2,0,1
5,5,0.0,4.000437,-0.0050014383,0.0,0.34615386,-0.03846152,0.1,-0.0038655307,-0.041352667,1613.0,0.0,24153,3,0.2,0.1,0.1,0,2,0.05,0.2,0,1
6,6,0.0,4.000839,-0.005001815,0.0,0.47435898,0.16666669,0.1,-0.0026866137,-0.04135293,981.0,0.0,24153,3,0.2,0.1,0.1,0,2,0.05,0.2,0,1
7,7,0.0,4.0001187,-0.005001401,0.0,0.44871795,-0.24358974,0.1,-0.0021698405,-0.04135242,830.0,0.0,24153,3,0.2,0.1,0.1,0,2,0.05,0.2,0,1
8,8,0.0,-0.11797947,-0.10554308,0.0,-0.0897436,-0.012820497,0.1,-0.029764045,-0.033046264,171.0,1.0,24153,3,0.2,0.1,0.1,0,2,0.05,0.2,0,1
9,9,0.0,-0.117969915,-0.10553756,0.0,-0.34615386,-0.16666667,0.1,-0.028706,-0.033046268,173.0,1.0,24153,3,0.2,0.1,0.1,0,2,0.05,0.2,0,1
10,10,0.0,-0.11796973,-0.10553836,0.0,0.14102566,-0.3974359,0.1,-0.0027117133,-0.03304627,191.0,1.0,24153,3,0.2,0.1,0.1,0,2,0.05,0.2,0,1
11,11,0.0,-0.11797235,-0.105538905,0.0,-0.37179488,0.0897436,0.1,-0.020516451,-0.03304627,175.0,1.0,24153,3,0.2,0.1,0.1,0,2,0.05,0.2,0,1
12,12,0.0,-0.11797858,-0.10554247,0.0,-0.34615386,-0.2948718,0.1,-0.028004194,-0.03304627,152.0,1.0,24153,3,0.2,0.1,0.1,0,2,0.05,0.2,0,1
13,13,0.0,-0.117972136,-0.10553853,0.0,-0.012820497,-0.44871795,0.1,-0.006547406,-0.033046264,185.0,1.0,24153,3,0.2,0.1,0.1,0,2,0.05,0.2,0,1
14,14,0.0,4.0007057,-0.0050022663,0.0,0.34615386,-0.012820497,0.1,-0.0048929392,-0.04135288,1541.0,0.0,24153,3,0.2,0.1,0.1,0,2,0.05,0.2,0,1
15,15,0.0,-0.11796758,-0.10553669,0.0,0.16666669,0.32051283,0.1,-0.0042820093,-0.03304627,198.0,1.0,24153,3,0.2,0.1,0.1,0,2,0.05,0.2,0,1
16,16,0.0,-0.11796876,-0.10553749,0.0,-0.37179488,0.44871795,0.1,-0.0049208025,-0.033046268,195.0,1.0,24153,3,0.2,0.1,0.1,0,2,0.05,0.2,0,1
17,17,0.0,-0.1179713,-0.10553858,0.0,0.16666669,-0.21794872,0.1,-0.003687848,-0.03304627,187.0,1.0,24153,3,0.2,0.1,0.1,0,2,0.05,0.2,0,1
18,18,0.0,-0.11797423,-0.10553985,0.0,-0.11538462,-0.26923078,0.1,-0.022866579,-0.033046264,185.0,1.0,24153,3,0.2,0.1,0.1,0,2,0.05,0.2,0,1
19,19,0.0,-0.11796795,-0.105536215,0.0,-0.34615386,-0.42307693,0.1,-0.023620877,-0.033046268,188.0,1.0,24153,3,0.2,0.1,0.1,0,2,0.05,0.2,0,1
20,20,0.0,-0.11797505,-0.10554131,0.0,-0.24358974,-0.42307693,0.1,-0.020382958,-0.03304627,185.0,1.0,24153,3,0.2,0.1,0.1,0,2,0.05,0.2,0,1
21,21,0.0,-0.117965415,-0.10553476,0.0,0.14102566,0.37179488,0.1,-0.0043599075,-0.03304627,195.0,1.0,24153,3,0.2,0.1,0.1,0,2,0.05,0.2,0,1
22,22,0.0,-0.1179707,-0.10553777,0.0,0.21794873,0.47435898,0.1,-0.002544631,-0.03304627,202.0,1.0,24153,3,0.2,0.1,0.1,0,2,0.05,0.2,0,1
23,23,0.0,-0.11797663,-0.10554126,0.0,0.26923078,-0.47435898,0.1,-0.0013360119,-0.033046264,214.0,1.0,24153,3,0.2,0.1,0.1,0,2,0.05,0.2,0,1
24,24,0.0,-0.1179808,-0.10554422,0.0,-0.064102545,-0.012820497,0.1,-0.02999237,-0.033046268,171.0,1.0,24153,3,0.2,0.1,0.1,0,2,0.05,0.2,0,1
25,25,0.0,-0.11797431,-0.10554108,0.0,0.26923078,0.34615386,0.1,-0.0022425528,-0.033046264,213.0,1.0,24153,3,0.2,0.1,0.1,0,2,0.05,0.2,0,1
26,26,0.0,4.0012107,-0.00500232,0.0,0.3974359,-0.012820497,0.1,-0.009277517,-0.041353233,1516.0,0.0,24153,3,0.2,0.1,0.1,0,2,0.05,0.2,0,1
27,27,0.0,4.0011454,-0.0050020367,0.0,0.37179488,-0.064102545,0.1,-0.00421402,-0.04135319,1490.0,0.0,24153,3,0.2,0.1,0.1,0,2,0.05,0.2,0,1
28,28,0.0,4.001532,-0.005002258,0.0,0.44871795,0.0897436,0.1,-0.005291281,-0.041353304,1289.0,0.0,24153,3,0.2,0.1,0.1,0,2,0.05,0.2,0,1
29,29,0.0,-0.11796703,-0.105536394,0.0,0.44871795,0.34615386,0.1,-0.0011598195,-0.033046268,216.0,1.0,24153,3,0.2,0.1,0.1,0,2,0.05,0.2,0,1
30,30,0.0,-0.11797886,-0.105542526,0.0,0.34615386,0.42307693,0.1,-0.0014527785,-0.033046264,187.0,1.0,24153,3,0.2,0.1,0.1,0,2,0.05,0.2,0,1
31,31,0.0,-0.117971465,-0.105538994,0.0,-0.012820497,0.064102575,0.1,-0.02266831,-0.033046268,161.0,1.0,24153,3,0.2,0.1,0.1,0,2,0.05,0.2,0,1
32,32,0.0,-0.11796761,-0.10553712,0.0,-0.5,0.44871795,0.1,-0.0043914835,-0.03304626,203.0,1.0,24153,3,0.2,0.1,0.1,0,2,0.05,0.2,0,1
33,33,0.0,4.0012007,-0.005001916,0.0,0.5,0.21794873,0.1,-0.0020958548,-0.041353174,817.0,0.0,24153,3,0.2,0.1,0.1,0,2,0.05,0.2,0,1
34,34,0.0,-0.11797396,-0.1055403,0.0,0.064102575,0.47435898,0.1,-0.004257984,-0.03304627,195.0,1.0,24153,3,0.2,0.1,0.1,0,2,0.05,0.2,0,1
35,35,0.0,4.0003433,-0.00500148,0.0,0.47435898,-0.2948718,0.1,-0.001970705,-0.041352592,701.0,0.0,24153,3,0.2,0.1,0.1,0,2,0.05,0.2,0,1
36,36,0.0,-0.11796769,-0.10553688,0.0,0.16666669,-0.37179488,0.1,-0.0023990455,-0.033046268,198.0,1.0,24153,3,0.2,0.1,0.1,0,2,0.05,0.2,0,1
37,37,0.0,-0.11796824,-0.105537474,0.0,-0.26923078,-0.2948718,0.1,-0.028501976,-0.033046264,175.0,1.0,24153,3,0.2,0.1,0.1,0,2,0.05,0.2,0,1
38,38,0.0,-0.117974,-0.105539985,0.0,-0.26923078,0.21794873,0.1,-0.013599278,-0.033046264,176.0,1.0,24153,3,0.2,0.1,0.1,0,2,0.05,0.2,0,1
39,39,0.0,-0.1179765,-0.10554187,0.0,-0.012820497,-0.34615386,0.1,-0.009465973,-0.03304627,196.0,1.0,24153,3,0.2,0.1,0.1,0,2,0.05,0.2,0,1
40,40,0.0,-0.11796847,-0.10553646,0.0,0.064102575,-0.1923077,0.1,-0.01177838,-0.03304627,199.0,1.0,24153,3,0.2,0.1,0.1,0,2,0.05,0.2,0,1
41,41,0.0,4.0002065,-0.005001748,0.0,0.47435898,0.012820527,0.1,-0.01604248,-0.04135252,1404.0,0.0,24153,3,0.2,0.1,0.1,0,2,0.05,0.2,0,1
42,42,0.0,-0.11796949,-0.105538346,0.0,-0.11538462,0.24358976,0.1,-0.012329391,-0.03304627,186.0,1.0,24153,3,0.2,0.1,0.1,0,2,0.05,0.2,0,1
43,43,0.0,-0.117968656,-0.10553668,0.0,-0.37179488,0.14102566,0.1,-0.01745163,-0.033046268,185.0,1.0,24153,3,0.2,0.1,0.1,0,2,0.05,0.2,0,1
44,44,0.0,-0.117975466,-0.105540544,0.0,-0.42307693,0.012820527,0.1,-0.023451257,-0.033046268,164.0,1.0,24153,3,0.2,0.1,0.1,0,2,0.05,0.2,0,1
45,45,0.0,-0.11797485,-0.10554,0.0,-0.14102565,0.32051283,0.1,-0.009173019,-0.033046264,203.0,1.0,24153,3,0.2,0.1,0.1,0,2,0.05,0.2,0,1
46,46,0.0,-0.117977925,-0.1055419,0.0,0.24358976,-0.47435898,0.1,-0.0014491396,-0.033046268,210.0,1.0,24153,3,0.2,0.1,0.1,0,2,0.05,0.2,0,1
47,47,0.0,-0.117977336,-0.105541386,0.0,-0.32051283,-0.26923078,0.1,-0.029016256,-0.033046268,161.0,1.0,24153,3,0.2,0.1,0.1,0,2,0.05,0.2,0,1
48,48,0.0,-0.117973775,-0.10554029,0.0,-0.21794872,0.19230771,0.1,-0.015275366,-0.03304627,196.0,1.0,24153,3,0.2,0.1,0.1,0,2,0.05,0.2,0,1
49,49,0.0,4.001416,-0.0050020115,0.0,0.5,0.064102575,0.1,-0.011054828,-0.041353334,1192.0,0.0,24153,3,0.2,0.1,0.1,0,2,0.05,0.2,0,1
50,50,0.0,4.000824,-0.005002374,0.0,0.37179488,-0.14102565,0.1,-0.0022730015,-0.04135295,1255.0,0.0,24153,3,0.2,0.1,0.1,0,2,0.05,0.2,0,1
51,51,0.0,-0.11796837,-0.10553658,0.0,0.064102575,0.26923078,0.1,-0.007960587,-0.03304627,203.0,1.0,24153,3,0.2,0.1,0.1,0,2,0.05,0.2,0,1
52,52,0.0,-0.117975965,-0.10554052,0.0,-0.47435898,-0.42307693,0.1,-0.022731397,-0.033046268,186.0,1.0,24153,3,0.2,0.1,0.1,0,2,0.05,0.2,0,1
53,53,0.0,-0.11796663,-0.10553592,0.0,-0.14102565,-0.064102545,0.1,-0.03186284,-0.033046268,139.0,1.0,24153,3,0.2,0.1,0.1,0,2,0.05,0.2,0,1
54,54,0.0,-0.117973186,-0.1055395,0.0,-0.012820497,-0.012820497,0.1,-0.030097414,-0.03304627,158.0,1.0,24153,3,0.2,0.1,0.1,0,2,0.05,0.2,0,1
55,55,0.0,4.001267,-0.005002781,0.0,0.37179488,0.03846155,0.1,-0.0044211033,-0.041353222,1503.0,0.0,24153,3,0.2,0.1,0.1,0,2,0.05,0.2,0,1
56,56,0.0,-0.11796989,-0.105537295,0.0,-0.42307693,-0.32051283,0.1,-0.025620395,-0.033046268,174.0,1.0,24153,3,0.2,0.1,0.1,0,2,0.05,0.2,0,1
57,57,0.0,4.001204,-0.0050031557,0.0,0.3974359,0.012820527,0.1,-0.008927258,-0.04135314,1612.0,0.0,24153,3,0.2,0.1,0.1,0,2,0.05,0.2,0,1
58,58,0.0,-0.11796765,-0.105536714,0.0,0.14102566,0.32051283,0.1,-0.004903721,-0.033046264,209.0,1.0,24153,3,0.2,0.1,0.1,0,2,0.05,0.2,0,1
59,59,0.0,-0.11797299,-0.10554014,0.0,0.2948718,0.37179488,0.1,-0.0019101317,-0.033046257,212.0,1.0,24153,3,0.2,0.1,0.1,0,2,0.05,0.2,0,1
60,60,0.0,-0.11797677,-0.10554186,0.0,-0.44871795,-0.42307693,0.1,-0.023231238,-0.033046268,154.0,1.0,24153,3,0.2,0.1,0.1,0,2,0.05,0.2,0,1
61,61,0.0,-0.11797241,-0.10554012,0.0,-0.012820497,-0.5,0.1,-0.005641956,-0.03304627,209.0,1.0,24153,3,0.2,0.1,0.1,0,2,0.05,0.2,0,1
62,62,0.0,-0.117972516,-0.10553997,0.0,-0.42307693,-0.21794872,0.1,-0.026162637,-0.03304627,172.0,1.0,24153,3,0.2,0.1,0.1,0,2,0.05,0.2,0,1
63,63,0.0,4.001469,-0.0050023957,0.0,0.34615386,-0.064102545,0.1,-0.002948713,-0.041353375,1510.0,0.0,24153,3,0.2,0.1,0.1,0,2,0.05,0.2,0,1
64,64,0.0,-0.11797784,-0.10554276,0.0,-0.2948718,-0.3974359,0.1,-0.023864841,-0.033046264,186.0,1.0,24153,3,0.2,0.1,0.1,0,2,0.05,0.2,0,1
65,65,0.0,-0.11797543,-0.10554005,0.0,-0.3974359,-0.21794872,0.1,-0.027089912,-0.033046268,173.0,1.0,24153,3,0.2,0.1,0.1,0,2,0.05,0.2,0,1
66,66,0.0,-0.117966905,-0.10553581,0.0,-0.14102565,0.47435898,0.1,-0.0051131956,-0.03304627,203.0,1.0,24153,3,0.2,0.1,0.1,0,2,0.05,0.2,0,1
67,67,0.0,-0.117970854,-0.105538175,0.0,-0.37179488,-0.14102565,0.1,-0.027610198,-0.03304627,179.0,1.0,24153,3,0.2,0.1,0.1,0,2,0.05,0.2,0,1
68,68,0.0,4.0000243,-0.005001023,0.0,0.5,-0.42307693,0.1,-0.0014926145,-0.041352373,502.0,0.0,24153,3,0.2,0.1,0.1,0,2,0.05,0.2,0,1
69,69,0.0,-0.117978916,-0.10554279,0.0,-0.47435898,-0.16666667,0.1,-0.024356186,-0.033046257,186.0,1.0,24153,3,0.2,0.1,0.1,0,2,0.05,0.2,0,1
70,70,0.0,4.0022764,-0.0050022015,0.0,0.44871795,-0.26923078,0.1,-0.0019704704,-0.0413538,783.0,0.0,24153,3,0.2,0.1,0.1,0,2,0.05,0.2,0,1
71,71,0.0,-0.117978774,-0.10554291,0.0,0.21794873,-0.0897436,0.1,-0.004330252,-0.033046268,202.0,1.0,24153,3,0.2,0.1,0.1,0,2,0.05,0.2,0,1
72,72,0.0,-0.117973626,-0.10554071,0.0,-0.03846152,-0.32051283,0.1,-0.012465969,-0.033046268,202.0,1.0,24153,3,0.2,0.1,0.1,0,2,0.05,0.2,0,1
73,73,0.0,-0.11796769,-0.10553715,0.0,0.14102566,0.24358976,0.1,-0.0059515596,-0.033046268,184.0,1.0,24153,3,0.2,0.1,0.1,0,2,0.05,0.2,0,1
74,74,0.0,-0.1179666,-0.1055355,0.0,-0.21794872,-0.14102565,0.1,-0.032142486,-0.033046264,166.0,1.0,24153,3,0.2,0.1,0.1,0,2,0.05,0.2,0,1
75,75,0.0,4.001776,-0.0050022057,0.0,0.3974359,-0.1923077,0.1,-0.00210795,-0.041353513,1044.0,0.0,24153,3,0.2,0.1,0.1,0,2,0.05,0.2,0,1
76,76,0.0,-0.11797817,-0.105542295,0.0,0.14102566,-0.5,0.1,-0.0022849762,-0.033046264,202.0,1.0,24153,3,0.2,0.1,0.1,0,2,0.05,0.2,0,1
77,77,0.0,-0.1179752,-0.10554095,0.0,0.16666669,0.47435898,0.1,-0.003136184,-0.033046264,203.0,1.0,24153,3,0.2,0.1,0.1,0,2,0.05,0.2,0,1
78,78,0.0,-0.117966525,-0.10553561,0.0,0.24358976,-0.37179488,0.1,-0.0015608732,-0.03304627,209.0,1.0,24153,3,0.2,0.1,0.1,0,2,0.05,0.2,0,1
79,79,0.0,-0.11797701,-0.10554137,0.0,-0.21794872,0.012820527,0.1,-0.026437053,-0.033046264,178.0,1.0,24153,3,0.2,0.1,0.1,0,2,0.05,0.2,0,1
80,80,0.0,4.0017304,-0.005002723,0.0,0.44871795,0.064102575,0.1,-0.007809065,-0.041353494,1318.0,0.0,24153,3,0.2,0.1,0.1,0,2,0.05,0.2,0,1
81,81,0.0,-0.11797764,-0.105542704,0.0,0.064102575,0.5,0.1,-0.0039471053,-0.033046264,216.0,1.0,24153,3,0.2,0.1,0.1,0,2,0.05,0.2,0,1
82,82,0.0,-0.11797513,-0.105540834,0.0,-0.5,0.16666669,0.1,-0.014734149,-0.03304627,181.0,1.0,24153,3,0.2,0.1,0.1,0,2,0.05,0.2,0,1
83,83,0.0,-0.11797349,-0.10553999,0.0,-0.012820497,0.24358976,0.1,-0.010866781,-0.03304627,194.0,1.0,24153,3,0.2,0.1,0.1,0,2,0.05,0.2,0,1
84,84,0.0,-0.11797132,-0.105537966,0.0,-0.14102565,-0.21794872,0.1,-0.028905852,-0.033046268,169.0,1.0,24153,3,0.2,0.1,0.1,0,2,0.05,0.2,0,1
85,85,0.0,-0.117966495,-0.1055356,0.0,0.42307693,0.42307693,0.1,-0.0011116237,-0.03304627,199.0,1.0,24153,3,0.2,0.1,0.1,0,2,0.05,0.2,0,1
86,86,0.0,-0.11796674,-0.10553612,0.0,-0.26923078,0.19230771,0.1,-0.015065392,-0.033046275,186.0,1.0,24153,3,0.2,0.1,0.1,0,2,0.05,0.2,0,1
87,87,0.0,-0.11796527,-0.10553497,0.0,-0.24358974,0.14102566,0.1,-0.018336741,-0.03304627,179.0,1.0,24153,3,0.2,0.1,0.1,0,2,0.05,0.2,0,1
88,88,0.0,-0.117979005,-0.105543084,0.0,0.14102566,-0.44871795,0.1,-0.002471377,-0.03304626,207.0,1.0,24153,3,0.2,0.1,0.1,0,2,0.05,0.2,0,1
89,89,0.0,4.00135,-0.0050027575,0.0,0.42307693,0.012820527,0.1,-0.011504776,-0.04135325,1565.0,0.0,24153,3,0.2,0.1,0.1,0,2,0.05,0.2,0,1
90,90,0.0,-0.11797825,-0.10554287,0.0,-0.03846152,0.34615386,0.1,-0.007782587,-0.033046264,205.0,1.0,24153,3,0.2,0.1,0.1,0,2,0.05,0.2,0,1
91,91,0.0,-0.11796927,-0.105536975,0.0,-0.44871795,0.03846155,0.1,-0.022181965,-0.033046268,179.0,1.0,24153,3,0.2,0.1,0.1,0,2,0.05,0.2,0,1
92,92,0.0,-0.11797219,-0.10553925,0.0,-0.44871795,-0.3974359,0.1,-0.023759374,-0.03304627,178.0,1.0,24153,3,0.2,0.1,0.1,0,2,0.05,0.2,0,1
93,93,0.0,-0.11797684,-0.10554107,0.0,0.2948718,-0.11538462,0.1,-0.0015520301,-0.03304627,210.0,1.0,24153,3,0.2,0.1,0.1,0,2,0.05,0.2,0,1
94,94,0.0,4.001195,-0.0050021927,0.0,0.3974359,0.16666669,0.1,-0.0016708957,-0.041353192,1190.0,0.0,24153,3,0.2,0.1,0.1,0,2,0.05,0.2,0,1
95,95,0.0,-0.11796965,-0.10553877,0.0,0.21794873,-0.44871795,0.1,-0.0016377245,-0.033046268,197.0,1.0,24153,3,0.2,0.1,0.1,0,2,0.05,0.2,0,1
96,96,0.0,-0.11797782,-0.10554273,0.0,0.14102566,0.5,0.1,-0.0032313198,-0.03304627,210.0,1.0,24153,3,0.2,0.1,0.1,0,2,0.05,0.2,0,1
97,97,0.0,-0.11797708,-0.10554228,0.0,0.14102566,0.21794873,0.1,-0.006423232,-0.03304627,200.0,1.0,24153,3,0.2,0.1,0.1,0,2,0.05,0.2,0,1
98,98,0.0,4.0001373,-0.0050015943,0.0,0.44871795,-0.14102565,0.1,-0.0039085145,-0.041352462,1065.0,0.0,24153,3,0.2,0.1,0.1,0,2,0.05,0.2,0,1
99,99,0.0,-0.11796772,-0.10553605,0.0,-0.0897436,0.42307693,0.1,-0.006112972,-0.033046264,199.0,1.0,24153,3,0.2,0.1,0.1,0,2,0.05,0.2,0,1
