,Unnamed: 0,e1,e2,e3,e4,e5,e0_1,e0_2,e0_3,e0_4,e0_5,Gamma,eta0,eta,count,success,seed,N,Jmax,alpha,gleak,ex,lk,rate,T,pl,all
0,0,0.0,0.15438686,-0.03999371,-0.25790697,-0.1805173,0.0,-0.16666664,-0.16666664,0.16666669,-0.16666664,0.1,-0.0057731005,-0.020630604,145.0,1.0,10461,5,0.2,3.0,0.1,0,4,0.1,0.2,1,1
1,1,0.0,0.13371915,0.02406231,0.054259233,-0.06325812,0.0,-0.5,-0.16666664,-0.16666664,0.16666669,0.1,-0.0020861477,-0.021180607,166.0,1.0,10461,5,0.2,3.0,0.1,0,4,0.1,0.2,1,1
2,2,0.0,0.13397825,0.024181357,0.05455843,-0.063131474,0.0,-0.16666664,-0.5,0.16666669,0.5,0.1,-0.00039089462,-0.021180606,174.0,1.0,10461,5,0.2,3.0,0.1,0,4,0.1,0.2,1,1
3,3,0.0,0.13396327,0.024135016,0.054500487,-0.06316268,0.0,0.16666669,-0.5,0.5,0.16666669,0.1,-0.0001028497,-0.021180606,150.0,1.0,10461,5,0.2,3.0,0.1,0,4,0.1,0.2,1,1
4,4,0.0,0.13390712,0.024085961,0.054421257,-0.063190155,0.0,0.16666669,0.5,0.16666669,0.5,0.1,-0.0014378295,-0.02118061,167.0,1.0,10461,5,0.2,3.0,0.1,0,4,0.1,0.2,1,1
5,5,0.0,0.15434891,-0.04001075,-0.25785547,-0.1805093,0.0,-0.5,0.5,-0.5,0.16666669,0.1,-0.0021585298,-0.020630596,166.0,1.0,10461,5,0.2,3.0,0.1,0,4,0.1,0.2,1,1
6,6,0.0,0.13356972,0.02403184,0.054135483,-0.06332133,0.0,-0.16666664,-0.5,0.5,-0.5,0.1,-0.0009825065,-0.021180602,178.0,1.0,10461,5,0.2,3.0,0.1,0,4,0.1,0.2,1,1
7,7,0.0,0.13302423,0.02380045,0.053560942,-0.06358422,0.0,0.5,0.5,-0.16666664,-0.16666664,0.1,-0.0029413532,-0.0211806,182.0,1.0,10461,5,0.2,3.0,0.1,0,4,0.1,0.2,1,1
8,8,0.0,0.13372064,0.024093764,0.05429643,-0.06325559,0.0,-0.5,-0.5,-0.16666664,-0.16666664,0.1,-0.0045963167,-0.021180598,160.0,1.0,10461,5,0.2,3.0,0.1,0,4,0.1,0.2,1,1
9,9,0.0,0.1338492,0.024054222,0.05434679,-0.06322702,0.0,0.5,-0.5,-0.16666664,0.16666669,0.1,-0.0011213411,-0.021180606,163.0,1.0,10461,5,0.2,3.0,0.1,0,4,0.1,0.2,1,1
10,10,0.0,0.13416228,0.024215374,0.05470986,-0.063064545,0.0,-0.16666664,0.16666669,0.16666669,0.16666669,0.1,-0.0038978623,-0.021180602,177.0,1.0,10461,5,0.2,3.0,0.1,0,4,0.1,0.2,1,1
11,11,0.0,0.15445827,-0.040001385,-0.25807562,-0.18053398,0.0,-0.5,0.5,0.5,-0.16666664,0.1,-4.5980498e-05,-0.020630611,163.0,1.0,10461,5,0.2,3.0,0.1,0,4,0.1,0.2,1,1
12,12,0.0,0.15453221,-0.039965138,-0.25815278,-0.18052694,0.0,-0.5,-0.16666664,0.5,0.16666669,0.1,-0.0006257477,-0.020630604,151.0,1.0,10461,5,0.2,3.0,0.1,0,4,0.1,0.2,1,1
13,13,0.0,0.15401572,-0.040184934,-0.2578226,-0.18058458,0.0,-0.5,-0.16666664,0.16666669,-0.16666664,0.1,-0.0015585779,-0.020630604,146.0,1.0,10461,5,0.2,3.0,0.1,0,4,0.1,0.2,1,1
14,14,0.0,0.15434934,-0.039986152,-0.25782058,-0.18050641,0.0,-0.16666664,-0.5,0.16666669,0.16666669,0.1,-0.0005978864,-0.020630596,152.0,1.0,10461,5,0.2,3.0,0.1,0,4,0.1,0.2,1,1
15,15,0.0,0.13282208,0.02373467,0.053375497,-0.063666604,0.0,-0.5,0.5,-0.16666664,0.16666669,0.1,-0.00010125479,-0.021180594,182.0,1.0,10461,5,0.2,3.0,0.1,0,4,0.1,0.2,1,1
16,16,0.0,0.13377996,0.024050575,0.0542917,-0.0632496,0.0,0.16666669,-0.16666664,-0.16666664,0.5,0.1,-0.0022292687,-0.021180604,162.0,1.0,10461,5,0.2,3.0,0.1,0,4,0.1,0.2,1,1
17,17,0.0,0.15434465,-0.04000997,-0.2578926,-0.18052775,0.0,-0.16666664,-0.5,-0.16666664,-0.16666664,0.1,-0.006404677,-0.020630596,146.0,1.0,10461,5,0.2,3.0,0.1,0,4,0.1,0.2,1,1
18,18,0.0,0.13410632,0.024169456,0.05463981,-0.0630951,0.0,0.16666669,0.16666669,0.16666669,-0.5,0.1,-0.0019729647,-0.021180607,166.0,1.0,10461,5,0.2,3.0,0.1,0,4,0.1,0.2,1,1
19,19,0.0,0.13390401,0.024086952,0.054422334,-0.06319632,0.0,0.16666669,0.5,-0.5,0.16666669,0.1,-0.0025616274,-0.02118061,152.0,1.0,10461,5,0.2,3.0,0.1,0,4,0.1,0.2,1,1
20,20,0.0,0.13310403,0.02383953,0.053649347,-0.06354,0.0,0.16666669,0.5,-0.16666664,-0.16666664,0.1,-0.0022605197,-0.0211806,241.0,1.0,10461,5,0.2,3.0,0.1,0,4,0.1,0.2,1,1
21,21,0.0,0.13365692,0.024005577,0.054177377,-0.063306615,0.0,-0.5,-0.16666664,-0.16666664,0.5,0.1,-0.0006811592,-0.0211806,169.0,1.0,10461,5,0.2,3.0,0.1,0,4,0.1,0.2,1,1
22,22,0.0,0.1336462,0.024067618,0.054222774,-0.063277625,0.0,-0.5,-0.5,-0.5,0.16666669,0.1,-0.0018108719,-0.02118061,163.0,1.0,10461,5,0.2,3.0,0.1,0,4,0.1,0.2,1,1
23,23,0.0,0.15427195,-0.040115748,-0.258025,-0.18053217,0.0,0.5,-0.16666664,-0.16666664,-0.16666664,0.1,-0.0045243227,-0.020630611,142.0,1.0,10461,5,0.2,3.0,0.1,0,4,0.1,0.2,1,1
24,24,0.0,0.13315232,0.023875821,0.053725723,-0.06350835,0.0,0.5,0.5,-0.16666664,0.16666669,0.1,-0.0009167413,-0.021180602,163.0,1.0,10461,5,0.2,3.0,0.1,0,4,0.1,0.2,1,1
25,25,0.0,0.154151,-0.040170603,-0.25806153,-0.18060102,0.0,0.16666669,0.16666669,0.5,-0.16666664,0.1,-0.0027663715,-0.020630598,140.0,1.0,10461,5,0.2,3.0,0.1,0,4,0.1,0.2,1,1
26,26,0.0,0.1338498,0.024098212,0.054394048,-0.06321995,0.0,-0.5,-0.16666664,0.16666669,0.16666669,0.1,-0.0013849378,-0.021180602,162.0,1.0,10461,5,0.2,3.0,0.1,0,4,0.1,0.2,1,1
27,27,0.0,0.13303144,0.023823403,0.053595748,-0.063565925,0.0,-0.5,-0.5,0.5,0.16666669,0.1,-0.00023914431,-0.0211806,180.0,1.0,10461,5,0.2,3.0,0.1,0,4,0.1,0.2,1,1
28,28,0.0,0.13406175,0.024215756,0.054640047,-0.063101724,0.0,0.16666669,0.16666669,0.5,0.16666669,0.1,-0.0037949022,-0.021180606,146.0,1.0,10461,5,0.2,3.0,0.1,0,4,0.1,0.2,1,1
29,29,0.0,0.1339241,0.024085794,0.054426353,-0.06319057,0.0,0.16666669,0.5,0.5,0.16666669,0.1,-0.0015690917,-0.021180611,160.0,1.0,10461,5,0.2,3.0,0.1,0,4,0.1,0.2,1,1
30,30,0.0,0.1333601,0.023921574,0.0539024,-0.063428305,0.0,-0.5,0.16666669,0.5,-0.16666664,0.1,-0.00014223722,-0.021180604,167.0,1.0,10461,5,0.2,3.0,0.1,0,4,0.1,0.2,1,1
31,31,0.0,0.13367791,0.02404034,0.05422304,-0.063279845,0.0,0.5,-0.5,0.5,-0.16666664,0.1,-0.00018991512,-0.021180613,166.0,1.0,10461,5,0.2,3.0,0.1,0,4,0.1,0.2,1,1
32,32,0.0,0.13363421,0.024057783,0.054218315,-0.06330212,0.0,-0.16666664,0.16666669,-0.5,0.16666669,0.1,-0.0024175176,-0.021180613,149.0,1.0,10461,5,0.2,3.0,0.1,0,4,0.1,0.2,1,1
33,33,0.0,0.13327274,0.0239038,0.053819176,-0.06345477,0.0,0.5,-0.5,0.16666669,-0.16666664,0.1,-0.000540231,-0.021180598,174.0,1.0,10461,5,0.2,3.0,0.1,0,4,0.1,0.2,1,1
34,34,0.0,0.13395719,0.024172686,0.05452233,-0.06314569,0.0,0.5,0.5,-0.5,0.16666669,0.1,-0.0006434936,-0.021180604,165.0,1.0,10461,5,0.2,3.0,0.1,0,4,0.1,0.2,1,1
35,35,0.0,0.13332635,0.023960847,0.05392592,-0.06343152,0.0,-0.5,0.16666669,0.5,-0.5,0.1,-0.00035956947,-0.021180607,171.0,1.0,10461,5,0.2,3.0,0.1,0,4,0.1,0.2,1,1
36,36,0.0,0.15465471,-0.039921965,-0.25821266,-0.1804996,0.0,-0.5,-0.16666664,0.5,0.5,0.1,-7.36746e-05,-0.020630606,148.0,1.0,10461,5,0.2,3.0,0.1,0,4,0.1,0.2,1,1
37,37,0.0,0.13375877,0.024095844,0.054322615,-0.0632379,0.0,-0.5,0.5,-0.16666664,-0.5,0.1,-0.0043327287,-0.02118061,156.0,1.0,10461,5,0.2,3.0,0.1,0,4,0.1,0.2,1,1
38,38,0.0,0.13351932,0.024000697,0.054082774,-0.06335258,0.0,0.16666669,-0.16666664,-0.5,0.5,0.1,-0.0018998468,-0.02118061,159.0,1.0,10461,5,0.2,3.0,0.1,0,4,0.1,0.2,1,1
39,39,0.0,0.13368224,0.023988232,0.05415649,-0.06329923,0.0,0.5,-0.5,-0.5,-0.16666664,0.1,-0.0054443553,-0.021180604,143.0,1.0,10461,5,0.2,3.0,0.1,0,4,0.1,0.2,1,1
40,40,0.0,0.13351732,0.024022302,0.05409401,-0.06334358,0.0,0.16666669,0.16666669,-0.16666664,0.16666669,0.1,-0.005971329,-0.021180604,142.0,1.0,10461,5,0.2,3.0,0.1,0,4,0.1,0.2,1,1
41,41,0.0,0.15417302,-0.04012213,-0.25782833,-0.18052912,0.0,-0.16666664,0.16666669,0.16666669,-0.16666664,0.1,-0.0045120507,-0.020630607,148.0,1.0,10461,5,0.2,3.0,0.1,0,4,0.1,0.2,1,1
42,42,0.0,0.133645,0.024023764,0.05417497,-0.063311845,0.0,-0.5,0.16666669,0.16666669,-0.5,0.1,-0.0014252274,-0.021180611,164.0,1.0,10461,5,0.2,3.0,0.1,0,4,0.1,0.2,1,1
43,43,0.0,0.1332722,0.023847668,0.053760786,-0.06348523,0.0,0.16666669,-0.16666664,0.16666669,0.5,0.1,-0.0012664971,-0.02118059,162.0,1.0,10461,5,0.2,3.0,0.1,0,4,0.1,0.2,1,1
44,44,0.0,0.13382068,0.024067618,0.054344155,-0.06323667,0.0,-0.16666664,-0.16666664,-0.16666664,0.5,0.1,-0.0015716285,-0.02118061,157.0,1.0,10461,5,0.2,3.0,0.1,0,4,0.1,0.2,1,1
45,45,0.0,0.13364089,0.02402733,0.054201305,-0.06330946,0.0,-0.16666664,-0.16666664,-0.16666664,0.16666669,0.1,-0.0061227093,-0.021180611,150.0,1.0,10461,5,0.2,3.0,0.1,0,4,0.1,0.2,1,1
46,46,0.0,0.13299038,0.023825124,0.05356483,-0.06358107,0.0,0.16666669,-0.16666664,0.5,0.5,0.1,-0.000754714,-0.021180598,195.0,1.0,10461,5,0.2,3.0,0.1,0,4,0.1,0.2,1,1
47,47,0.0,0.15452288,-0.039946202,-0.2580256,-0.18051058,0.0,-0.16666664,0.5,0.5,-0.5,0.1,-0.00014625015,-0.020630596,151.0,1.0,10461,5,0.2,3.0,0.1,0,4,0.1,0.2,1,1
48,48,0.0,0.1336346,0.024018504,0.054181002,-0.06330859,0.0,-0.5,-0.5,0.5,-0.16666664,0.1,-0.00013754964,-0.02118061,180.0,1.0,10461,5,0.2,3.0,0.1,0,4,0.1,0.2,1,1
49,49,0.0,0.13369188,0.024067655,0.054269508,-0.06326839,0.0,0.16666669,-0.16666664,0.16666669,-0.16666664,0.1,-0.008251473,-0.021180607,148.0,1.0,10461,5,0.2,3.0,0.1,0,4,0.1,0.2,1,1
50,50,0.0,0.15435272,-0.04004293,-0.25802046,-0.1805373,0.0,0.16666669,-0.16666664,-0.16666664,-0.5,0.1,-0.0077567482,-0.020630602,146.0,1.0,10461,5,0.2,3.0,0.1,0,4,0.1,0.2,1,1
51,51,0.0,0.13304314,0.023845127,0.053626105,-0.063554615,0.0,-0.16666664,0.5,0.16666669,-0.16666664,0.1,-0.0021005394,-0.021180594,301.0,1.0,10461,5,0.2,3.0,0.1,0,4,0.1,0.2,1,1
52,52,0.0,0.13353345,0.023981914,0.05408211,-0.063342124,0.0,0.5,0.16666669,0.16666669,-0.16666664,0.1,-0.005699584,-0.021180598,146.0,1.0,10461,5,0.2,3.0,0.1,0,4,0.1,0.2,1,1
53,53,0.0,0.13392378,0.024095783,0.05442256,-0.063183725,0.0,-0.5,0.5,-0.5,-0.5,0.1,-0.0006829241,-0.021180602,175.0,1.0,10461,5,0.2,3.0,0.1,0,4,0.1,0.2,1,1
54,54,0.0,0.1332035,0.02388782,0.05376292,-0.06348663,0.0,-0.16666664,-0.16666664,0.5,0.5,0.1,-0.00026144236,-0.021180606,172.0,1.0,10461,5,0.2,3.0,0.1,0,4,0.1,0.2,1,1
55,55,0.0,0.13345376,0.023952316,0.053987272,-0.063375615,0.0,0.16666669,-0.5,0.5,0.5,0.1,-0.00023957528,-0.021180606,164.0,1.0,10461,5,0.2,3.0,0.1,0,4,0.1,0.2,1,1
56,56,0.0,0.13356422,0.023971215,0.054069184,-0.06333706,0.0,0.16666669,-0.5,-0.5,0.16666669,0.1,-0.0021279564,-0.021180606,159.0,1.0,10461,5,0.2,3.0,0.1,0,4,0.1,0.2,1,1
57,57,0.0,0.15436907,-0.04000599,-0.25796807,-0.18053974,0.0,0.5,0.16666669,-0.5,0.16666669,0.1,-0.002026144,-0.0206306,146.0,1.0,10461,5,0.2,3.0,0.1,0,4,0.1,0.2,1,1
58,58,0.0,0.13369934,0.024048872,0.054221984,-0.06328727,0.0,0.16666669,-0.5,0.16666669,-0.16666664,0.1,-0.0011297868,-0.021180604,154.0,1.0,10461,5,0.2,3.0,0.1,0,4,0.1,0.2,1,1
59,59,0.0,0.15442027,-0.03999142,-0.25791833,-0.18049866,0.0,-0.16666664,-0.16666664,0.5,0.16666669,0.1,-0.0007061298,-0.020630602,150.0,1.0,10461,5,0.2,3.0,0.1,0,4,0.1,0.2,1,1
60,60,0.0,0.13362326,0.023997113,0.05411886,-0.06332027,0.0,-0.16666664,0.16666669,-0.16666664,-0.5,0.1,-0.0037138113,-0.021180606,159.0,1.0,10461,5,0.2,3.0,0.1,0,4,0.1,0.2,1,1
61,61,0.0,0.13295388,0.023798557,0.05351782,-0.06359898,0.0,0.5,-0.16666664,0.5,0.5,0.1,-0.00034260564,-0.021180598,196.0,1.0,10461,5,0.2,3.0,0.1,0,4,0.1,0.2,1,1
62,62,0.0,0.15433764,-0.040036518,-0.25792813,-0.18051852,0.0,-0.16666664,-0.5,0.16666669,-0.5,0.1,-0.003447285,-0.020630602,171.0,1.0,10461,5,0.2,3.0,0.1,0,4,0.1,0.2,1,1
63,63,0.0,0.1334632,0.024002964,0.054055635,-0.06336337,0.0,-0.16666664,-0.16666664,-0.5,0.5,0.1,-0.0016347192,-0.021180602,153.0,1.0,10461,5,0.2,3.0,0.1,0,4,0.1,0.2,1,1
64,64,0.0,0.13371485,0.024064453,0.05428534,-0.06325567,0.0,-0.16666664,-0.5,0.5,0.16666669,0.1,-0.0001398649,-0.021180602,166.0,1.0,10461,5,0.2,3.0,0.1,0,4,0.1,0.2,1,1
65,65,0.0,0.15431704,-0.040054727,-0.25788534,-0.18051168,0.0,0.16666669,-0.5,-0.16666664,0.16666669,0.1,-0.0024933321,-0.020630604,148.0,1.0,10461,5,0.2,3.0,0.1,0,4,0.1,0.2,1,1
66,66,0.0,0.13347933,0.02393801,0.053983558,-0.063384846,0.0,-0.5,0.5,0.5,-0.5,0.1,-0.00031464171,-0.021180606,171.0,1.0,10461,5,0.2,3.0,0.1,0,4,0.1,0.2,1,1
67,67,0.0,0.13376428,0.024073469,0.054319628,-0.06324525,0.0,0.5,-0.16666664,-0.16666664,0.16666669,0.1,-0.006741707,-0.021180606,149.0,1.0,10461,5,0.2,3.0,0.1,0,4,0.1,0.2,1,1
68,68,0.0,0.15419832,-0.040111084,-0.25800478,-0.18057966,0.0,-0.5,0.16666669,0.5,0.5,0.1,-0.00018833224,-0.02063061,152.0,1.0,10461,5,0.2,3.0,0.1,0,4,0.1,0.2,1,1
69,69,0.0,0.13302071,0.023810845,0.0535753,-0.06358031,0.0,0.5,0.5,0.16666669,0.16666669,0.1,-0.0070280433,-0.021180604,188.0,1.0,10461,5,0.2,3.0,0.1,0,4,0.1,0.2,1,1
70,70,0.0,0.13291049,0.023790397,0.053484723,-0.06361786,0.0,0.16666669,0.5,0.16666669,-0.16666664,0.1,-0.0026851986,-0.021180598,245.0,1.0,10461,5,0.2,3.0,0.1,0,4,0.1,0.2,1,1
71,71,0.0,0.13327709,0.023902666,0.0538273,-0.06345399,0.0,0.16666669,0.5,-0.5,0.5,0.1,-0.0005428532,-0.021180613,160.0,1.0,10461,5,0.2,3.0,0.1,0,4,0.1,0.2,1,1
72,72,0.0,0.13354303,0.02402664,0.054148175,-0.06333617,0.0,0.5,0.16666669,0.5,0.5,0.1,-0.0011321988,-0.02118061,164.0,1.0,10461,5,0.2,3.0,0.1,0,4,0.1,0.2,1,1
73,73,0.0,0.1336216,0.024002865,0.05414694,-0.06331263,0.0,-0.16666664,-0.5,-0.5,-0.5,0.1,-0.0142708365,-0.021180606,146.0,1.0,10461,5,0.2,3.0,0.1,0,4,0.1,0.2,1,1
74,74,0.0,0.1330515,0.02383385,0.053613983,-0.06355616,0.0,0.5,0.5,-0.5,-0.5,0.1,-0.0004664761,-0.021180594,181.0,1.0,10461,5,0.2,3.0,0.1,0,4,0.1,0.2,1,1
75,75,0.0,0.15416025,-0.040161934,-0.2580213,-0.18057126,0.0,0.5,0.5,-0.16666664,-0.5,0.1,-0.0023770134,-0.020630596,142.0,1.0,10461,5,0.2,3.0,0.1,0,4,0.1,0.2,1,1
76,76,0.0,0.13390888,0.02410774,0.054433793,-0.063182354,0.0,0.5,-0.16666664,-0.5,0.16666669,0.1,-0.003069529,-0.021180604,197.0,1.0,10461,5,0.2,3.0,0.1,0,4,0.1,0.2,1,1
77,77,0.0,0.1543087,-0.040046018,-0.25795367,-0.18054119,0.0,-0.16666664,-0.16666664,-0.16666664,-0.16666664,0.1,-0.016944243,-0.02063061,138.0,1.0,10461,5,0.2,3.0,0.1,0,4,0.1,0.2,1,1
78,78,0.0,0.13383098,0.024099488,0.05439717,-0.0632242,0.0,-0.5,0.16666669,-0.16666664,-0.16666664,0.1,-0.0011327493,-0.021180606,162.0,1.0,10461,5,0.2,3.0,0.1,0,4,0.1,0.2,1,1
79,79,0.0,0.13384435,0.024042353,0.05430754,-0.063227385,0.0,-0.5,-0.16666664,-0.5,-0.5,0.1,-0.010622267,-0.021180606,156.0,1.0,10461,5,0.2,3.0,0.1,0,4,0.1,0.2,1,1
80,80,0.0,0.15464255,-0.039891385,-0.258088,-0.1804747,0.0,0.5,0.16666669,0.16666669,-0.5,0.1,-0.002408748,-0.020630607,172.0,1.0,10461,5,0.2,3.0,0.1,0,4,0.1,0.2,1,1
81,81,0.0,0.13354343,0.024006676,0.05410503,-0.06333774,0.0,0.5,-0.16666664,-0.16666664,0.5,0.1,-0.0024685957,-0.021180606,165.0,1.0,10461,5,0.2,3.0,0.1,0,4,0.1,0.2,1,1
82,82,0.0,0.13401207,0.024124185,0.05452601,-0.06315361,0.0,0.5,-0.5,0.16666669,0.16666669,0.1,-0.00088915176,-0.021180604,137.0,1.0,10461,5,0.2,3.0,0.1,0,4,0.1,0.2,1,1
83,83,0.0,0.1339062,0.024133187,0.054464556,-0.0631712,0.0,0.5,0.16666669,-0.5,-0.16666664,0.1,-0.0077300863,-0.021180606,160.0,1.0,10461,5,0.2,3.0,0.1,0,4,0.1,0.2,1,1
84,84,0.0,0.13352321,0.024011694,0.05408435,-0.06334293,0.0,-0.5,0.5,0.16666669,-0.5,0.1,-0.00088034896,-0.021180606,162.0,1.0,10461,5,0.2,3.0,0.1,0,4,0.1,0.2,1,1
85,85,0.0,0.13445011,0.024271458,0.054946005,-0.0629599,0.0,-0.5,0.16666669,-0.5,0.5,0.1,-0.0012471573,-0.0211806,243.0,1.0,10461,5,0.2,3.0,0.1,0,4,0.1,0.2,1,1
86,86,0.0,0.13308524,0.02385627,0.053667348,-0.06353701,0.0,0.16666669,0.5,-0.5,-0.5,0.1,-0.0007449225,-0.0211806,198.0,1.0,10461,5,0.2,3.0,0.1,0,4,0.1,0.2,1,1
87,87,0.0,0.1335712,0.024032835,0.05416902,-0.06332817,0.0,0.16666669,0.16666669,0.16666669,-0.16666664,0.1,-0.008100702,-0.02118061,135.0,1.0,10461,5,0.2,3.0,0.1,0,4,0.1,0.2,1,1
88,88,0.0,0.13319501,0.023911864,0.053788796,-0.06348395,0.0,0.16666669,0.16666669,0.5,0.5,0.1,-0.0015124952,-0.021180598,165.0,1.0,10461,5,0.2,3.0,0.1,0,4,0.1,0.2,1,1
89,89,0.0,0.13314047,0.023884514,0.05371445,-0.06350914,0.0,0.16666669,-0.5,0.5,-0.16666664,0.1,-0.0001919105,-0.021180594,175.0,1.0,10461,5,0.2,3.0,0.1,0,4,0.1,0.2,1,1
90,90,0.0,0.15403624,-0.040130798,-0.25769567,-0.18056081,0.0,-0.5,0.5,0.5,0.16666669,0.1,-0.0004754263,-0.020630604,136.0,1.0,10461,5,0.2,3.0,0.1,0,4,0.1,0.2,1,1
91,91,0.0,0.13367432,0.02400147,0.054174487,-0.063296415,0.0,-0.16666664,-0.16666664,0.16666669,0.5,0.1,-0.0010690662,-0.021180602,159.0,1.0,10461,5,0.2,3.0,0.1,0,4,0.1,0.2,1,1
92,92,0.0,0.13377118,0.024079803,0.054339703,-0.063235976,0.0,-0.5,0.16666669,0.5,0.16666669,0.1,-0.0011239405,-0.021180606,172.0,1.0,10461,5,0.2,3.0,0.1,0,4,0.1,0.2,1,1
93,93,0.0,0.13388269,0.024134383,0.05442609,-0.06318521,0.0,-0.16666664,0.5,0.16666669,-0.5,0.1,-0.00088014867,-0.02118061,158.0,1.0,10461,5,0.2,3.0,0.1,0,4,0.1,0.2,1,1
94,94,0.0,0.13369304,0.024030799,0.054234527,-0.063290685,0.0,0.16666669,-0.16666664,0.16666669,0.16666669,0.1,-0.0042755133,-0.021180604,136.0,1.0,10461,5,0.2,3.0,0.1,0,4,0.1,0.2,1,1
95,95,0.0,0.13375986,0.024022624,0.05423073,-0.06326581,0.0,-0.5,-0.5,0.16666669,0.16666669,0.1,-0.00037564547,-0.021180611,165.0,1.0,10461,5,0.2,3.0,0.1,0,4,0.1,0.2,1,1
96,96,0.0,0.13306366,0.02381944,0.053613767,-0.06354752,0.0,-0.16666664,0.16666669,0.16666669,0.5,0.1,-0.0014098404,-0.021180604,161.0,1.0,10461,5,0.2,3.0,0.1,0,4,0.1,0.2,1,1
97,97,0.0,0.15434983,-0.04005596,-0.25802764,-0.18052977,0.0,-0.16666664,0.16666669,0.5,-0.16666664,0.1,-0.00071176974,-0.020630606,145.0,1.0,10461,5,0.2,3.0,0.1,0,4,0.1,0.2,1,1
98,98,0.0,0.15423192,-0.04006425,-0.25773516,-0.18049711,0.0,-0.5,0.16666669,0.16666669,-0.16666664,0.1,-0.00077462837,-0.0206306,142.0,1.0,10461,5,0.2,3.0,0.1,0,4,0.1,0.2,1,1
99,99,0.0,0.15433744,-0.040000074,-0.25785935,-0.18052368,0.0,-0.5,-0.5,0.5,-0.5,0.1,-0.00024233152,-0.020630611,159.0,1.0,10461,5,0.2,3.0,0.1,0,4,0.1,0.2,1,1
