,Unnamed: 0,e1,e2,e3,e4,e5,e0_1,e0_2,e0_3,e0_4,e0_5,Gamma,eta0,eta,count,success,seed,N,Jmax,alpha,gleak,ex,lk,rate,T,pl,all
0,0,0.0,2.2383993,-0.07916116,4.0001473,-0.04225528,0.0,0.5,0.16666669,0.5,-0.5,0.1,-0.00035603045,-0.026763594,548.0,0.0,33673,5,0.2,1.0,0.1,0,4,0.1,0.2,1,1
1,1,0.0,-0.061780274,-0.15531276,-0.29603478,-0.18109925,0.0,0.16666669,-0.16666664,-0.16666664,0.5,0.1,-0.0020316166,-0.02018434,159.0,1.0,33673,5,0.2,1.0,0.1,0,4,0.1,0.2,1,1
2,2,0.0,-0.06185623,-0.15538159,-0.2959972,-0.1811158,0.0,-0.5,-0.16666664,-0.5,0.16666669,0.1,-0.004161026,-0.02018435,159.0,1.0,33673,5,0.2,1.0,0.1,0,4,0.1,0.2,1,1
3,3,0.0,4.001845,2.3043425,-0.32841414,-0.10740644,0.0,0.16666669,0.16666669,0.16666669,-0.5,0.1,-0.001086403,-0.028791392,774.0,0.0,33673,5,0.2,1.0,0.1,0,4,0.1,0.2,1,1
4,4,0.0,3.2632926,4.0023956,2.745721,-0.0003664868,0.0,0.5,0.5,0.5,-0.5,0.1,-0.00039105723,-0.025662595,445.0,0.0,33673,5,0.2,1.0,0.1,0,4,0.1,0.2,1,1
5,5,0.0,-0.06178873,-0.15537784,-0.2962271,-0.18113683,0.0,-0.16666664,0.16666669,-0.5,-0.16666664,0.1,-0.0014052236,-0.020184346,168.0,1.0,33673,5,0.2,1.0,0.1,0,4,0.1,0.2,1,1
6,6,0.0,4.001843,-0.064330466,-0.37768644,-0.0014516813,0.0,0.5,-0.16666664,-0.16666664,0.16666669,0.1,-0.005735148,-0.021358911,689.0,0.0,33673,5,0.2,1.0,0.1,0,4,0.1,0.2,1,1
7,7,0.0,-0.23331088,4.007174,3.3445895,-0.325346,0.0,-0.16666664,0.5,0.5,-0.16666664,0.1,-0.0014788103,-0.013467856,201.0,0.0,33673,5,0.2,1.0,0.1,0,4,0.1,0.2,1,1
8,8,0.0,-0.061856784,-0.15542968,-0.2961654,-0.18114063,0.0,-0.5,-0.5,0.16666669,0.16666669,0.1,-0.0007383815,-0.020184344,161.0,1.0,33673,5,0.2,1.0,0.1,0,4,0.1,0.2,1,1
9,9,0.0,-0.06182883,-0.15540285,-0.2961672,-0.18113355,0.0,-0.16666664,0.16666669,0.16666669,0.5,0.1,-0.0011940717,-0.02018434,135.0,1.0,33673,5,0.2,1.0,0.1,0,4,0.1,0.2,1,1
10,10,0.0,4.0018487,2.730391,-0.33245963,-0.10797407,0.0,0.16666669,0.5,-0.5,-0.5,0.1,-0.0007454495,-0.02894302,648.0,0.0,33673,5,0.2,1.0,0.1,0,4,0.1,0.2,1,1
11,11,0.0,4.002763,-0.06440342,-0.37795466,-0.0014992278,0.0,0.5,-0.16666664,-0.16666664,0.5,0.1,-0.0022369043,-0.021359159,345.0,0.0,33673,5,0.2,1.0,0.1,0,4,0.1,0.2,1,1
12,12,0.0,-0.23789586,2.0977883,4.0031996,-0.33300096,0.0,-0.5,-0.16666664,0.5,-0.5,0.1,-0.0019811206,-0.012848096,96.0,0.0,33673,5,0.2,1.0,0.1,0,4,0.1,0.2,1,1
13,13,0.0,-0.06181315,-0.1554048,-0.29618976,-0.18112674,0.0,0.16666669,-0.5,-0.16666664,-0.16666664,0.1,-0.0015617058,-0.020184346,159.0,1.0,33673,5,0.2,1.0,0.1,0,4,0.1,0.2,1,1
14,14,0.0,-0.23874806,4.005648,-0.22896162,-0.10873959,0.0,-0.5,0.5,-0.16666664,0.5,0.1,-0.00023188608,-0.01956944,203.0,0.0,33673,5,0.2,1.0,0.1,0,4,0.1,0.2,1,1
15,15,0.0,-0.061800558,-0.15534806,-0.29607192,-0.18111001,0.0,-0.16666664,-0.16666664,-0.5,-0.16666664,0.1,-0.013941297,-0.020184344,144.0,1.0,33673,5,0.2,1.0,0.1,0,4,0.1,0.2,1,1
16,16,0.0,-0.061847806,-0.15544054,-0.2962357,-0.18114865,0.0,0.16666669,-0.16666664,-0.16666664,-0.5,0.1,-0.0033443929,-0.02018434,147.0,1.0,33673,5,0.2,1.0,0.1,0,4,0.1,0.2,1,1
17,17,0.0,2.0855653,-0.07930372,4.0048485,-0.04207625,0.0,0.5,-0.16666664,0.5,-0.5,0.1,-0.0009346711,-0.026761109,255.0,0.0,33673,5,0.2,1.0,0.1,0,4,0.1,0.2,1,1
18,18,0.0,4.003305,2.5257547,-0.33066088,-0.10773202,0.0,0.5,0.5,-0.16666664,0.16666669,0.1,-0.0017681288,-0.028884133,344.0,0.0,33673,5,0.2,1.0,0.1,0,4,0.1,0.2,1,1
19,19,0.0,-0.5732143,4.003241,-0.1388235,-0.556372,0.0,0.16666669,0.5,-0.16666664,-0.5,0.1,-0.0035018288,-0.010620767,435.0,0.0,33673,5,0.2,1.0,0.1,0,4,0.1,0.2,1,1
20,20,0.0,-0.23221822,4.0061083,3.695255,-0.32513598,0.0,-0.16666664,0.5,0.5,0.16666669,0.1,-0.0023595884,-0.013540521,242.0,0.0,33673,5,0.2,1.0,0.1,0,4,0.1,0.2,1,1
21,21,0.0,-0.06178132,-0.15529138,-0.2959571,-0.18105061,0.0,0.16666669,0.16666669,0.16666669,0.5,0.1,-0.002072652,-0.020184351,145.0,1.0,33673,5,0.2,1.0,0.1,0,4,0.1,0.2,1,1
22,22,0.0,-0.061768964,-0.15532033,-0.29606786,-0.1811058,0.0,0.5,0.5,0.5,0.5,0.1,-0.00066880323,-0.020184347,169.0,1.0,33673,5,0.2,1.0,0.1,0,4,0.1,0.2,1,1
23,23,0.0,-0.061808858,-0.15537617,-0.29616797,-0.18114245,0.0,-0.5,-0.16666664,-0.16666664,0.5,0.1,-0.00076499226,-0.020184344,153.0,1.0,33673,5,0.2,1.0,0.1,0,4,0.1,0.2,1,1
24,24,0.0,2.1046257,-0.07928028,4.0009637,-0.04209357,0.0,0.5,-0.16666664,0.5,-0.16666664,0.1,-0.0027701543,-0.026760131,454.0,0.0,33673,5,0.2,1.0,0.1,0,4,0.1,0.2,1,1
25,25,0.0,-0.061894637,-0.15545233,-0.2960931,-0.18115272,0.0,-0.5,-0.16666664,0.16666669,0.16666669,0.1,-0.0010421992,-0.020184344,145.0,1.0,33673,5,0.2,1.0,0.1,0,4,0.1,0.2,1,1
26,26,0.0,-0.061839964,-0.1553928,-0.29604894,-0.18109465,0.0,-0.5,0.16666669,0.5,0.16666669,0.1,-0.0001745297,-0.020184347,148.0,1.0,33673,5,0.2,1.0,0.1,0,4,0.1,0.2,1,1
27,27,0.0,-0.061786655,-0.15532574,-0.29605812,-0.18107666,0.0,-0.16666664,-0.16666664,-0.16666664,-0.16666664,0.1,-0.017209722,-0.020184344,134.0,1.0,33673,5,0.2,1.0,0.1,0,4,0.1,0.2,1,1
28,28,0.0,0.12961665,-0.009651364,4.000641,-0.10574413,0.0,0.16666669,0.16666669,0.5,-0.16666664,0.1,-0.0006456691,-0.015543061,324.0,0.0,33673,5,0.2,1.0,0.1,0,4,0.1,0.2,1,1
29,29,0.0,-0.06180152,-0.15538234,-0.29614937,-0.18112867,0.0,0.5,0.5,0.16666669,-0.16666664,0.1,-0.00070035364,-0.020184347,156.0,1.0,33673,5,0.2,1.0,0.1,0,4,0.1,0.2,1,1
30,30,0.0,4.0029373,-0.0644108,-0.37799793,-0.0015065309,0.0,0.5,0.16666669,0.16666669,0.5,0.1,-0.00082756765,-0.021359218,289.0,0.0,33673,5,0.2,1.0,0.1,0,4,0.1,0.2,1,1
31,31,0.0,-0.06178235,-0.15536223,-0.29615897,-0.1811257,0.0,-0.5,-0.16666664,-0.5,0.5,0.1,-0.0011271177,-0.020184344,161.0,1.0,33673,5,0.2,1.0,0.1,0,4,0.1,0.2,1,1
32,32,0.0,-0.06180068,-0.1553446,-0.29607108,-0.18111317,0.0,-0.5,-0.5,0.16666669,0.5,0.1,-0.00027712094,-0.020184344,140.0,1.0,33673,5,0.2,1.0,0.1,0,4,0.1,0.2,1,1
33,33,0.0,-0.061736003,-0.15528758,-0.29612017,-0.1810764,0.0,-0.16666664,0.16666669,-0.16666664,0.16666669,0.1,-0.0018115795,-0.020184338,137.0,1.0,33673,5,0.2,1.0,0.1,0,4,0.1,0.2,1,1
34,34,0.0,-0.3168189,-0.4237776,4.000137,-0.53651947,0.0,-0.16666664,-0.16666664,0.5,-0.5,0.1,-0.00067113125,-0.011418267,252.0,0.0,33673,5,0.2,1.0,0.1,0,4,0.1,0.2,1,1
35,35,0.0,-0.13932283,4.0027742,-0.50978327,-0.3608331,0.0,-0.16666664,0.16666669,-0.5,-0.5,0.1,-0.0025694564,-0.017857162,511.0,0.0,33673,5,0.2,1.0,0.1,0,4,0.1,0.2,1,1
36,36,0.0,-0.23878941,4.002439,-0.2289935,-0.10878127,0.0,0.16666669,0.5,0.16666669,-0.16666664,0.1,-0.00060549844,-0.019568756,405.0,0.0,33673,5,0.2,1.0,0.1,0,4,0.1,0.2,1,1
37,37,0.0,-0.061860926,-0.15545326,-0.29620156,-0.18115272,0.0,0.16666669,0.16666669,0.16666669,0.16666669,0.1,-0.0047435155,-0.020184338,142.0,1.0,33673,5,0.2,1.0,0.1,0,4,0.1,0.2,1,1
38,38,0.0,-0.061834663,-0.15541816,-0.2961929,-0.1811624,0.0,0.16666669,0.5,-0.5,0.5,0.1,-0.00058834505,-0.020184347,143.0,1.0,33673,5,0.2,1.0,0.1,0,4,0.1,0.2,1,1
39,39,0.0,4.002229,2.891477,-0.3336796,-0.1081396,0.0,0.16666669,0.5,-0.16666664,-0.16666664,0.1,-0.0014745705,-0.028973866,774.0,0.0,33673,5,0.2,1.0,0.1,0,4,0.1,0.2,1,1
40,40,0.0,4.003451,2.7277007,-0.33238783,-0.107980184,0.0,0.5,0.5,-0.16666664,-0.5,0.1,-0.0041595874,-0.02894306,248.0,0.0,33673,5,0.2,1.0,0.1,0,4,0.1,0.2,1,1
41,41,0.0,-0.23881494,4.002929,-0.22901338,-0.10880521,0.0,-0.5,0.5,-0.5,-0.16666664,0.1,-0.0072640865,-0.019568846,477.0,0.0,33673,5,0.2,1.0,0.1,0,4,0.1,0.2,1,1
42,42,0.0,4.0012994,-0.06445705,-0.37818658,-0.001535537,0.0,0.5,0.16666669,0.16666669,0.16666669,0.1,-0.004393415,-0.021358779,418.0,0.0,33673,5,0.2,1.0,0.1,0,4,0.1,0.2,1,1
43,43,0.0,-0.35852563,0.24033208,0.07773496,-0.3991682,0.0,-0.16666664,0.16666669,0.16666669,-0.5,0.1,-0.0007635702,-0.00610497,134.0,1.0,33673,5,0.2,1.0,0.1,0,4,0.1,0.2,1,1
44,44,0.0,-0.06180596,-0.15539134,-0.29618207,-0.1811485,0.0,-0.5,-0.16666664,-0.16666664,0.16666669,0.1,-0.002756152,-0.020184344,163.0,1.0,33673,5,0.2,1.0,0.1,0,4,0.1,0.2,1,1
45,45,0.0,4.00134,-0.06433194,-0.37770575,-0.0014539971,0.0,0.5,-0.16666664,-0.5,-0.16666664,0.1,-0.013613078,-0.021358779,788.0,0.0,33673,5,0.2,1.0,0.1,0,4,0.1,0.2,1,1
46,46,0.0,-0.06178308,-0.15528393,-0.29592833,-0.18104082,0.0,-0.5,0.5,0.5,0.5,0.1,-0.00012485373,-0.020184347,165.0,1.0,33673,5,0.2,1.0,0.1,0,4,0.1,0.2,1,1
47,47,0.0,-0.061746556,-0.15535468,-0.29632148,-0.18116148,0.0,-0.5,0.16666669,0.5,0.5,0.1,-0.000112347356,-0.020184342,155.0,1.0,33673,5,0.2,1.0,0.1,0,4,0.1,0.2,1,1
48,48,0.0,2.4843218,3.7582133,4.006098,-0.007547264,0.0,0.5,0.16666669,0.5,-0.16666664,0.1,-0.0007994853,-0.025540829,138.0,0.0,33673,5,0.2,1.0,0.1,0,4,0.1,0.2,1,1
49,49,0.0,-0.31669334,-0.42363697,4.000142,-0.5363823,0.0,-0.16666664,-0.16666664,0.16666669,-0.5,0.1,-0.00049480225,-0.011418261,528.0,0.0,33673,5,0.2,1.0,0.1,0,4,0.1,0.2,1,1
50,50,0.0,-0.06178305,-0.15535237,-0.29618064,-0.18114166,0.0,-0.16666664,-0.16666664,-0.5,0.5,0.1,-0.0017698826,-0.020184344,157.0,1.0,33673,5,0.2,1.0,0.1,0,4,0.1,0.2,1,1
51,51,0.0,-0.061775446,-0.15531966,-0.29606208,-0.18109918,0.0,0.16666669,0.16666669,-0.5,-0.5,0.1,-0.0018779507,-0.020184346,151.0,1.0,33673,5,0.2,1.0,0.1,0,4,0.1,0.2,1,1
52,52,0.0,-0.06175279,-0.15527925,-0.29600924,-0.18106893,0.0,-0.16666664,-0.16666664,-0.16666664,0.5,0.1,-0.0016438355,-0.020184344,149.0,1.0,33673,5,0.2,1.0,0.1,0,4,0.1,0.2,1,1
53,53,0.0,-0.061831135,-0.15536717,-0.29604578,-0.18110193,0.0,-0.16666664,0.16666669,-0.16666664,-0.16666664,0.1,-0.0015260169,-0.02018435,152.0,1.0,33673,5,0.2,1.0,0.1,0,4,0.1,0.2,1,1
54,54,0.0,-0.23912616,4.000587,-0.22946388,-0.10898521,0.0,-0.5,0.5,0.16666669,0.16666669,0.1,-0.00024504037,-0.0195683,118.0,0.0,33673,5,0.2,1.0,0.1,0,4,0.1,0.2,1,1
55,55,0.0,-0.0617338,-0.15528053,-0.29606158,-0.18106873,0.0,-0.5,-0.5,-0.5,-0.16666664,0.1,-0.007892348,-0.020184342,145.0,1.0,33673,5,0.2,1.0,0.1,0,4,0.1,0.2,1,1
56,56,0.0,-0.23880762,4.0035906,-0.22900769,-0.1087985,0.0,-0.5,0.5,-0.5,0.16666669,0.1,-0.0031088828,-0.019569004,372.0,0.0,33673,5,0.2,1.0,0.1,0,4,0.1,0.2,1,1
57,57,0.0,-0.061819337,-0.15538178,-0.29612675,-0.18110824,0.0,0.16666669,0.16666669,-0.5,0.16666669,0.1,-0.0031387173,-0.020184344,142.0,1.0,33673,5,0.2,1.0,0.1,0,4,0.1,0.2,1,1
58,58,0.0,-0.061838288,-0.1553915,-0.29604432,-0.18111897,0.0,0.16666669,-0.16666664,-0.5,-0.5,0.1,-0.0054837684,-0.020184344,137.0,1.0,33673,5,0.2,1.0,0.1,0,4,0.1,0.2,1,1
59,59,0.0,-0.061821863,-0.15539505,-0.29611713,-0.18110588,0.0,-0.5,-0.16666664,-0.16666664,-0.16666664,0.1,-0.004201063,-0.020184344,154.0,1.0,33673,5,0.2,1.0,0.1,0,4,0.1,0.2,1,1
60,60,0.0,-0.061769597,-0.15532632,-0.29608214,-0.18110271,0.0,0.16666669,-0.16666664,-0.16666664,-0.16666664,0.1,-0.0044695595,-0.020184344,148.0,1.0,33673,5,0.2,1.0,0.1,0,4,0.1,0.2,1,1
61,61,0.0,1.9520954,-0.0794369,4.0042334,-0.041956253,0.0,0.5,-0.5,0.5,0.16666669,0.1,-0.0008136362,-0.026750773,311.0,0.0,33673,5,0.2,1.0,0.1,0,4,0.1,0.2,1,1
62,62,0.0,-0.13930719,4.001201,-0.5097397,-0.36083522,0.0,-0.16666664,0.5,-0.16666664,-0.5,0.1,-0.0012745999,-0.017856741,343.0,0.0,33673,5,0.2,1.0,0.1,0,4,0.1,0.2,1,1
63,63,0.0,-0.23210321,4.0055547,3.7367592,-0.3251181,0.0,-0.5,0.5,0.5,-0.16666664,0.1,-0.0005643678,-0.013548686,183.0,0.0,33673,5,0.2,1.0,0.1,0,4,0.1,0.2,1,1
64,64,0.0,0.13155489,-0.007982871,4.0095544,-0.10503081,0.0,-0.5,-0.16666664,0.5,0.16666669,0.1,-0.0007174285,-0.015544802,176.0,0.0,33673,5,0.2,1.0,0.1,0,4,0.1,0.2,1,1
65,65,0.0,-0.31669307,-0.42363676,4.0033736,-0.5363824,0.0,0.16666669,-0.16666664,0.5,-0.16666664,0.1,-0.0018858005,-0.011418901,313.0,0.0,33673,5,0.2,1.0,0.1,0,4,0.1,0.2,1,1
66,66,0.0,-0.061825864,-0.15536459,-0.29604307,-0.18109928,0.0,-0.5,-0.5,-0.16666664,-0.5,0.1,-0.0010046962,-0.020184342,145.0,1.0,33673,5,0.2,1.0,0.1,0,4,0.1,0.2,1,1
67,67,0.0,-0.061732877,-0.15525965,-0.29603076,-0.18104784,0.0,-0.5,-0.16666664,0.5,0.5,0.1,-9.127235e-05,-0.020184347,156.0,1.0,33673,5,0.2,1.0,0.1,0,4,0.1,0.2,1,1
68,68,0.0,-0.061835084,-0.15545756,-0.29631492,-0.18117861,0.0,-0.16666664,0.16666669,0.16666669,0.16666669,0.1,-0.004061959,-0.020184342,150.0,1.0,33673,5,0.2,1.0,0.1,0,4,0.1,0.2,1,1
69,69,0.0,-0.061791934,-0.15534922,-0.29607016,-0.18110771,0.0,-0.16666664,-0.16666664,-0.5,0.16666669,0.1,-0.0049644983,-0.020184344,152.0,1.0,33673,5,0.2,1.0,0.1,0,4,0.1,0.2,1,1
70,70,0.0,4.001335,-0.0643397,-0.37771985,-0.0014566759,0.0,0.5,-0.5,0.16666669,0.5,0.1,-0.0003751225,-0.021358773,590.0,0.0,33673,5,0.2,1.0,0.1,0,4,0.1,0.2,1,1
71,71,0.0,0.12900004,-0.0101402495,4.0106053,-0.10598271,0.0,-0.16666664,-0.5,0.5,-0.5,0.1,-0.0049422006,-0.01554657,144.0,0.0,33673,5,0.2,1.0,0.1,0,4,0.1,0.2,1,1
72,72,0.0,0.1295726,-0.009689391,4.0018873,-0.1057675,0.0,-0.5,-0.16666664,0.16666669,-0.16666664,0.1,-0.00055723876,-0.01554353,563.0,0.0,33673,5,0.2,1.0,0.1,0,4,0.1,0.2,1,1
73,73,0.0,0.12799479,-0.010826981,4.009763,-0.106320776,0.0,-0.5,-0.5,0.5,-0.5,0.1,-0.003279242,-0.015545617,105.0,0.0,33673,5,0.2,1.0,0.1,0,4,0.1,0.2,1,1
74,74,0.0,-0.061831195,-0.15538248,-0.29607323,-0.1811122,0.0,-0.16666664,-0.16666664,0.16666669,-0.16666664,0.1,-0.0007261572,-0.020184344,145.0,1.0,33673,5,0.2,1.0,0.1,0,4,0.1,0.2,1,1
75,75,0.0,-0.061808947,-0.15533994,-0.29605496,-0.18110166,0.0,-0.16666664,-0.5,-0.5,0.16666669,0.1,-0.0038828389,-0.020184347,157.0,1.0,33673,5,0.2,1.0,0.1,0,4,0.1,0.2,1,1
76,76,0.0,-0.061787948,-0.15534237,-0.29610318,-0.18110134,0.0,-0.16666664,-0.5,0.16666669,0.16666669,0.1,-0.00096566876,-0.020184344,160.0,1.0,33673,5,0.2,1.0,0.1,0,4,0.1,0.2,1,1
77,77,0.0,-0.23871885,4.0050316,-0.22893609,-0.108720966,0.0,-0.16666664,0.5,0.16666669,-0.16666664,0.1,-0.0015717403,-0.01956931,179.0,0.0,33673,5,0.2,1.0,0.1,0,4,0.1,0.2,1,1
78,78,0.0,-0.2387424,4.0017295,-0.2289562,-0.10873289,0.0,-0.16666664,0.5,-0.16666664,0.5,0.1,-0.0012795845,-0.019568602,223.0,0.0,33673,5,0.2,1.0,0.1,0,4,0.1,0.2,1,1
79,79,0.0,1.8749326,-0.07950553,4.000496,-0.04190446,0.0,0.5,-0.5,0.5,-0.16666664,0.1,-0.0015871658,-0.026739744,272.0,0.0,33673,5,0.2,1.0,0.1,0,4,0.1,0.2,1,1
80,80,0.0,-0.061753042,-0.15529568,-0.29608822,-0.18109092,0.0,-0.16666664,-0.5,-0.16666664,0.5,0.1,-0.00077373744,-0.020184344,158.0,1.0,33673,5,0.2,1.0,0.1,0,4,0.1,0.2,1,1
81,81,0.0,-0.061849613,-0.15539753,-0.29609084,-0.18112922,0.0,0.16666669,-0.16666664,0.16666669,0.16666669,0.1,-0.0016737024,-0.020184344,150.0,1.0,33673,5,0.2,1.0,0.1,0,4,0.1,0.2,1,1
82,82,0.0,-0.061797384,-0.15543614,-0.2963473,-0.18116312,0.0,-0.5,-0.16666664,0.16666669,0.5,0.1,-0.00036215616,-0.02018434,146.0,1.0,33673,5,0.2,1.0,0.1,0,4,0.1,0.2,1,1
83,83,0.0,-0.06178578,-0.15538679,-0.29626217,-0.18116628,0.0,0.16666669,0.16666669,-0.5,0.5,0.1,-0.0015461668,-0.020184347,157.0,1.0,33673,5,0.2,1.0,0.1,0,4,0.1,0.2,1,1
84,84,0.0,-0.061804004,-0.15535524,-0.29606348,-0.18108477,0.0,0.5,0.16666669,0.5,0.5,0.1,-0.000513079,-0.020184344,161.0,1.0,33673,5,0.2,1.0,0.1,0,4,0.1,0.2,1,1
85,85,0.0,2.1014705,-0.07928506,4.000554,-0.042091206,0.0,0.16666669,-0.16666664,0.5,0.16666669,0.1,-0.0005116033,-0.026759744,663.0,0.0,33673,5,0.2,1.0,0.1,0,4,0.1,0.2,1,1
86,86,0.0,-0.14629813,2.7143753,4.000068,0.1269596,0.0,-0.5,0.5,0.5,0.16666669,0.1,-0.00063685456,-0.0046151318,1158.0,0.0,33673,5,0.2,1.0,0.1,0,4,0.1,0.2,1,1
87,87,0.0,-0.061832502,-0.15534945,-0.29596213,-0.18107681,0.0,-0.16666664,0.5,0.5,0.5,0.1,-0.00027376242,-0.020184347,155.0,1.0,33673,5,0.2,1.0,0.1,0,4,0.1,0.2,1,1
88,88,0.0,4.0023355,-0.06442802,-0.3780942,-0.0015186655,0.0,0.5,-0.16666664,-0.16666664,-0.16666664,0.1,-0.004770613,-0.021359064,647.0,0.0,33673,5,0.2,1.0,0.1,0,4,0.1,0.2,1,1
89,89,0.0,-0.061789706,-0.15534736,-0.2960726,-0.18108769,0.0,0.16666669,-0.5,-0.5,-0.5,0.1,-0.002596435,-0.020184342,152.0,1.0,33673,5,0.2,1.0,0.1,0,4,0.1,0.2,1,1
90,90,0.0,1.9704163,-0.07941309,4.0024514,-0.041967876,0.0,0.5,0.16666669,0.5,0.16666669,0.1,-0.00083758216,-0.02675171,370.0,0.0,33673,5,0.2,1.0,0.1,0,4,0.1,0.2,1,1
91,91,0.0,-0.06175629,-0.15529098,-0.29601,-0.18106481,0.0,0.16666669,-0.5,0.16666669,0.5,0.1,-0.00061686954,-0.020184342,137.0,1.0,33673,5,0.2,1.0,0.1,0,4,0.1,0.2,1,1
92,92,0.0,0.1572029,-0.0024584578,4.0435376,-0.10163646,0.0,-0.5,-0.5,0.5,0.5,0.1,-0.00011196854,-0.015081609,71.0,0.0,33673,5,0.2,1.0,0.1,0,4,0.1,0.2,1,1
93,93,0.0,-0.06173358,-0.15533678,-0.29629177,-0.18115398,0.0,-0.16666664,-0.5,-0.5,0.5,0.1,-0.0011709632,-0.020184342,145.0,1.0,33673,5,0.2,1.0,0.1,0,4,0.1,0.2,1,1
94,94,0.0,-0.06184979,-0.15544029,-0.29620492,-0.181168,0.0,0.5,0.16666669,-0.16666664,0.5,0.1,-0.000825829,-0.020184346,134.0,1.0,33673,5,0.2,1.0,0.1,0,4,0.1,0.2,1,1
95,95,0.0,-0.06178868,-0.15536644,-0.2961574,-0.18113922,0.0,0.16666669,0.16666669,-0.5,-0.16666664,0.1,-0.008993425,-0.02018435,144.0,1.0,33673,5,0.2,1.0,0.1,0,4,0.1,0.2,1,1
96,96,0.0,-0.23881309,4.0048323,-0.22901163,-0.108808644,0.0,-0.5,0.16666669,-0.5,-0.5,0.1,-0.0033493869,-0.019569261,264.0,0.0,33673,5,0.2,1.0,0.1,0,4,0.1,0.2,1,1
97,97,0.0,-0.061714374,-0.15527794,-0.2961436,-0.1810893,0.0,0.16666669,0.5,0.5,0.5,0.1,-0.00076301966,-0.020184344,157.0,1.0,33673,5,0.2,1.0,0.1,0,4,0.1,0.2,1,1
98,98,0.0,4.0009937,2.320169,-0.3286012,-0.10743158,0.0,0.5,0.16666669,-0.16666664,-0.16666664,0.1,-0.004334431,-0.028798742,770.0,0.0,33673,5,0.2,1.0,0.1,0,4,0.1,0.2,1,1
99,99,0.0,-0.06178414,-0.15539326,-0.2962685,-0.1811378,0.0,0.16666669,-0.5,0.5,0.5,0.1,-0.00042539553,-0.020184344,164.0,1.0,33673,5,0.2,1.0,0.1,0,4,0.1,0.2,1,1
