,Unnamed: 0,e1,e2,e3,e4,e5,e6,e0_1,e0_2,e0_3,e0_4,e0_5,e0_6,Gamma,eta0,eta,count,success,seed,N,Jmax,alpha,gleak,ex,lk,rate,T,pl,all
0,0,0.0,0.16615145,-0.019932685,-0.07867828,-0.29213515,-0.2189864,0.0,-0.16666664,-0.16666664,-0.5,0.16666669,0.16666669,0.1,-0.0007742264,-0.017501613,142.0,1.0,94093,6,0.2,3.0,0.1,0,5,0.1,0.2,1,1
1,1,0.0,0.16748907,-0.018309865,-0.077093236,-0.29279986,-0.2188748,0.0,-0.16666664,0.16666669,-0.16666664,0.5,-0.5,0.1,-0.0004063174,-0.017501626,140.0,1.0,94093,6,0.2,3.0,0.1,0,5,0.1,0.2,1,1
2,2,0.0,0.16571358,-0.020641197,-0.07928698,-0.2917942,-0.2190153,0.0,-0.16666664,-0.5,0.5,0.5,-0.16666664,0.1,-0.0002840424,-0.0175016,184.0,1.0,94093,6,0.2,3.0,0.1,0,5,0.1,0.2,1,1
3,3,0.0,0.16841806,-0.016847422,-0.07582471,-0.29345647,-0.21879967,0.0,-0.5,0.16666669,-0.16666664,-0.16666664,0.16666669,0.1,-0.00065158925,-0.017501619,157.0,1.0,94093,6,0.2,3.0,0.1,0,5,0.1,0.2,1,1
4,4,0.0,0.16544223,-0.020827148,-0.07947143,-0.29170635,-0.2190532,0.0,-0.5,0.5,0.16666669,-0.5,-0.16666664,0.1,-0.0008609874,-0.017501602,187.0,1.0,94093,6,0.2,3.0,0.1,0,5,0.1,0.2,1,1
5,5,0.0,0.098539636,0.041822024,-0.0063539324,-0.0029774557,-0.09464705,0.0,0.5,-0.16666664,0.16666669,0.5,-0.5,0.1,-0.00025059027,-0.017732251,167.0,1.0,94093,6,0.2,3.0,0.1,0,5,0.1,0.2,1,1
6,6,0.0,0.09915328,0.042304255,-0.0057468996,-0.0020557197,-0.09417096,0.0,-0.5,0.5,-0.5,-0.5,0.5,0.1,-0.00020788726,-0.017732251,182.0,1.0,94093,6,0.2,3.0,0.1,0,5,0.1,0.2,1,1
7,7,0.0,0.16585317,-0.020394823,-0.0791064,-0.29195416,-0.2189991,0.0,-0.16666664,-0.16666664,0.16666669,0.16666669,-0.16666664,0.1,-0.0026350582,-0.017501619,159.0,1.0,94093,6,0.2,3.0,0.1,0,5,0.1,0.2,1,1
8,8,0.0,0.098822914,0.041996434,-0.0061038774,-0.0026153428,-0.09445277,0.0,0.16666669,-0.16666664,0.5,-0.5,0.5,0.1,-0.00034912754,-0.017732253,169.0,1.0,94093,6,0.2,3.0,0.1,0,5,0.1,0.2,1,1
9,9,0.0,0.098101705,0.041442208,-0.0068057277,-0.0036960102,-0.09503096,0.0,0.16666669,-0.5,0.5,0.16666669,0.16666669,0.1,-0.00021739617,-0.017732242,174.0,1.0,94093,6,0.2,3.0,0.1,0,5,0.1,0.2,1,1
10,10,0.0,0.09835468,0.0416519,-0.0065446566,-0.0033092073,-0.094825104,0.0,-0.16666664,-0.5,-0.5,-0.16666664,0.5,0.1,-0.0003808249,-0.017732248,176.0,1.0,94093,6,0.2,3.0,0.1,0,5,0.1,0.2,1,1
11,11,0.0,0.09824003,0.041567326,-0.006634573,-0.003453337,-0.09489692,0.0,-0.5,0.5,0.5,-0.16666664,0.16666669,0.1,-5.4263954e-05,-0.017732246,343.0,1.0,94093,6,0.2,3.0,0.1,0,5,0.1,0.2,1,1
12,12,0.0,0.098173104,0.041511867,-0.006728496,-0.0035760477,-0.0949512,0.0,0.5,-0.16666664,0.16666669,0.16666669,0.5,0.1,-0.001464051,-0.017732242,151.0,1.0,94093,6,0.2,3.0,0.1,0,5,0.1,0.2,1,1
13,13,0.0,0.099314496,0.042400938,-0.0056393417,-0.0018948707,-0.094062716,0.0,0.5,0.5,0.5,0.16666669,0.5,0.1,-0.00084943353,-0.017732248,155.0,1.0,94093,6,0.2,3.0,0.1,0,5,0.1,0.2,1,1
14,14,0.0,0.16535848,-0.020923328,-0.07960428,-0.29168835,-0.2190531,0.0,0.16666669,0.5,0.16666669,-0.5,-0.5,0.1,-0.0012956269,-0.017501598,306.0,1.0,94093,6,0.2,3.0,0.1,0,5,0.1,0.2,1,1
15,15,0.0,0.098245814,0.041570097,-0.0066855233,-0.0034885015,-0.094917916,0.0,0.5,0.5,-0.16666664,-0.16666664,0.5,0.1,-0.0020733569,-0.017732246,176.0,1.0,94093,6,0.2,3.0,0.1,0,5,0.1,0.2,1,1
16,16,0.0,0.16544114,-0.02085128,-0.07953554,-0.29172722,-0.21903926,0.0,-0.16666664,0.5,-0.5,0.5,-0.16666664,0.1,-0.00012795211,-0.017501596,175.0,1.0,94093,6,0.2,3.0,0.1,0,5,0.1,0.2,1,1
17,17,0.0,0.09900406,0.042138565,-0.0059354166,-0.0023880326,-0.094324626,0.0,0.16666669,-0.5,-0.5,-0.5,-0.5,0.1,-0.008262247,-0.017732257,138.0,1.0,94093,6,0.2,3.0,0.1,0,5,0.1,0.2,1,1
18,18,0.0,0.098301604,0.041592747,-0.006626907,-0.0034198794,-0.09488127,0.0,-0.16666664,0.16666669,0.5,-0.5,0.5,0.1,-0.00022049589,-0.017732253,180.0,1.0,94093,6,0.2,3.0,0.1,0,5,0.1,0.2,1,1
19,19,0.0,0.16936271,-0.015435426,-0.074486345,-0.29399842,-0.21869253,0.0,-0.16666664,-0.16666664,0.16666669,-0.16666664,-0.5,0.1,-0.0036653967,-0.017501602,348.0,1.0,94093,6,0.2,3.0,0.1,0,5,0.1,0.2,1,1
20,20,0.0,0.16587463,-0.02035969,-0.07900775,-0.29187897,-0.21900818,0.0,-0.5,-0.16666664,0.16666669,0.5,-0.16666664,0.1,-0.0011132179,-0.017501617,152.0,1.0,94093,6,0.2,3.0,0.1,0,5,0.1,0.2,1,1
21,21,0.0,0.09888644,0.04207188,-0.0061391853,-0.0026184183,-0.0944237,0.0,-0.16666664,-0.5,-0.5,-0.5,0.5,0.1,-0.00072675495,-0.017732255,153.0,1.0,94093,6,0.2,3.0,0.1,0,5,0.1,0.2,1,1
22,22,0.0,0.09905418,0.042178556,-0.0059581725,-0.0023681307,-0.094295,0.0,-0.5,-0.16666664,0.16666669,-0.16666664,-0.5,0.1,-0.0013335248,-0.017732251,167.0,1.0,94093,6,0.2,3.0,0.1,0,5,0.1,0.2,1,1
23,23,0.0,0.16555539,-0.020736124,-0.079380475,-0.29174677,-0.21904388,0.0,-0.16666664,-0.5,0.16666669,0.16666669,-0.5,0.1,-0.00056594197,-0.017501606,174.0,1.0,94093,6,0.2,3.0,0.1,0,5,0.1,0.2,1,1
24,24,0.0,0.16969815,-0.015151272,-0.07419676,-0.29414624,-0.2186576,0.0,-0.5,0.16666669,0.16666669,0.16666669,-0.5,0.1,-0.00024717656,-0.017501596,297.0,1.0,94093,6,0.2,3.0,0.1,0,5,0.1,0.2,1,1
25,25,0.0,0.16661276,-0.019406518,-0.07819198,-0.29242712,-0.2189497,0.0,-0.16666664,-0.5,-0.5,-0.16666664,0.16666669,0.1,-0.0012345066,-0.017501619,149.0,1.0,94093,6,0.2,3.0,0.1,0,5,0.1,0.2,1,1
26,26,0.0,0.09833586,0.041615196,-0.0065550115,-0.0033455943,-0.09483797,0.0,0.5,0.5,0.5,-0.16666664,0.16666669,0.1,-0.00082345586,-0.017732246,168.0,1.0,94093,6,0.2,3.0,0.1,0,5,0.1,0.2,1,1
27,27,0.0,0.099222265,0.042322885,-0.0056600804,-0.0019591083,-0.09411814,0.0,0.5,-0.16666664,-0.16666664,-0.5,0.5,0.1,-0.0012645755,-0.017732253,166.0,1.0,94093,6,0.2,3.0,0.1,0,5,0.1,0.2,1,1
28,28,0.0,0.098128974,0.041469876,-0.0067654024,-0.0036444939,-0.095001504,0.0,-0.16666664,0.5,0.5,0.16666669,0.5,0.1,-0.00034679458,-0.017732248,199.0,1.0,94093,6,0.2,3.0,0.1,0,5,0.1,0.2,1,1
29,29,0.0,0.09879795,0.042001136,-0.0060711317,-0.0026093354,-0.094451606,0.0,-0.5,-0.5,-0.5,-0.5,-0.16666664,0.1,-0.0038412043,-0.017732253,166.0,1.0,94093,6,0.2,3.0,0.1,0,5,0.1,0.2,1,1
30,30,0.0,0.0985397,0.041800495,-0.006396751,-0.003029048,-0.094686925,0.0,-0.5,0.16666669,0.5,-0.16666664,0.5,0.1,-8.515315e-05,-0.017732253,168.0,1.0,94093,6,0.2,3.0,0.1,0,5,0.1,0.2,1,1
31,31,0.0,0.1652609,-0.021068618,-0.079700045,-0.2915759,-0.21905148,0.0,-0.5,0.16666669,0.16666669,-0.16666664,0.16666669,0.1,-0.0007743713,-0.017501602,223.0,1.0,94093,6,0.2,3.0,0.1,0,5,0.1,0.2,1,1
32,32,0.0,0.16603592,-0.020212887,-0.078911856,-0.29201418,-0.21897815,0.0,-0.16666664,-0.5,0.5,-0.16666664,-0.16666664,0.1,-0.00013940486,-0.017501617,165.0,1.0,94093,6,0.2,3.0,0.1,0,5,0.1,0.2,1,1
33,33,0.0,0.09912268,0.042235244,-0.005796531,-0.0021416459,-0.09420238,0.0,-0.16666664,-0.5,-0.5,-0.5,0.16666669,0.1,-0.0017120522,-0.017732253,159.0,1.0,94093,6,0.2,3.0,0.1,0,5,0.1,0.2,1,1
34,34,0.0,0.09835123,0.041641835,-0.00653743,-0.0033070832,-0.09482379,0.0,-0.16666664,-0.5,-0.16666664,0.5,0.16666669,0.1,-0.00018591322,-0.017732248,187.0,1.0,94093,6,0.2,3.0,0.1,0,5,0.1,0.2,1,1
35,35,0.0,0.09846744,0.04175657,-0.0064194635,-0.0031063545,-0.09470536,0.0,0.16666669,0.16666669,0.5,-0.5,0.5,0.1,-0.00045185044,-0.017732251,157.0,1.0,94093,6,0.2,3.0,0.1,0,5,0.1,0.2,1,1
36,36,0.0,0.098127425,0.04146986,-0.0067945234,-0.0036707814,-0.09501537,0.0,0.5,0.5,0.5,0.5,-0.16666664,0.1,-0.0004597757,-0.017732242,180.0,1.0,94093,6,0.2,3.0,0.1,0,5,0.1,0.2,1,1
37,37,0.0,0.099198736,0.042284872,-0.00579742,-0.002150148,-0.094175756,0.0,-0.5,0.16666669,-0.16666664,-0.5,0.5,0.1,-0.0010893228,-0.017732257,160.0,1.0,94093,6,0.2,3.0,0.1,0,5,0.1,0.2,1,1
38,38,0.0,0.16506118,-0.021378232,-0.07997789,-0.29145274,-0.21906382,0.0,0.16666669,0.5,0.5,0.5,0.5,0.1,-0.0016715842,-0.017501598,174.0,1.0,94093,6,0.2,3.0,0.1,0,5,0.1,0.2,1,1
39,39,0.0,0.16636734,-0.01974183,-0.078439415,-0.29216763,-0.21896987,0.0,-0.5,0.16666669,-0.16666664,0.16666669,-0.16666664,0.1,-0.00048523108,-0.017501622,152.0,1.0,94093,6,0.2,3.0,0.1,0,5,0.1,0.2,1,1
40,40,0.0,0.098439455,0.04171539,-0.006481799,-0.0032055487,-0.09475045,0.0,0.16666669,0.5,0.5,0.5,-0.16666664,0.1,-0.0004547784,-0.01773225,163.0,1.0,94093,6,0.2,3.0,0.1,0,5,0.1,0.2,1,1
41,41,0.0,0.09877731,0.04193706,-0.0062369667,-0.002808171,-0.09452427,0.0,-0.5,0.16666669,0.16666669,-0.16666664,-0.5,0.1,-0.0010848095,-0.017732253,149.0,1.0,94093,6,0.2,3.0,0.1,0,5,0.1,0.2,1,1
42,42,0.0,0.16732748,-0.01860958,-0.077364504,-0.29267067,-0.21886617,0.0,-0.5,-0.16666664,-0.16666664,-0.5,0.5,0.1,-0.0010245516,-0.017501626,153.0,1.0,94093,6,0.2,3.0,0.1,0,5,0.1,0.2,1,1
43,43,0.0,0.09815844,0.0415018,-0.0067212796,-0.0035808068,-0.09496597,0.0,0.16666669,0.16666669,0.5,-0.16666664,0.16666669,0.1,-0.0011836268,-0.017732248,291.0,1.0,94093,6,0.2,3.0,0.1,0,5,0.1,0.2,1,1
44,44,0.0,0.16525875,-0.021147983,-0.079776354,-0.2915856,-0.21906832,0.0,-0.5,0.5,0.5,0.5,0.16666669,0.1,-0.0002232525,-0.017501593,164.0,1.0,94093,6,0.2,3.0,0.1,0,5,0.1,0.2,1,1
45,45,0.0,0.16510984,-0.021250973,-0.079879045,-0.29148984,-0.21907438,0.0,0.16666669,-0.5,-0.16666664,0.16666669,-0.16666664,0.1,-0.0024478908,-0.017501587,161.0,1.0,94093,6,0.2,3.0,0.1,0,5,0.1,0.2,1,1
46,46,0.0,0.16979295,-0.014904049,-0.073957965,-0.2942093,-0.21864377,0.0,-0.5,-0.16666664,0.5,0.5,-0.16666664,0.1,-0.00020964797,-0.017501598,167.0,1.0,94093,6,0.2,3.0,0.1,0,5,0.1,0.2,1,1
47,47,0.0,0.099096216,0.042222224,-0.0057939244,-0.0021895538,-0.09422598,0.0,-0.5,-0.5,-0.16666664,-0.5,-0.16666664,0.1,-0.0035350472,-0.017732253,151.0,1.0,94093,6,0.2,3.0,0.1,0,5,0.1,0.2,1,1
48,48,0.0,0.0982763,0.041589994,-0.006629203,-0.0034032674,-0.09488429,0.0,0.16666669,0.5,-0.16666664,0.5,-0.16666664,0.1,-0.0014451313,-0.017732246,159.0,1.0,94093,6,0.2,3.0,0.1,0,5,0.1,0.2,1,1
49,49,0.0,0.17011192,-0.014409453,-0.073509894,-0.2944292,-0.21861473,0.0,0.16666669,-0.16666664,-0.16666664,0.5,-0.5,0.1,-0.0007490365,-0.017501583,295.0,1.0,94093,6,0.2,3.0,0.1,0,5,0.1,0.2,1,1
50,50,0.0,0.098426804,0.041687172,-0.0064764917,-0.0032173088,-0.09476759,0.0,0.16666669,-0.16666664,0.5,0.16666669,0.5,0.1,-0.00044589877,-0.017732248,164.0,1.0,94093,6,0.2,3.0,0.1,0,5,0.1,0.2,1,1
51,51,0.0,0.09827513,0.041580487,-0.0066614533,-0.0034700786,-0.09489794,0.0,-0.5,0.16666669,-0.5,0.5,0.16666669,0.1,-8.4708714e-05,-0.017732251,223.0,1.0,94093,6,0.2,3.0,0.1,0,5,0.1,0.2,1,1
52,52,0.0,0.17045271,-0.01404004,-0.0731403,-0.29459107,-0.21857873,0.0,-0.5,-0.5,0.5,0.16666669,0.16666669,0.1,-3.451056e-05,-0.017501574,268.0,1.0,94093,6,0.2,3.0,0.1,0,5,0.1,0.2,1,1
53,53,0.0,0.099022895,0.042157713,-0.0058552576,-0.0022749084,-0.09427419,0.0,0.5,0.16666669,-0.5,0.5,-0.5,0.1,-0.0009118697,-0.017732253,174.0,1.0,94093,6,0.2,3.0,0.1,0,5,0.1,0.2,1,1
54,54,0.0,0.16987962,-0.014763476,-0.073827274,-0.29427066,-0.21863757,0.0,-0.5,-0.16666664,-0.5,-0.5,0.5,0.1,-0.00072717515,-0.01750159,321.0,1.0,94093,6,0.2,3.0,0.1,0,5,0.1,0.2,1,1
55,55,0.0,0.09913621,0.042279255,-0.005775529,-0.0021161612,-0.09418313,0.0,-0.5,-0.16666664,-0.16666664,-0.5,-0.5,0.1,-0.005308426,-0.017732257,144.0,1.0,94093,6,0.2,3.0,0.1,0,5,0.1,0.2,1,1
56,56,0.0,0.09818347,0.041525573,-0.0067495042,-0.0035883286,-0.09497466,0.0,-0.16666664,0.5,0.16666669,0.5,-0.16666664,0.1,-0.00037828973,-0.01773225,174.0,1.0,94093,6,0.2,3.0,0.1,0,5,0.1,0.2,1,1
57,57,0.0,0.09799674,0.041383415,-0.0068916096,-0.0038213334,-0.09509893,0.0,-0.16666664,0.5,-0.5,0.16666669,-0.5,0.1,-0.00036899076,-0.017732235,241.0,1.0,94093,6,0.2,3.0,0.1,0,5,0.1,0.2,1,1
58,58,0.0,0.16574642,-0.020513402,-0.07921622,-0.29189262,-0.21903388,0.0,-0.16666664,0.16666669,-0.5,0.16666669,-0.16666664,0.1,-0.00082228205,-0.017501611,150.0,1.0,94093,6,0.2,3.0,0.1,0,5,0.1,0.2,1,1
59,59,0.0,0.09831372,0.041619994,-0.0065504666,-0.0033269087,-0.094836034,0.0,0.16666669,0.16666669,0.16666669,-0.16666664,-0.5,0.1,-0.0072870464,-0.017732244,157.0,1.0,94093,6,0.2,3.0,0.1,0,5,0.1,0.2,1,1
60,60,0.0,0.09854202,0.04177984,-0.006326007,-0.002991634,-0.09465987,0.0,0.16666669,0.5,-0.5,-0.5,-0.16666664,0.1,-0.0009000962,-0.017732253,151.0,1.0,94093,6,0.2,3.0,0.1,0,5,0.1,0.2,1,1
61,61,0.0,0.099152654,0.042254083,-0.005812441,-0.0021513514,-0.09419522,0.0,0.5,-0.5,-0.16666664,-0.16666664,-0.5,0.1,-0.0011342003,-0.01773225,172.0,1.0,94093,6,0.2,3.0,0.1,0,5,0.1,0.2,1,1
62,62,0.0,0.16570643,-0.020548891,-0.07921517,-0.29183593,-0.21902506,0.0,0.5,-0.16666664,0.5,0.5,-0.16666664,0.1,-0.00071259163,-0.017501619,163.0,1.0,94093,6,0.2,3.0,0.1,0,5,0.1,0.2,1,1
63,63,0.0,0.16550887,-0.020873614,-0.07950618,-0.2916859,-0.21904501,0.0,0.5,0.16666669,-0.5,-0.5,0.5,0.1,-0.0007120091,-0.017501598,167.0,1.0,94093,6,0.2,3.0,0.1,0,5,0.1,0.2,1,1
64,64,0.0,0.09859376,0.041847657,-0.0062908004,-0.0029135824,-0.09462407,0.0,0.5,0.16666669,-0.16666664,0.16666669,0.5,0.1,-0.0011172127,-0.017732253,147.0,1.0,94093,6,0.2,3.0,0.1,0,5,0.1,0.2,1,1
65,65,0.0,0.16686997,-0.01901694,-0.0778727,-0.29260284,-0.21894237,0.0,-0.16666664,-0.5,0.5,-0.16666664,-0.5,0.1,-0.0014274224,-0.017501632,159.0,1.0,94093,6,0.2,3.0,0.1,0,5,0.1,0.2,1,1
66,66,0.0,0.09888414,0.042070623,-0.0059093726,-0.0023534503,-0.09433667,0.0,0.5,-0.16666664,0.16666669,0.16666669,-0.16666664,0.1,-0.0019024909,-0.017732251,152.0,1.0,94093,6,0.2,3.0,0.1,0,5,0.1,0.2,1,1
67,67,0.0,0.097905986,0.04129731,-0.007001382,-0.0039842175,-0.095180765,0.0,-0.5,0.16666669,0.16666669,0.5,-0.16666664,0.1,-0.00017841955,-0.017732237,179.0,1.0,94093,6,0.2,3.0,0.1,0,5,0.1,0.2,1,1
68,68,0.0,0.1694824,-0.015306748,-0.07436167,-0.2940564,-0.2186809,0.0,-0.5,-0.16666664,0.16666669,0.16666669,-0.16666664,0.1,-0.0018292032,-0.017501598,319.0,1.0,94093,6,0.2,3.0,0.1,0,5,0.1,0.2,1,1
69,69,0.0,0.09801466,0.04139085,-0.0068191322,-0.0037307427,-0.09506603,0.0,-0.5,0.5,0.5,0.5,-0.16666664,0.1,-3.3934462e-05,-0.017732246,170.0,1.0,94093,6,0.2,3.0,0.1,0,5,0.1,0.2,1,1
70,70,0.0,0.16573675,-0.020546103,-0.07923693,-0.2918846,-0.21902137,0.0,0.16666669,0.16666669,-0.16666664,-0.5,-0.16666664,0.1,-0.011104715,-0.017501606,151.0,1.0,94093,6,0.2,3.0,0.1,0,5,0.1,0.2,1,1
71,71,0.0,0.16975474,-0.014924048,-0.07397572,-0.29419246,-0.21864972,0.0,0.16666669,-0.5,-0.16666664,-0.16666664,-0.5,0.1,-0.004309843,-0.017501594,297.0,1.0,94093,6,0.2,3.0,0.1,0,5,0.1,0.2,1,1
72,72,0.0,0.16517885,-0.02119093,-0.079833634,-0.29155383,-0.21907778,0.0,-0.5,0.5,-0.5,0.5,0.16666669,0.1,-5.6072688e-05,-0.017501598,180.0,1.0,94093,6,0.2,3.0,0.1,0,5,0.1,0.2,1,1
73,73,0.0,0.16575861,-0.020570831,-0.07921629,-0.29182297,-0.21902531,0.0,0.5,-0.5,-0.16666664,-0.5,-0.16666664,0.1,-0.0027270904,-0.01750162,150.0,1.0,94093,6,0.2,3.0,0.1,0,5,0.1,0.2,1,1
74,74,0.0,0.09837486,0.041660573,-0.006577833,-0.0033146045,-0.094822526,0.0,0.5,0.5,0.16666669,0.5,-0.16666664,0.1,-0.0008037371,-0.017732248,200.0,1.0,94093,6,0.2,3.0,0.1,0,5,0.1,0.2,1,1
75,75,0.0,0.098246574,0.041574217,-0.0067036585,-0.0035107653,-0.094916634,0.0,0.5,-0.5,-0.5,-0.16666664,0.5,0.1,-0.00043264302,-0.01773225,170.0,1.0,94093,6,0.2,3.0,0.1,0,5,0.1,0.2,1,1
76,76,0.0,0.09815342,0.04149346,-0.006717726,-0.0035829237,-0.09496859,0.0,-0.5,-0.5,0.16666669,-0.5,-0.5,0.1,-0.0047471323,-0.01773225,344.0,1.0,94093,6,0.2,3.0,0.1,0,5,0.1,0.2,1,1
77,77,0.0,0.09839893,0.04167758,-0.0064977054,-0.00324644,-0.09477432,0.0,0.5,-0.16666664,0.5,-0.5,-0.5,0.1,-0.0012490092,-0.017732251,178.0,1.0,94093,6,0.2,3.0,0.1,0,5,0.1,0.2,1,1
78,78,0.0,0.16617073,-0.019801287,-0.07855818,-0.29217452,-0.2189958,0.0,0.16666669,-0.5,-0.5,-0.16666664,0.16666669,0.1,-0.0012989326,-0.017501617,144.0,1.0,94093,6,0.2,3.0,0.1,0,5,0.1,0.2,1,1
79,79,0.0,0.098351896,0.04162359,-0.00652123,-0.0033091689,-0.09481879,0.0,0.16666669,-0.5,0.5,0.5,0.16666669,0.1,-0.00011129675,-0.017732255,166.0,1.0,94093,6,0.2,3.0,0.1,0,5,0.1,0.2,1,1
80,80,0.0,0.099006906,0.042203266,-0.0057565267,-0.0021375883,-0.09422708,0.0,-0.5,-0.5,-0.16666664,-0.16666664,-0.5,0.1,-0.002611933,-0.017732255,150.0,1.0,94093,6,0.2,3.0,0.1,0,5,0.1,0.2,1,1
81,81,0.0,0.09871363,0.0419009,-0.006235276,-0.0028222727,-0.09455186,0.0,-0.16666664,-0.16666664,-0.16666664,0.16666669,-0.16666664,0.1,-0.0050362004,-0.017732251,156.0,1.0,94093,6,0.2,3.0,0.1,0,5,0.1,0.2,1,1
82,82,0.0,0.16672628,-0.019081222,-0.07794299,-0.29252017,-0.21895419,0.0,0.16666669,-0.5,0.5,-0.5,0.5,0.1,-0.00094261486,-0.017501622,164.0,1.0,94093,6,0.2,3.0,0.1,0,5,0.1,0.2,1,1
83,83,0.0,0.16957888,-0.015145052,-0.074203864,-0.29412276,-0.21867332,0.0,-0.5,-0.5,-0.5,0.16666669,0.16666669,0.1,-0.00019328637,-0.017501598,153.0,1.0,94093,6,0.2,3.0,0.1,0,5,0.1,0.2,1,1
84,84,0.0,0.09925063,0.042331047,-0.0056368634,-0.0019458007,-0.09409538,0.0,-0.5,-0.5,0.16666669,-0.16666664,-0.5,0.1,-0.00046335356,-0.01773225,159.0,1.0,94093,6,0.2,3.0,0.1,0,5,0.1,0.2,1,1
85,85,0.0,0.09928971,0.04239824,-0.0056330813,-0.0018868163,-0.09407786,0.0,-0.16666664,-0.5,0.16666669,-0.5,0.16666669,0.1,-0.0025493007,-0.017732255,155.0,1.0,94093,6,0.2,3.0,0.1,0,5,0.1,0.2,1,1
86,86,0.0,0.17049123,-0.013925257,-0.07304868,-0.2946412,-0.21857576,0.0,-0.16666664,-0.16666664,-0.5,0.5,-0.16666664,0.1,-0.00015131294,-0.017501561,262.0,1.0,94093,6,0.2,3.0,0.1,0,5,0.1,0.2,1,1
87,87,0.0,0.16527888,-0.021129085,-0.07977294,-0.29161817,-0.21905425,0.0,-0.5,0.16666669,0.5,-0.16666664,-0.16666664,0.1,-0.0005797821,-0.017501593,176.0,1.0,94093,6,0.2,3.0,0.1,0,5,0.1,0.2,1,1
88,88,0.0,0.1660644,-0.019991742,-0.078789875,-0.29216993,-0.21901517,0.0,-0.16666664,0.16666669,-0.5,0.16666669,0.5,0.1,-0.00038947733,-0.017501613,152.0,1.0,94093,6,0.2,3.0,0.1,0,5,0.1,0.2,1,1
89,89,0.0,0.16550656,-0.020882037,-0.07953345,-0.2917218,-0.2190363,0.0,-0.16666664,0.16666669,-0.16666664,-0.16666664,-0.5,0.1,-0.007974307,-0.017501613,163.0,1.0,94093,6,0.2,3.0,0.1,0,5,0.1,0.2,1,1
90,90,0.0,0.16547804,-0.020922687,-0.079551086,-0.29167706,-0.21903256,0.0,0.5,-0.5,0.5,0.16666669,0.16666669,0.1,-0.0005636399,-0.01750161,219.0,1.0,94093,6,0.2,3.0,0.1,0,5,0.1,0.2,1,1
91,91,0.0,0.09936465,0.042439397,-0.0056060925,-0.00182757,-0.094043635,0.0,0.5,-0.5,0.5,0.5,-0.5,0.1,-0.00039498444,-0.017732253,173.0,1.0,94093,6,0.2,3.0,0.1,0,5,0.1,0.2,1,1
92,92,0.0,0.09883458,0.042011,-0.0061095953,-0.0026456967,-0.09445351,0.0,-0.5,0.16666669,-0.16666664,-0.5,-0.5,0.1,-0.001078203,-0.017732253,155.0,1.0,94093,6,0.2,3.0,0.1,0,5,0.1,0.2,1,1
93,93,0.0,0.16918059,-0.015712943,-0.07476383,-0.29391155,-0.21871468,0.0,-0.16666664,-0.16666664,0.16666669,0.16666669,-0.5,0.1,-0.00079622696,-0.01750161,417.0,1.0,94093,6,0.2,3.0,0.1,0,5,0.1,0.2,1,1
94,94,0.0,0.16993062,-0.014658748,-0.07374875,-0.2943271,-0.2186352,0.0,0.5,0.16666669,-0.16666664,0.5,-0.5,0.1,-0.00051008613,-0.01750159,305.0,1.0,94093,6,0.2,3.0,0.1,0,5,0.1,0.2,1,1
95,95,0.0,0.16673182,-0.019110473,-0.07786976,-0.29239517,-0.2189125,0.0,-0.5,-0.5,0.16666669,-0.5,0.16666669,0.1,-0.0005001185,-0.017501628,153.0,1.0,94093,6,0.2,3.0,0.1,0,5,0.1,0.2,1,1
96,96,0.0,0.098107375,0.04143591,-0.006867808,-0.0037611201,-0.0950577,0.0,-0.16666664,0.16666669,0.16666669,0.5,0.5,0.1,-0.0006662818,-0.017732242,162.0,1.0,94093,6,0.2,3.0,0.1,0,5,0.1,0.2,1,1
97,97,0.0,0.09835463,0.041657273,-0.006560859,-0.0033225613,-0.09482823,0.0,0.5,0.5,-0.16666664,0.16666669,-0.5,0.1,-0.0006607293,-0.017732246,150.0,1.0,94093,6,0.2,3.0,0.1,0,5,0.1,0.2,1,1
98,98,0.0,0.09907426,0.042171862,-0.0058650547,-0.002293499,-0.0942535,0.0,-0.5,0.5,-0.5,0.5,-0.5,0.1,-0.001557669,-0.017732255,175.0,1.0,94093,6,0.2,3.0,0.1,0,5,0.1,0.2,1,1
99,99,0.0,0.09871347,0.041936927,-0.0060865507,-0.0026451298,-0.09446935,0.0,0.5,-0.16666664,-0.5,-0.5,-0.5,0.1,-0.009792301,-0.017732257,136.0,1.0,94093,6,0.2,3.0,0.1,0,5,0.1,0.2,1,1
