,Unnamed: 0.5,Unnamed: 0.4,Unnamed: 0.3,Unnamed: 0,e1,e2,e3,e4,e5,e6,e0_1,e0_2,e0_3,e0_4,e0_5,e0_6,Gamma,eta0,eta,count,success,seed,N,Jmax,alpha,gleak,ex,lk,rate,T,pl,all
0,0,0,0,0,0.0,-0.03309625,-0.10697114,-0.18909751,-0.31530783,-0.19007158,0.0,-0.16666664,0.16666669,-0.16666664,-0.5,-0.16666664,0.1,-0.0016813691,-0.016592145,146.0,1.0,4728,6,0.2,1.0,0.1,0,5,0.1,0.2,1,1
1,1,1,1,1,0.0,-0.1598076,-0.48353896,4.005811,-0.47021714,-0.36568657,0.0,-0.16666664,-0.16666664,0.5,-0.16666664,-0.5,0.1,-0.002026946,-0.01639703,217.0,0.0,4728,6,0.2,1.0,0.1,0,5,0.1,0.2,1,1
2,2,2,2,2,0.0,-0.033092376,-0.106947795,-0.1890628,-0.3152956,-0.19002776,0.0,0.16666669,0.5,0.5,0.16666669,-0.5,0.1,-0.0007367252,-0.016592147,205.0,1.0,4728,6,0.2,1.0,0.1,0,5,0.1,0.2,1,1
3,3,3,3,3,0.0,-0.033127073,-0.10697923,-0.18911302,-0.3152819,-0.1900591,0.0,0.16666669,-0.16666664,-0.5,-0.5,-0.16666664,0.1,-0.0040475824,-0.016592152,129.0,1.0,4728,6,0.2,1.0,0.1,0,5,0.1,0.2,1,1
4,4,4,4,4,0.0,-0.529889,4.0017843,2.8236055,-0.0803073,-0.5201204,0.0,-0.16666664,0.16666669,0.5,0.5,-0.16666664,0.1,-0.00033736572,-0.009361361,594.0,0.0,4728,6,0.2,1.0,0.1,0,5,0.1,0.2,1,1
5,5,5,5,5,0.0,-0.27242503,2.8139572,4.0011134,-0.27674863,-0.040450346,0.0,-0.5,0.5,0.5,-0.5,0.5,0.1,-0.0011163334,-0.015728457,136.0,0.0,4728,6,0.2,1.0,0.1,0,5,0.1,0.2,1,1
6,6,6,6,6,0.0,4.0019274,-0.059646137,-0.13207185,-0.23079896,-0.03079472,0.0,0.5,-0.16666664,-0.16666664,-0.16666664,0.5,0.1,-0.0012589963,-0.01720196,199.0,0.0,4728,6,0.2,1.0,0.1,0,5,0.1,0.2,1,1
7,7,7,7,7,0.0,4.000911,-0.29453382,3.378998,-0.2894033,-0.12554248,0.0,0.5,-0.5,0.5,-0.5,-0.16666664,0.1,-0.00750307,-0.024070648,851.0,0.0,4728,6,0.2,1.0,0.1,0,5,0.1,0.2,1,1
8,8,8,8,8,0.0,-0.03319179,-0.10706406,-0.18927643,-0.31557012,-0.19017628,0.0,0.5,0.16666669,-0.5,0.5,0.5,0.1,-0.0002684186,-0.016592145,153.0,1.0,4728,6,0.2,1.0,0.1,0,5,0.1,0.2,1,1
9,9,9,9,9,0.0,0.10992831,-0.07333271,-0.23276144,4.0048184,-0.115942,0.0,-0.5,-0.16666664,-0.16666664,0.5,-0.16666664,0.1,-0.00048429516,-0.011467355,146.0,0.0,4728,6,0.2,1.0,0.1,0,5,0.1,0.2,1,1
10,10,10,10,10,0.0,-0.12845334,-0.2722932,3.9241781,4.0037227,-0.19781153,0.0,-0.5,-0.16666664,0.5,0.5,-0.16666664,0.1,-0.0013842601,-0.0068062292,251.0,0.0,4728,6,0.2,1.0,0.1,0,5,0.1,0.2,1,1
11,11,11,11,11,0.0,-0.4932956,-0.40569517,-0.55875444,4.0022097,-0.6467377,0.0,0.5,0.5,-0.16666664,0.16666669,-0.16666664,0.1,-0.00063285866,-0.011065116,607.0,0.0,4728,6,0.2,1.0,0.1,0,5,0.1,0.2,1,1
12,12,12,12,12,0.0,3.3103423,1.526454,4.0036635,3.0753767,-0.0033465046,0.0,0.16666669,0.16666669,0.5,0.5,-0.16666664,0.1,-0.0004814828,-0.018456643,238.0,0.0,4728,6,0.2,1.0,0.1,0,5,0.1,0.2,1,1
13,13,13,13,13,0.0,0.10991934,-0.07335165,-0.23270786,4.0023475,-0.11593356,0.0,-0.16666664,-0.16666664,-0.5,0.5,0.16666669,0.1,-0.00032575367,-0.0114667015,199.0,0.0,4728,6,0.2,1.0,0.1,0,5,0.1,0.2,1,1
14,14,14,14,14,0.0,-0.63488996,4.000067,-0.16404858,-0.56663173,-0.3865418,0.0,-0.5,0.5,-0.16666664,0.16666669,0.16666669,0.1,-0.00027163557,-0.009476871,726.0,0.0,4728,6,0.2,1.0,0.1,0,5,0.1,0.2,1,1
15,15,15,15,15,0.0,-0.08863456,-0.03637993,3.6513033,0.35011128,0.43657693,0.0,-0.5,-0.16666664,0.5,0.16666669,0.5,0.1,-0.00014903168,-0.0011331731,608.0,1.0,4728,6,0.2,1.0,0.1,0,5,0.1,0.2,1,1
16,16,16,16,16,0.0,4.0012317,3.3157892,-0.09164802,2.9118652,-0.023191608,0.0,0.16666669,0.16666669,0.16666669,0.5,-0.16666664,0.1,-0.00036619304,-0.027193237,352.0,0.0,4728,6,0.2,1.0,0.1,0,5,0.1,0.2,1,1
17,17,17,17,17,0.0,-0.16017966,4.007127,-0.30741802,2.0309665,-0.2843909,0.0,-0.16666664,0.5,-0.5,0.16666669,-0.5,0.1,-0.00086119503,-0.015314527,137.0,0.0,4728,6,0.2,1.0,0.1,0,5,0.1,0.2,1,1
18,18,18,18,18,0.0,-0.37244675,-0.5429884,4.0033712,2.7916338,-0.6522283,0.0,-0.16666664,-0.16666664,0.5,0.16666669,-0.5,0.1,-0.00038163163,-0.00833515,191.0,0.0,4728,6,0.2,1.0,0.1,0,5,0.1,0.2,1,1
19,19,19,19,19,0.0,-0.4932979,-0.40569565,-0.5587527,4.0021534,-0.64673775,0.0,-0.16666664,-0.16666664,-0.16666664,0.5,-0.5,0.1,-0.00048910355,-0.011065143,291.0,0.0,4728,6,0.2,1.0,0.1,0,5,0.1,0.2,1,1
20,20,20,20,20,0.0,-0.27207193,3.4625921,4.000391,-0.27530104,-0.041396715,0.0,0.5,0.5,0.5,0.16666669,0.5,0.1,-0.0006505878,-0.015792241,459.0,0.0,4728,6,0.2,1.0,0.1,0,5,0.1,0.2,1,1
21,21,21,21,21,0.0,-0.033027027,-0.10692318,-0.18908758,-0.3154023,-0.19002706,0.0,0.16666669,0.5,0.16666669,-0.5,0.5,0.1,-0.00050270435,-0.016592149,150.0,1.0,4728,6,0.2,1.0,0.1,0,5,0.1,0.2,1,1
22,22,22,22,22,0.0,0.7010007,-0.15598357,-0.27966782,4.0037494,-0.049861163,0.0,0.16666669,-0.5,-0.16666664,0.5,0.16666669,0.1,-0.00020926108,-0.012895772,262.0,0.0,4728,6,0.2,1.0,0.1,0,5,0.1,0.2,1,1
23,23,23,23,23,0.0,4.001379,1.9865258,-0.28076082,-0.53853273,-0.1419445,0.0,0.5,0.5,-0.16666664,-0.5,-0.5,0.1,-0.009162262,-0.01809502,691.0,0.0,4728,6,0.2,1.0,0.1,0,5,0.1,0.2,1,1
24,24,24,24,24,0.0,-0.033108015,-0.10701014,-0.18917716,-0.31544384,-0.19007567,0.0,-0.16666664,-0.5,-0.16666664,0.5,0.5,0.1,-7.517717e-05,-0.016592147,169.0,1.0,4728,6,0.2,1.0,0.1,0,5,0.1,0.2,1,1
25,25,25,25,25,0.0,-0.15978216,4.0004053,-0.3226311,3.283168,-0.29442337,0.0,-0.5,0.5,-0.5,0.5,-0.16666664,0.1,-0.0009516137,-0.015735622,205.0,0.0,4728,6,0.2,1.0,0.1,0,5,0.1,0.2,1,1
26,26,26,26,26,0.0,-0.033024326,-0.1069159,-0.18905959,-0.31531614,-0.19001001,0.0,0.16666669,0.16666669,-0.16666664,-0.16666664,-0.16666664,0.1,-0.0049253134,-0.016592143,143.0,1.0,4728,6,0.2,1.0,0.1,0,5,0.1,0.2,1,1
27,27,27,27,27,0.0,4.0007596,-0.38979658,-0.44587702,-0.49473116,-0.51403546,0.0,0.5,-0.5,-0.5,-0.5,-0.5,0.1,-0.0103454115,-0.015207884,936.0,0.0,4728,6,0.2,1.0,0.1,0,5,0.1,0.2,1,1
28,28,28,28,28,0.0,4.00161,3.3243089,0.1265003,0.24451174,0.08996869,0.0,0.16666669,0.5,0.16666669,0.16666669,0.16666669,0.1,-0.000521745,-0.011995404,748.0,0.0,4728,6,0.2,1.0,0.1,0,5,0.1,0.2,1,1
29,29,29,29,29,0.0,-0.22924088,4.000063,-0.28345114,-0.3703636,-0.24764174,0.0,-0.16666664,0.5,0.16666669,-0.16666664,-0.5,0.1,-0.00058795605,-0.016266117,270.0,0.0,4728,6,0.2,1.0,0.1,0,5,0.1,0.2,1,1
30,30,30,30,30,0.0,0.10991951,-0.07335701,-0.23270848,4.001211,-0.11593144,0.0,0.16666669,-0.16666664,-0.16666664,0.5,-0.16666664,0.1,-0.0020894508,-0.011466405,346.0,0.0,4728,6,0.2,1.0,0.1,0,5,0.1,0.2,1,1
31,31,31,31,31,0.0,4.0008116,-0.05984029,-0.13283144,-0.23196203,-0.03085956,0.0,0.5,-0.5,0.16666669,0.16666669,-0.16666664,0.1,-0.0005481369,-0.017201746,204.0,0.0,4728,6,0.2,1.0,0.1,0,5,0.1,0.2,1,1
32,32,32,32,32,0.0,4.001537,-0.05958767,-0.13191421,-0.23056288,-0.030788653,0.0,0.5,-0.5,-0.5,-0.16666664,0.16666669,0.1,-0.0014386327,-0.017201876,555.0,0.0,4728,6,0.2,1.0,0.1,0,5,0.1,0.2,1,1
33,33,33,33,33,0.0,4.0016594,-0.116750024,3.6168063,-0.34773958,-0.14213914,0.0,0.5,-0.5,0.5,-0.5,-0.5,0.1,-0.0017071612,-0.02297481,553.0,0.0,4728,6,0.2,1.0,0.1,0,5,0.1,0.2,1,1
34,34,34,34,34,0.0,0.108434334,0.08087989,-0.04176323,4.0014706,-0.13095005,0.0,0.16666669,-0.5,-0.16666664,0.5,-0.16666664,0.1,-0.00097296614,-0.011839392,226.0,0.0,4728,6,0.2,1.0,0.1,0,5,0.1,0.2,1,1
35,35,35,35,35,0.0,0.10843273,0.080877796,-0.041765008,4.0015817,-0.1309512,0.0,0.16666669,-0.16666664,-0.16666664,0.5,0.16666669,0.1,-0.00040349696,-0.011839394,294.0,0.0,4728,6,0.2,1.0,0.1,0,5,0.1,0.2,1,1
36,36,36,36,36,0.0,-0.30370697,3.640917,2.0775332,4.0074553,-0.388666,0.0,-0.16666664,0.16666669,0.16666669,0.5,-0.5,0.1,-0.00019632003,-0.010334174,259.0,0.0,4728,6,0.2,1.0,0.1,0,5,0.1,0.2,1,1
37,37,37,37,37,0.0,2.8525848,-0.22621554,-0.3255224,4.002596,-0.4405241,0.0,0.5,0.16666669,-0.5,0.16666669,-0.16666664,0.1,-0.0005953246,-0.010245383,335.0,0.0,4728,6,0.2,1.0,0.1,0,5,0.1,0.2,1,1
38,38,38,38,38,0.0,-0.27235183,-0.9456744,-1.1526543,-0.48090214,-1.2268217,0.0,-0.5,-0.16666664,-0.5,0.16666669,-0.5,0.1,-0.0014223083,-0.006611763,642.0,1.0,4728,6,0.2,1.0,0.1,0,5,0.1,0.2,1,1
39,39,39,39,39,0.0,-0.03307236,-0.10698131,-0.18915467,-0.31545463,-0.19009763,0.0,0.16666669,0.16666669,-0.16666664,-0.16666664,0.5,0.1,-0.0018570509,-0.016592149,155.0,1.0,4728,6,0.2,1.0,0.1,0,5,0.1,0.2,1,1
40,40,40,40,40,0.0,-0.033162244,-0.10704316,-0.1891931,-0.31541157,-0.19011502,0.0,0.16666669,0.5,-0.16666664,0.5,0.5,0.1,-0.00034915924,-0.016592143,157.0,1.0,4728,6,0.2,1.0,0.1,0,5,0.1,0.2,1,1
41,41,41,41,41,0.0,4.000023,3.1722763,-0.00862771,-0.37822172,0.07311683,0.0,0.5,0.16666669,-0.16666664,-0.5,0.5,0.1,-0.00087127666,-0.015615261,376.0,0.0,4728,6,0.2,1.0,0.1,0,5,0.1,0.2,1,1
42,42,42,42,42,0.0,-0.14772774,-0.28787133,4.0056586,2.5043766,-0.20239143,0.0,-0.16666664,-0.16666664,0.5,0.16666669,-0.16666664,0.1,-0.0009993134,-0.006522602,200.0,0.0,4728,6,0.2,1.0,0.1,0,5,0.1,0.2,1,1
43,43,43,43,43,0.0,0.109916076,-0.07335107,-0.23271237,4.0039873,-0.11593741,0.0,-0.16666664,-0.16666664,-0.16666664,0.5,0.16666669,0.1,-0.00025069062,-0.011467141,249.0,0.0,4728,6,0.2,1.0,0.1,0,5,0.1,0.2,1,1
44,44,44,44,44,0.0,-0.033095818,-0.10695151,-0.18908373,-0.31532285,-0.19003065,0.0,0.16666669,0.16666669,-0.16666664,-0.5,-0.16666664,0.1,-0.0077020726,-0.016592149,156.0,1.0,4728,6,0.2,1.0,0.1,0,5,0.1,0.2,1,1
45,45,45,45,45,0.0,-0.15979752,-0.48353335,4.0018106,-0.47020712,-0.36567944,0.0,-0.16666664,-0.16666664,0.16666669,-0.5,-0.16666664,0.1,-0.00077011215,-0.016396316,736.0,0.0,4728,6,0.2,1.0,0.1,0,5,0.1,0.2,1,1
46,46,46,46,46,0.0,4.000082,0.124748155,0.15136966,0.15463106,0.09541853,0.0,0.5,0.16666669,-0.16666664,0.16666669,0.5,0.1,-0.0005698034,-0.012912959,438.0,0.0,4728,6,0.2,1.0,0.1,0,5,0.1,0.2,1,1
47,47,47,47,47,0.0,-0.03286492,-0.10674349,-0.18886447,-0.31520626,-0.189894,0.0,-0.5,-0.5,-0.5,-0.5,-0.5,0.1,-0.0115895895,-0.016592138,192.0,1.0,4728,6,0.2,1.0,0.1,0,5,0.1,0.2,1,1
48,48,48,48,48,0.0,4.0012,2.1306138,-0.2817291,-0.5405541,-0.14086193,0.0,0.16666669,0.5,-0.5,-0.5,0.16666669,0.1,-0.0015429048,-0.01810022,1220.0,0.0,4728,6,0.2,1.0,0.1,0,5,0.1,0.2,1,1
49,49,49,49,49,0.0,0.69689685,-0.054359067,3.6408598,4.0009,-0.06038796,0.0,0.5,-0.16666664,0.16666669,0.5,-0.16666664,0.1,-0.0010952645,-0.017426096,142.0,0.0,4728,6,0.2,1.0,0.1,0,5,0.1,0.2,1,1
50,50,50,50,50,0.0,-0.0330619,-0.10693459,-0.18902169,-0.31516978,-0.1899939,0.0,-0.16666664,0.16666669,0.16666669,-0.16666664,0.5,0.1,-0.0011092186,-0.016592143,153.0,1.0,4728,6,0.2,1.0,0.1,0,5,0.1,0.2,1,1
51,51,51,51,51,0.0,-0.34402293,-0.4444099,4.0015316,-0.8329207,-0.687425,0.0,-0.16666664,-0.5,0.16666669,-0.16666664,-0.5,0.1,-0.0029798986,-0.010853888,338.0,0.0,4728,6,0.2,1.0,0.1,0,5,0.1,0.2,1,1
52,52,52,52,52,0.0,4.001535,2.2992983,-0.28268176,-0.54256743,-0.13975054,0.0,0.16666669,0.5,-0.5,-0.5,-0.16666664,0.1,-0.0022388191,-0.018103305,1222.0,0.0,4728,6,0.2,1.0,0.1,0,5,0.1,0.2,1,1
53,53,53,53,53,0.0,0.109522,-0.0739794,-0.23361376,4.007919,-0.116128474,0.0,-0.5,-0.5,-0.5,0.5,-0.16666664,0.1,-0.0012078289,-0.011468044,101.0,0.0,4728,6,0.2,1.0,0.1,0,5,0.1,0.2,1,1
54,54,54,54,54,0.0,4.001018,-0.38979766,-0.44587788,-0.494731,-0.5140368,0.0,0.5,-0.16666664,-0.16666664,-0.5,-0.5,0.1,-0.0037072157,-0.0152078895,1122.0,0.0,4728,6,0.2,1.0,0.1,0,5,0.1,0.2,1,1
55,55,55,55,55,0.0,-0.033113744,-0.10700953,-0.18921527,-0.3155048,-0.19009157,0.0,-0.16666664,-0.5,-0.16666664,-0.5,-0.5,0.1,-0.002065155,-0.016592145,141.0,1.0,4728,6,0.2,1.0,0.1,0,5,0.1,0.2,1,1
56,56,56,56,56,0.0,4.0004125,1.8145761,-0.27938116,-0.5357457,-0.14338043,0.0,0.5,0.16666669,-0.16666664,-0.16666664,-0.16666664,0.1,-0.0029744986,-0.018084688,1333.0,0.0,4728,6,0.2,1.0,0.1,0,5,0.1,0.2,1,1
57,57,57,57,57,0.0,3.1835248,-0.5633899,-0.17421286,4.0025315,-0.6215491,0.0,0.5,-0.5,-0.16666664,0.5,-0.5,0.1,-0.0018279916,-0.0068940506,165.0,0.0,4728,6,0.2,1.0,0.1,0,5,0.1,0.2,1,1
58,58,58,58,58,0.0,4.0023303,3.2234783,-0.088934734,2.7348235,-0.021835629,0.0,0.5,0.5,-0.16666664,0.5,-0.16666664,0.1,-0.0015420627,-0.02710176,266.0,0.0,4728,6,0.2,1.0,0.1,0,5,0.1,0.2,1,1
59,59,59,59,59,0.0,-0.033080805,-0.10694832,-0.189012,-0.3151051,-0.18998961,0.0,-0.5,-0.16666664,-0.16666664,0.16666669,0.5,0.1,-0.00032784732,-0.016592147,148.0,1.0,4728,6,0.2,1.0,0.1,0,5,0.1,0.2,1,1
60,60,60,60,60,0.0,-0.17957073,4.0012836,3.6290433,-0.5424755,-0.4250966,0.0,-0.5,0.5,0.5,-0.5,-0.5,0.1,-0.0017643512,-0.014111814,195.0,0.0,4728,6,0.2,1.0,0.1,0,5,0.1,0.2,1,1
61,61,61,61,61,0.0,-0.0331111,-0.10700771,-0.18922246,-0.31556612,-0.19013223,0.0,0.5,0.16666669,0.5,0.5,0.5,0.1,-0.0005049817,-0.016592141,158.0,1.0,4728,6,0.2,1.0,0.1,0,5,0.1,0.2,1,1
62,62,62,62,62,0.0,2.0600898,4.0032935,2.800848,-0.30636057,-0.13268681,0.0,0.16666669,0.5,0.5,-0.5,-0.16666664,0.1,-0.004681112,-0.0245,311.0,0.0,4728,6,0.2,1.0,0.1,0,5,0.1,0.2,1,1
63,63,63,63,63,0.0,-0.033138588,-0.1070042,-0.18910304,-0.31525832,-0.19003354,0.0,-0.5,-0.16666664,-0.16666664,-0.16666664,0.16666669,0.1,-0.0023448856,-0.016592147,151.0,1.0,4728,6,0.2,1.0,0.1,0,5,0.1,0.2,1,1
64,64,64,64,64,0.0,-0.13286608,-0.27534208,3.4557812,4.0049253,-0.19978876,0.0,-0.5,-0.5,0.16666669,0.5,-0.16666664,0.1,-0.0002885934,-0.006749221,366.0,0.0,4728,6,0.2,1.0,0.1,0,5,0.1,0.2,1,1
65,65,65,65,65,0.0,0.7013269,-0.15597431,-0.27967504,4.000506,-0.049858794,0.0,0.5,-0.5,-0.5,0.16666669,-0.5,0.1,-0.000969795,-0.012895127,148.0,0.0,4728,6,0.2,1.0,0.1,0,5,0.1,0.2,1,1
66,66,66,66,66,0.0,-0.27245963,2.8665776,4.0012646,-0.27673474,-0.040404502,0.0,-0.5,0.5,0.16666669,0.16666669,-0.5,0.1,-0.0037186206,-0.015735498,249.0,0.0,4728,6,0.2,1.0,0.1,0,5,0.1,0.2,1,1
67,67,67,67,67,0.0,-0.68183386,-0.74376833,4.0001154,-0.06366174,-0.52692574,0.0,-0.5,-0.5,0.5,0.16666669,-0.5,0.1,-0.0011952475,-0.005512589,837.0,0.0,4728,6,0.2,1.0,0.1,0,5,0.1,0.2,1,1
68,68,68,68,68,0.0,-0.03309324,-0.10694519,-0.18906924,-0.31521085,-0.19001831,0.0,0.16666669,-0.16666664,0.5,0.16666669,0.5,0.1,-0.00025376125,-0.016592141,157.0,1.0,4728,6,0.2,1.0,0.1,0,5,0.1,0.2,1,1
69,69,69,69,69,0.0,4.000274,-0.48916298,2.6346505,-0.1211119,-0.41199806,0.0,0.5,-0.16666664,0.5,0.16666669,-0.5,0.1,-0.00042916296,-0.011347058,1544.0,0.0,4728,6,0.2,1.0,0.1,0,5,0.1,0.2,1,1
70,70,70,70,70,0.0,-0.1598029,-0.48353747,4.0010443,-0.47020853,-0.36568308,0.0,-0.16666664,-0.5,0.5,-0.5,-0.16666664,0.1,-0.0048204954,-0.016396174,277.0,0.0,4728,6,0.2,1.0,0.1,0,5,0.1,0.2,1,1
71,71,71,71,71,0.0,0.12256644,-0.010816194,4.00286,-0.37173203,-0.23534052,0.0,-0.16666664,-0.16666664,0.5,-0.16666664,-0.16666664,0.1,-0.00196036,-0.014776617,437.0,0.0,4728,6,0.2,1.0,0.1,0,5,0.1,0.2,1,1
72,72,72,72,72,0.0,-0.03312284,-0.106995486,-0.18914446,-0.31534958,-0.19006217,0.0,0.5,-0.16666664,0.16666669,-0.5,0.5,0.1,-0.00065496966,-0.01659215,143.0,1.0,4728,6,0.2,1.0,0.1,0,5,0.1,0.2,1,1
73,73,73,73,73,0.0,-0.033295877,-0.10715412,-0.18929838,-0.3153733,-0.19016239,0.0,-0.16666664,0.5,0.5,0.16666669,0.16666669,0.1,-0.00045033405,-0.016592145,136.0,1.0,4728,6,0.2,1.0,0.1,0,5,0.1,0.2,1,1
74,74,74,74,74,0.0,-0.03323282,-0.10709285,-0.18921715,-0.31535664,-0.19014826,0.0,0.16666669,0.5,0.16666669,0.5,-0.5,0.1,-0.00021081061,-0.016592143,160.0,1.0,4728,6,0.2,1.0,0.1,0,5,0.1,0.2,1,1
75,75,75,75,75,0.0,-0.03318276,-0.10705426,-0.18923146,-0.3154191,-0.19009727,0.0,0.5,0.5,-0.16666664,0.5,0.5,0.1,-0.0005179673,-0.016592149,157.0,1.0,4728,6,0.2,1.0,0.1,0,5,0.1,0.2,1,1
76,76,76,76,76,0.0,4.0020547,1.8063949,-0.2793014,-0.5356204,-0.14343728,0.0,0.5,0.16666669,-0.16666664,-0.5,-0.5,0.1,-0.0022468944,-0.018084293,928.0,0.0,4728,6,0.2,1.0,0.1,0,5,0.1,0.2,1,1
77,77,77,77,77,0.0,-0.03314503,-0.10701919,-0.18917143,-0.31533098,-0.1900854,0.0,-0.16666664,-0.5,-0.16666664,-0.5,0.5,0.1,-0.0008351182,-0.016592149,164.0,1.0,4728,6,0.2,1.0,0.1,0,5,0.1,0.2,1,1
78,78,78,78,78,0.0,-0.22932085,4.003179,-0.28350568,-0.37040535,-0.24772504,0.0,-0.16666664,0.5,-0.16666664,-0.5,-0.5,0.1,-0.001565202,-0.016266553,393.0,0.0,4728,6,0.2,1.0,0.1,0,5,0.1,0.2,1,1
79,79,79,79,79,0.0,-0.49324232,-0.40564838,-0.55870354,4.0040355,-0.646688,0.0,0.16666669,-0.5,-0.5,0.16666669,-0.5,0.1,-0.001308544,-0.0110653965,281.0,0.0,4728,6,0.2,1.0,0.1,0,5,0.1,0.2,1,1
80,80,80,80,80,0.0,-0.03308951,-0.106953956,-0.18911807,-0.31531534,-0.19005421,0.0,0.16666669,0.16666669,-0.5,0.16666669,0.16666669,0.1,-0.0014886939,-0.01659215,158.0,1.0,4728,6,0.2,1.0,0.1,0,5,0.1,0.2,1,1
81,81,81,81,81,0.0,0.09487476,-0.17029469,-0.7771781,-0.31495336,-0.7948661,0.0,-0.16666664,-0.16666664,-0.5,-0.16666664,-0.5,0.1,-0.0018953615,-0.0065218806,142.0,1.0,4728,6,0.2,1.0,0.1,0,5,0.1,0.2,1,1
82,82,82,82,82,0.0,-0.2292827,4.0064235,-0.2834985,-0.37032062,-0.2477254,0.0,-0.5,0.5,0.16666669,0.16666669,0.5,0.1,-8.921383e-05,-0.01626698,181.0,0.0,4728,6,0.2,1.0,0.1,0,5,0.1,0.2,1,1
83,83,83,83,83,0.0,0.10844913,0.080879726,-0.041754015,4.004309,-0.13094369,0.0,0.16666669,0.16666669,-0.16666664,0.5,-0.16666664,0.1,-0.0018819281,-0.011840044,317.0,0.0,4728,6,0.2,1.0,0.1,0,5,0.1,0.2,1,1
84,84,84,84,84,0.0,4.0009017,3.5867705,0.12609938,0.24392883,0.089958325,0.0,0.16666669,0.16666669,0.5,0.16666669,-0.16666664,0.1,-0.00038230393,-0.012026637,861.0,0.0,4728,6,0.2,1.0,0.1,0,5,0.1,0.2,1,1
85,85,85,85,85,0.0,-0.27322036,2.366379,4.0032454,-0.2784655,-0.039896075,0.0,-0.5,0.16666669,0.5,-0.5,-0.16666664,0.1,-0.0037434504,-0.01565259,215.0,0.0,4728,6,0.2,1.0,0.1,0,5,0.1,0.2,1,1
86,86,86,86,86,0.0,4.001267,3.252899,-0.6567245,-0.17840573,-0.63898504,0.0,0.5,0.5,-0.16666664,0.16666669,-0.5,0.1,-0.00046876288,-0.010592497,1246.0,0.0,4728,6,0.2,1.0,0.1,0,5,0.1,0.2,1,1
87,87,87,87,87,0.0,4.000355,-0.05966327,-0.13220343,-0.23100209,-0.030812426,0.0,0.5,-0.16666664,-0.5,0.16666669,0.16666669,0.1,-0.00046071448,-0.017201683,366.0,0.0,4728,6,0.2,1.0,0.1,0,5,0.1,0.2,1,1
88,88,88,88,88,0.0,-0.03316148,-0.107035324,-0.18919197,-0.3153615,-0.19009784,0.0,0.16666669,-0.16666664,-0.16666664,-0.16666664,-0.5,0.1,-0.0023719918,-0.016592149,136.0,1.0,4728,6,0.2,1.0,0.1,0,5,0.1,0.2,1,1
89,89,89,89,89,0.0,4.0006495,3.5792134,0.12611301,0.24394366,0.08995571,0.0,0.5,0.5,0.16666669,0.16666669,-0.5,0.1,-0.0005208635,-0.01202602,1139.0,0.0,4728,6,0.2,1.0,0.1,0,5,0.1,0.2,1,1
90,90,90,90,90,0.0,-0.033027314,-0.10691461,-0.18906872,-0.3152744,-0.19000879,0.0,-0.5,0.16666669,-0.16666664,-0.5,-0.5,0.1,-0.0011939973,-0.016592147,179.0,1.0,4728,6,0.2,1.0,0.1,0,5,0.1,0.2,1,1
91,91,91,91,91,0.0,-0.03307851,-0.10695596,-0.18911602,-0.31533405,-0.19003953,0.0,0.16666669,0.16666669,0.5,0.16666669,-0.5,0.1,-0.00031741863,-0.01659215,158.0,1.0,4728,6,0.2,1.0,0.1,0,5,0.1,0.2,1,1
92,92,92,92,92,0.0,-0.2987443,3.1109562,3.8659604,4.0040627,-0.38565302,0.0,-0.5,0.5,0.5,0.5,-0.5,0.1,-0.0036761854,-0.01057795,151.0,0.0,4728,6,0.2,1.0,0.1,0,5,0.1,0.2,1,1
93,93,93,93,93,0.0,-0.033094022,-0.10694718,-0.18903735,-0.31521884,-0.19000652,0.0,-0.5,-0.16666664,-0.5,-0.16666664,-0.16666664,0.1,-0.0021583913,-0.016592145,154.0,1.0,4728,6,0.2,1.0,0.1,0,5,0.1,0.2,1,1
94,94,94,94,94,0.0,-0.27146506,4.0028267,3.532261,-0.27389538,-0.040475,0.0,-0.5,0.5,0.5,-0.16666664,0.16666669,0.1,-0.0002528153,-0.01575186,414.0,0.0,4728,6,0.2,1.0,0.1,0,5,0.1,0.2,1,1
95,95,95,95,95,0.0,0.09465515,-0.1702457,-0.7772026,-0.31495506,-0.7948898,0.0,0.16666669,-0.16666664,-0.5,-0.16666664,-0.5,0.1,-0.0015538469,-0.0065218746,152.0,1.0,4728,6,0.2,1.0,0.1,0,5,0.1,0.2,1,1
96,96,96,96,96,0.0,-0.49331802,-0.4057166,-0.5587765,4.002834,-0.6467592,0.0,-0.16666664,0.16666669,-0.5,0.16666669,-0.5,0.1,-0.0010526199,-0.011065221,534.0,0.0,4728,6,0.2,1.0,0.1,0,5,0.1,0.2,1,1
97,97,97,97,97,0.0,-0.50489104,4.004385,1.3061603,-0.053751234,-0.4999147,0.0,-0.5,0.5,0.16666669,0.16666669,-0.16666664,0.1,-0.0002320807,-0.0089437915,402.0,0.0,4728,6,0.2,1.0,0.1,0,5,0.1,0.2,1,1
98,98,98,98,98,0.0,-0.53324366,4.002109,3.3001282,-0.08361142,-0.5228687,0.0,-0.16666664,0.16666669,0.5,0.16666669,-0.5,0.1,-0.00023362995,-0.009404795,583.0,0.0,4728,6,0.2,1.0,0.1,0,5,0.1,0.2,1,1
99,99,99,99,99,0.0,0.111491956,0.08245099,-0.04268911,4.0144753,-0.12997971,0.0,-0.5,-0.5,-0.5,0.5,0.16666669,0.1,-0.00033499114,-0.011838906,120.0,0.0,4728,6,0.2,1.0,0.1,0,5,0.1,0.2,1,1
