,Unnamed: 0,e1,e2,e3,e4,e5,e6,e7,e8,e9,e0_1,e0_2,e0_3,e0_4,e0_5,e0_6,e0_7,e0_8,e0_9,Gamma,eta0,eta,count,success,seed,N,Jmax,alpha,gleak,ex,lk,rate,T,pl,all
0,0,0.0,-0.24666096,0.89125776,0.060175266,0.81056595,-0.09262037,-0.22648367,4.000015,0.026916113,0.0,-0.5,0.16666669,-0.16666664,0.5,-0.16666664,-0.5,0.5,0.16666669,0.1,-0.0002086031,-0.0038373955,740.0,0.0,96952,9,0.2,1.0,0.1,0,8,0.05,0.2,1,1
1,1,0.0,-0.016879493,-0.06792973,-0.11031047,-0.15532811,-0.19706717,-0.28239244,-0.3884762,-0.2504405,0.0,-0.16666664,-0.5,-0.16666664,0.16666669,0.16666669,-0.5,-0.16666664,-0.16666664,0.1,-0.0006061407,-0.010772581,1656.0,1.0,96952,9,0.2,1.0,0.1,0,8,0.05,0.2,1,1
2,2,0.0,0.48527166,-0.29694653,-0.3765486,-0.34817442,1.6946584,-0.17201638,4.0005074,-0.09222547,0.0,0.5,-0.5,-0.16666664,-0.5,0.5,-0.16666664,0.5,0.16666669,0.1,-0.00012574704,-0.0049298997,443.0,0.0,96952,9,0.2,1.0,0.1,0,8,0.05,0.2,1,1
3,3,0.0,-0.016784076,-0.06784893,-0.11022844,-0.15525272,-0.19696014,-0.28229317,-0.38840047,-0.2503521,0.0,0.5,-0.16666664,-0.16666664,0.5,-0.16666664,0.5,0.5,0.5,0.1,-0.00014831622,-0.010772582,290.0,1.0,96952,9,0.2,1.0,0.1,0,8,0.05,0.2,1,1
4,4,0.0,-0.3341054,-0.44917077,4.001835,-0.55687207,3.8440318,-0.60857475,2.2145739,-0.5674471,0.0,0.16666669,-0.16666664,0.5,-0.16666664,0.5,-0.5,0.16666669,-0.5,0.1,-0.00046621155,-0.008630692,583.0,0.0,96952,9,0.2,1.0,0.1,0,8,0.05,0.2,1,1
5,5,0.0,-0.12087345,2.2560692,-0.2754033,-0.5535217,4.0006585,-0.21898195,-0.5361288,-0.18580723,0.0,-0.16666664,0.5,0.16666669,-0.16666664,0.5,0.16666669,-0.5,0.5,0.1,-0.00036545214,-0.007920374,772.0,0.0,96952,9,0.2,1.0,0.1,0,8,0.05,0.2,1,1
6,6,0.0,0.19306697,0.034088757,1.7589842,-0.091895744,4.000316,1.9808264,2.909714,-0.10560981,0.0,-0.16666664,-0.16666664,0.16666669,-0.5,0.5,0.16666669,0.16666669,-0.16666664,0.1,-0.00016173483,-0.007864635,1060.0,0.0,96952,9,0.2,1.0,0.1,0,8,0.05,0.2,1,1
7,7,0.0,-0.016849516,-0.06790514,-0.11028576,-0.15529716,-0.19701721,-0.28234357,-0.38843957,-0.25041014,0.0,-0.5,-0.5,-0.16666664,-0.16666664,-0.5,-0.5,0.5,0.5,0.1,-6.9495836e-05,-0.01077258,210.0,1.0,96952,9,0.2,1.0,0.1,0,8,0.05,0.2,1,1
8,8,0.0,-0.19900477,4.0019937,3.3000095,-0.35762513,2.0530548,2.0432096,-0.6372035,-0.44618762,0.0,-0.16666664,0.5,0.5,-0.16666664,0.16666669,0.5,-0.5,-0.16666664,0.1,-0.0005075233,-0.011192611,503.0,0.0,96952,9,0.2,1.0,0.1,0,8,0.05,0.2,1,1
9,9,0.0,-0.60054755,-0.63691086,1.6675963,4.0007815,-0.10167191,-0.28596598,3.216915,-0.48306137,0.0,-0.5,-0.5,0.5,0.5,-0.16666664,-0.16666664,0.5,-0.5,0.1,-0.00025753133,-0.0035712682,439.0,0.0,96952,9,0.2,1.0,0.1,0,8,0.05,0.2,1,1
10,10,0.0,-0.016895937,-0.06794305,-0.1103263,-0.15534025,-0.19707525,-0.2823961,-0.38847202,-0.25044933,0.0,-0.16666664,0.16666669,-0.16666664,-0.5,-0.5,-0.5,-0.5,-0.5,0.1,-0.0022313525,-0.010772582,243.0,1.0,96952,9,0.2,1.0,0.1,0,8,0.05,0.2,1,1
11,11,0.0,-0.016832452,-0.06787881,-0.11025547,-0.15528125,-0.19700894,-0.28234157,-0.38844526,-0.25039306,0.0,-0.16666664,0.16666669,-0.5,-0.5,-0.5,-0.5,-0.16666664,0.5,0.1,-0.00019757348,-0.010772584,204.0,1.0,96952,9,0.2,1.0,0.1,0,8,0.05,0.2,1,1
12,12,0.0,-1.1210155,-0.97998154,-1.2606063,-1.3926991,-0.19815548,-1.5102626,-0.5446286,-1.5113407,0.0,0.5,0.16666669,0.5,-0.5,0.5,-0.16666664,0.16666669,-0.16666664,0.1,-0.00025067508,-0.0053336485,500000.0,0.0,96952,9,0.2,1.0,0.1,0,8,0.05,0.2,1,1
13,13,0.0,-0.16387682,0.6018232,0.9510985,-0.09306871,-0.12425392,2.9581947,4.0006127,0.05304344,0.0,-0.5,0.5,0.5,-0.16666664,-0.16666664,0.16666669,0.5,-0.16666664,0.1,-0.00011994557,-0.0032879324,836.0,0.0,96952,9,0.2,1.0,0.1,0,8,0.05,0.2,1,1
14,14,0.0,4.0007024,-0.41651824,-0.7180763,-0.8206712,3.8673902,-0.93084323,-0.16788943,-0.92368734,0.0,0.16666669,-0.16666664,-0.16666664,-0.5,-0.16666664,-0.5,-0.16666664,-0.5,0.1,-0.0012257678,-0.007257849,2404.0,0.0,96952,9,0.2,1.0,0.1,0,8,0.05,0.2,1,1
15,15,0.0,-0.32072225,-0.32725644,-0.07862553,-0.21246941,4.002626,-0.3136194,-0.38404554,-0.19246136,0.0,-0.5,-0.5,-0.5,-0.16666664,0.5,-0.16666664,-0.5,-0.5,0.1,-0.0005853884,-0.006194496,349.0,0.0,96952,9,0.2,1.0,0.1,0,8,0.05,0.2,1,1
16,16,0.0,-0.42327282,2.8718522,-0.116725326,4.0008273,-0.48841286,-0.46286714,-0.48294586,-0.539177,0.0,-0.16666664,0.5,0.16666669,0.5,-0.16666664,-0.16666664,-0.16666664,-0.16666664,0.1,-0.00079722184,-0.009067001,1355.0,0.0,96952,9,0.2,1.0,0.1,0,8,0.05,0.2,1,1
17,17,0.0,0.7344119,-0.05875064,4.0000525,3.0542295,-0.2299409,-0.3478815,3.7907333,-0.05646137,0.0,0.5,-0.16666664,0.5,0.5,-0.5,-0.5,0.5,-0.5,0.1,-0.000821092,-0.0100821,450.0,0.0,96952,9,0.2,1.0,0.1,0,8,0.05,0.2,1,1
18,18,0.0,-0.016780075,-0.067842185,-0.110218644,-0.15524282,-0.19695541,-0.28229117,-0.38841322,-0.25035027,0.0,0.16666669,0.16666669,0.16666669,0.5,0.16666669,-0.5,-0.5,0.5,0.1,-0.00041659732,-0.010772583,274.0,1.0,96952,9,0.2,1.0,0.1,0,8,0.05,0.2,1,1
19,19,0.0,-0.10468329,-0.54523575,-0.033739086,-0.095288694,-0.5561699,-0.14263318,-0.5443883,-0.20495243,0.0,-0.16666664,-0.5,0.16666669,-0.16666664,-0.5,-0.16666664,-0.5,0.5,0.1,-0.0005582072,-0.0049517313,956.0,1.0,96952,9,0.2,1.0,0.1,0,8,0.05,0.2,1,1
20,20,0.0,-0.6713868,3.0550752,4.001511,3.537927,3.3875134,-0.688983,-0.09402976,-0.6621837,0.0,-0.5,-0.16666664,0.16666669,-0.16666664,0.16666669,-0.16666664,0.16666669,-0.5,0.1,-0.0003559103,-0.009686655,1499.0,0.0,96952,9,0.2,1.0,0.1,0,8,0.05,0.2,1,1
21,21,0.0,4.000393,3.3633578,-0.08364114,-0.10371958,-0.08790922,-0.1764408,-0.22805616,-0.1856013,0.0,0.5,0.5,-0.16666664,-0.16666664,0.16666669,-0.16666664,-0.16666664,-0.5,0.1,-0.0014715501,-0.010423207,1973.0,0.0,96952,9,0.2,1.0,0.1,0,8,0.05,0.2,1,1
22,22,0.0,1.5205519,0.8923115,-0.12506469,-0.4888411,4.0003853,2.0158064,-0.13928902,-0.48635522,0.0,0.16666669,-0.16666664,-0.16666664,-0.5,0.16666669,-0.16666664,0.16666669,-0.5,0.1,-0.00087681826,-0.0069013997,815.0,0.0,96952,9,0.2,1.0,0.1,0,8,0.05,0.2,1,1
23,23,0.0,0.8995155,-0.26750073,-0.2621291,4.0000186,-0.01920684,0.00017806313,0.012126802,-0.02344179,0.0,0.5,-0.5,-0.5,0.5,0.16666669,-0.5,0.16666669,0.16666669,0.1,-0.00014054094,-0.005678365,903.0,0.0,96952,9,0.2,1.0,0.1,0,8,0.05,0.2,1,1
24,24,0.0,0.14517744,-0.0038189352,3.7989023,-0.08615714,4.002666,-0.10455172,-0.18950026,-0.022497093,0.0,-0.5,-0.5,0.5,-0.16666664,0.5,-0.16666664,-0.16666664,0.5,0.1,-0.000106965694,-0.009021479,294.0,0.0,96952,9,0.2,1.0,0.1,0,8,0.05,0.2,1,1
25,25,0.0,-0.01680259,-0.06785213,-0.11022245,-0.15524997,-0.19698074,-0.28231224,-0.38843343,-0.2503664,0.0,0.5,0.5,0.16666669,0.5,0.5,-0.16666664,0.16666669,0.5,0.1,-0.0004463878,-0.010772585,377.0,1.0,96952,9,0.2,1.0,0.1,0,8,0.05,0.2,1,1
26,26,0.0,-0.21087141,0.5628213,-0.13236734,-0.15679026,2.189143,-0.08503579,4.0001383,0.005725283,0.0,-0.16666664,0.5,-0.16666664,-0.5,0.5,0.16666669,0.5,0.16666669,0.1,-0.00026471383,-0.0037525028,1035.0,0.0,96952,9,0.2,1.0,0.1,0,8,0.05,0.2,1,1
27,27,0.0,0.21212108,-0.019095376,-0.4476712,0.019157944,-0.38549915,-0.34289524,-0.38129833,-0.41598135,0.0,0.16666669,0.16666669,-0.5,0.16666669,-0.5,-0.5,-0.16666664,0.16666669,0.1,-0.00063159654,-0.006910089,592.0,1.0,96952,9,0.2,1.0,0.1,0,8,0.05,0.2,1,1
28,28,0.0,4.0005536,3.2499156,2.5195436,-0.31521454,2.093283,-0.308136,-0.40244573,-0.33719036,0.0,0.5,0.5,0.16666669,-0.16666664,0.5,-0.16666664,-0.16666664,-0.5,0.1,-0.0009793299,-0.015259102,1190.0,0.0,96952,9,0.2,1.0,0.1,0,8,0.05,0.2,1,1
29,29,0.0,-0.3066064,-0.3323688,1.2594838,4.0046344,2.7971559,-0.28913322,-0.34825477,-0.06993948,0.0,-0.5,-0.16666664,0.16666669,0.5,0.5,-0.16666664,-0.5,-0.16666664,0.1,-0.0015032123,-0.0053323624,413.0,0.0,96952,9,0.2,1.0,0.1,0,8,0.05,0.2,1,1
30,30,0.0,-0.016787883,-0.067845166,-0.11021678,-0.15524165,-0.1969587,-0.2822866,-0.3883939,-0.2503472,0.0,0.16666669,0.16666669,-0.16666664,-0.5,0.16666669,0.16666669,-0.16666664,0.16666669,0.1,-0.0005246782,-0.010772582,314.0,1.0,96952,9,0.2,1.0,0.1,0,8,0.05,0.2,1,1
31,31,0.0,-0.050245553,-0.28359255,-0.60005844,4.003623,2.6390035,1.6032398,-0.23394552,-0.6147075,0.0,-0.16666664,-0.16666664,-0.5,0.5,0.5,0.16666669,-0.16666664,-0.5,0.1,-0.0016043521,-0.0051175784,461.0,0.0,96952,9,0.2,1.0,0.1,0,8,0.05,0.2,1,1
32,32,0.0,3.0880446,4.0020213,-0.14949037,2.9616916,-0.2928947,2.0004628,-0.30919892,-0.14401595,0.0,0.5,0.5,-0.16666664,0.5,0.16666669,0.5,0.16666669,-0.5,0.1,-0.00018708699,-0.018505283,514.0,0.0,96952,9,0.2,1.0,0.1,0,8,0.05,0.2,1,1
33,33,0.0,-0.016799191,-0.06786099,-0.11024073,-0.15526345,-0.19697526,-0.28230658,-0.3884152,-0.25036582,0.0,0.5,0.5,0.5,0.5,0.16666669,-0.5,-0.5,0.16666669,0.1,-0.0006739422,-0.010772579,917.0,1.0,96952,9,0.2,1.0,0.1,0,8,0.05,0.2,1,1
34,34,0.0,-0.016858153,-0.06790269,-0.11028167,-0.15530303,-0.19704674,-0.28237325,-0.38847646,-0.250423,0.0,-0.5,-0.16666664,0.16666669,-0.16666664,-0.5,-0.5,0.16666669,0.16666669,0.1,-0.00013757884,-0.010772582,207.0,1.0,96952,9,0.2,1.0,0.1,0,8,0.05,0.2,1,1
35,35,0.0,-0.24686863,-0.4097136,2.2512257,2.5369015,4.0026383,-0.3771099,-0.24242137,-0.4015506,0.0,0.16666669,-0.5,0.16666669,0.16666669,0.16666669,0.5,0.16666669,-0.16666664,0.1,-0.00010487157,-0.0051055746,752.0,0.0,96952,9,0.2,1.0,0.1,0,8,0.05,0.2,1,1
36,36,0.0,-0.016781965,-0.0678479,-0.11022776,-0.15525131,-0.19695638,-0.28229022,-0.3883969,-0.25035012,0.0,-0.5,-0.5,0.16666669,0.5,-0.5,-0.16666664,0.5,0.5,0.1,-3.7126938e-05,-0.010772584,428.0,1.0,96952,9,0.2,1.0,0.1,0,8,0.05,0.2,1,1
37,37,0.0,-0.016874192,-0.067921914,-0.110304624,-0.15531994,-0.19705188,-0.28237215,-0.38845596,-0.2504296,0.0,0.16666669,-0.16666664,-0.5,-0.16666664,0.16666669,-0.16666664,-0.16666664,0.5,0.1,-0.00027448483,-0.01077258,199.0,1.0,96952,9,0.2,1.0,0.1,0,8,0.05,0.2,1,1
38,38,0.0,0.42951474,-0.18762788,-0.2307376,2.863124,3.481236,-0.35808966,4.002464,-0.09989372,0.0,0.5,-0.5,-0.5,0.16666669,0.16666669,-0.5,0.5,0.16666669,0.1,-0.00013945748,-0.008487048,234.0,0.0,96952,9,0.2,1.0,0.1,0,8,0.05,0.2,1,1
39,39,0.0,-0.52944577,4.001134,3.5119793,-0.47209898,-0.43678585,-0.48654842,-0.5134043,-0.53519154,0.0,-0.5,0.16666669,0.16666669,-0.5,-0.5,-0.5,-0.5,-0.5,0.1,-0.0054299925,-0.010554201,2122.0,0.0,96952,9,0.2,1.0,0.1,0,8,0.05,0.2,1,1
40,40,0.0,0.54848224,-0.06785957,3.0082672,-0.38270307,4.0024033,3.4592886,-0.33623725,-0.21116506,0.0,0.5,-0.5,0.16666669,-0.5,0.16666669,0.5,-0.5,-0.5,0.1,-0.0006032723,-0.013996802,186.0,0.0,96952,9,0.2,1.0,0.1,0,8,0.05,0.2,1,1
41,41,0.0,-0.13643973,4.0019827,-0.2749547,2.1604304,-0.5336584,3.076452,-0.59616315,-0.3949915,0.0,0.16666669,0.5,-0.16666664,0.16666669,-0.5,0.5,-0.5,-0.5,0.1,-0.0008482708,-0.012427603,964.0,0.0,96952,9,0.2,1.0,0.1,0,8,0.05,0.2,1,1
42,42,0.0,4.000154,0.049402896,0.07709535,0.03022345,0.03862118,-0.07172747,-0.3254612,-0.08796671,0.0,0.5,-0.16666664,-0.5,0.16666669,-0.5,0.16666669,0.16666669,-0.16666664,0.1,-0.0002953546,-0.011327796,965.0,0.0,96952,9,0.2,1.0,0.1,0,8,0.05,0.2,1,1
43,43,0.0,-0.15245834,4.00113,-0.30320236,-0.41303325,3.395068,-0.50156015,-0.60688865,-0.4457862,0.0,0.5,0.5,-0.16666664,-0.16666664,0.5,0.5,-0.5,-0.5,0.1,-0.002666466,-0.0108061535,758.0,0.0,96952,9,0.2,1.0,0.1,0,8,0.05,0.2,1,1
44,44,0.0,-0.1195911,-0.21467306,2.6495423,-0.16101418,4.0027566,-0.16826558,-0.216282,-0.0767506,0.0,-0.16666664,-0.16666664,0.5,-0.16666664,0.5,-0.5,-0.16666664,0.5,0.1,-0.0004680452,-0.0070529454,580.0,0.0,96952,9,0.2,1.0,0.1,0,8,0.05,0.2,1,1
45,45,0.0,-0.12655386,3.2582576,-0.26721957,4.0031257,3.6459618,-0.3365624,1.7795779,-0.2839148,0.0,-0.16666664,0.5,-0.5,0.5,0.5,-0.5,0.16666669,-0.5,0.1,-0.0007563198,-0.012160398,240.0,0.0,96952,9,0.2,1.0,0.1,0,8,0.05,0.2,1,1
46,46,0.0,0.44675282,0.075093664,0.27972433,-0.082261644,4.000962,-0.686726,-0.2396933,-0.67444396,0.0,0.16666669,0.5,0.5,0.5,0.5,-0.16666664,0.16666669,-0.5,0.1,-0.0004100136,-0.0055653066,1592.0,0.0,96952,9,0.2,1.0,0.1,0,8,0.05,0.2,1,1
47,47,0.0,4.0001926,-0.33881027,3.2143736,-0.29954877,0.17921945,0.25449187,-0.18409984,-0.011202751,0.0,0.5,-0.16666664,0.5,-0.16666664,0.16666669,0.16666669,-0.16666664,0.16666669,0.1,-0.001204907,-0.0067042313,2444.0,0.0,96952,9,0.2,1.0,0.1,0,8,0.05,0.2,1,1
48,48,0.0,-0.11928463,3.2274241,-0.4290909,-0.4358334,0.95586765,-0.35348094,4.000086,-0.2765061,0.0,-0.16666664,0.5,-0.16666664,-0.5,0.16666669,-0.16666664,0.5,-0.16666664,0.1,-0.000613181,-0.007170894,802.0,0.0,96952,9,0.2,1.0,0.1,0,8,0.05,0.2,1,1
49,49,0.0,-0.16607976,4.0005765,-0.14548968,-0.073993035,-0.10826213,-0.1449198,-0.14657973,-0.1703084,0.0,-0.16666664,0.5,-0.16666664,-0.16666664,0.16666669,0.5,0.16666669,0.16666669,0.1,-0.00010503263,-0.008445672,1094.0,0.0,96952,9,0.2,1.0,0.1,0,8,0.05,0.2,1,1
50,50,0.0,4.001256,0.04938951,0.07707156,0.030209074,0.03861316,-0.07173547,-0.32540733,-0.08796968,0.0,0.5,-0.16666664,-0.5,-0.16666664,0.16666669,-0.16666664,-0.5,0.16666669,0.1,-0.00076160574,-0.011327873,1390.0,0.0,96952,9,0.2,1.0,0.1,0,8,0.05,0.2,1,1
51,51,0.0,2.2305644,4.002991,3.1609547,-0.44645834,-0.13511226,0.92257524,-0.45491874,-0.07403856,0.0,0.16666669,0.5,0.5,-0.5,-0.16666664,0.16666669,-0.5,-0.16666664,0.1,-0.0013695866,-0.013691609,523.0,0.0,96952,9,0.2,1.0,0.1,0,8,0.05,0.2,1,1
52,52,0.0,-0.46882138,-0.46218905,2.0757227,-0.6250456,4.0022163,2.479291,-0.5433083,-0.4296995,0.0,-0.16666664,-0.16666664,0.5,-0.5,0.5,0.5,-0.5,0.16666669,0.1,-0.00094849366,-0.007616438,214.0,0.0,96952,9,0.2,1.0,0.1,0,8,0.05,0.2,1,1
53,53,0.0,-0.016809579,-0.067868695,-0.11024703,-0.1552688,-0.19698101,-0.2823062,-0.38839757,-0.2503671,0.0,0.16666669,0.5,-0.5,-0.5,0.16666669,0.16666669,-0.5,0.5,0.1,-0.0002838409,-0.010772581,331.0,1.0,96952,9,0.2,1.0,0.1,0,8,0.05,0.2,1,1
54,54,0.0,-0.23925601,-0.3060594,2.9667149,4.000622,-0.2836816,-0.3438763,-0.4244365,-0.20908676,0.0,-0.16666664,-0.16666664,0.5,0.5,0.16666669,-0.16666664,-0.16666664,-0.16666664,0.1,-0.00050211453,-0.007327743,1354.0,0.0,96952,9,0.2,1.0,0.1,0,8,0.05,0.2,1,1
55,55,0.0,-0.43824366,-0.67847455,-0.5837966,-0.70431757,-0.63864225,-0.7749681,4.0037513,-0.86093277,0.0,0.16666669,-0.5,-0.5,-0.16666664,-0.5,-0.5,0.16666669,-0.5,0.1,-0.0009344401,-0.0075737475,418.0,0.0,96952,9,0.2,1.0,0.1,0,8,0.05,0.2,1,1
56,56,0.0,-0.01681974,-0.06787254,-0.110246055,-0.15526576,-0.19699085,-0.28232372,-0.38844156,-0.25038683,0.0,0.16666669,-0.5,-0.16666664,-0.5,-0.5,-0.16666664,-0.5,0.16666669,0.1,-0.0011099733,-0.01077258,187.0,1.0,96952,9,0.2,1.0,0.1,0,8,0.05,0.2,1,1
57,57,0.0,1.5673349,2.555378,-0.19689292,-0.31214502,3.8486395,-0.50836784,4.0021663,-0.47681433,0.0,0.5,0.16666669,-0.16666664,-0.5,0.16666669,-0.16666664,0.5,-0.16666664,0.1,-0.0006601805,-0.008463248,621.0,0.0,96952,9,0.2,1.0,0.1,0,8,0.05,0.2,1,1
58,58,0.0,-0.01688381,-0.06793328,-0.1103203,-0.15533486,-0.19706415,-0.2823872,-0.3884645,-0.25044075,0.0,-0.5,0.16666669,-0.5,0.16666669,0.16666669,-0.5,-0.16666664,-0.16666664,0.1,-0.00060012034,-0.0107725775,4931.0,1.0,96952,9,0.2,1.0,0.1,0,8,0.05,0.2,1,1
59,59,0.0,-0.23838627,-0.3526546,1.9520223,4.0049076,1.1192172,1.8009825,-0.504746,-0.39240012,0.0,-0.16666664,-0.16666664,0.5,0.5,0.16666669,0.5,-0.5,-0.16666664,0.1,-0.00032477893,-0.0047615855,215.0,0.0,96952,9,0.2,1.0,0.1,0,8,0.05,0.2,1,1
60,60,0.0,1.8507868,-0.3741362,4.0018244,3.590046,2.349733,0.016967932,-0.29304427,0.13585852,0.0,0.5,-0.5,0.5,0.16666669,0.5,-0.16666664,-0.5,0.5,0.1,-0.00068433635,-0.006209767,628.0,0.0,96952,9,0.2,1.0,0.1,0,8,0.05,0.2,1,1
61,61,0.0,4.0001945,-0.32175276,0.9585477,-0.42488196,-0.41588873,3.8313525,-0.2837906,-0.12345281,0.0,0.5,-0.5,0.16666669,-0.5,-0.5,0.5,-0.16666664,-0.16666664,0.1,-0.00085787394,-0.009692913,2629.0,0.0,96952,9,0.2,1.0,0.1,0,8,0.05,0.2,1,1
62,62,0.0,3.1636603,-0.26892415,4.004472,2.6967251,1.9583805,-0.28762633,-0.48762825,-0.16942,0.0,0.5,-0.5,0.5,0.16666669,0.16666669,-0.5,-0.5,-0.5,0.1,-0.0008524935,-0.014162244,299.0,0.0,96952,9,0.2,1.0,0.1,0,8,0.05,0.2,1,1
63,63,0.0,4.0006604,-0.3212388,0.9591064,-0.4245084,-0.41541567,3.8112495,-0.28402868,-0.12362756,0.0,0.5,-0.16666664,0.5,-0.5,-0.16666664,0.5,-0.16666664,0.5,0.1,-0.00048785922,-0.009693224,1267.0,0.0,96952,9,0.2,1.0,0.1,0,8,0.05,0.2,1,1
64,64,0.0,4.000244,2.1762192,3.56171,-0.43914118,3.2838745,2.0948524,-0.115379505,-0.32313484,0.0,0.16666669,0.16666669,0.16666669,-0.5,0.5,0.5,0.16666669,-0.16666664,0.1,-0.00039623087,-0.01197147,2012.0,0.0,96952,9,0.2,1.0,0.1,0,8,0.05,0.2,1,1
65,65,0.0,4.001376,2.411922,2.019825,-0.58812946,-0.17560117,-0.66439676,3.8643062,-0.6860837,0.0,0.5,0.16666669,0.5,-0.16666664,0.16666669,-0.5,0.5,-0.5,0.1,-0.00036045234,-0.008689849,1189.0,0.0,96952,9,0.2,1.0,0.1,0,8,0.05,0.2,1,1
66,66,0.0,-0.016822442,-0.06786984,-0.110245325,-0.15527186,-0.19700605,-0.28233853,-0.38844594,-0.25038353,0.0,0.16666669,-0.16666664,-0.5,-0.16666664,-0.16666664,-0.5,0.16666669,0.16666669,0.1,-0.0005177794,-0.010772581,194.0,1.0,96952,9,0.2,1.0,0.1,0,8,0.05,0.2,1,1
67,67,0.0,-0.016813645,-0.067873724,-0.11025548,-0.15527733,-0.19698736,-0.28231344,-0.3884019,-0.250374,0.0,-0.16666664,-0.5,0.16666669,0.5,-0.5,0.5,0.16666669,0.5,0.1,-0.0001247844,-0.010772581,619.0,1.0,96952,9,0.2,1.0,0.1,0,8,0.05,0.2,1,1
68,68,0.0,-0.016906131,-0.06796069,-0.11035303,-0.15536623,-0.19708842,-0.2824061,-0.38845962,-0.2504625,0.0,-0.5,-0.16666664,-0.5,-0.5,-0.5,-0.5,-0.5,-0.16666664,0.1,-0.0026292228,-0.010772584,228.0,1.0,96952,9,0.2,1.0,0.1,0,8,0.05,0.2,1,1
69,69,0.0,4.000216,3.5151308,0.03131712,0.06048893,0.137076,-0.040708665,-0.3951664,-0.07315424,0.0,0.5,0.5,-0.16666664,0.16666669,0.16666669,-0.16666664,-0.5,-0.16666664,0.1,-0.006169778,-0.010916156,1286.0,0.0,96952,9,0.2,1.0,0.1,0,8,0.05,0.2,1,1
70,70,0.0,-0.6961998,-0.73768467,1.4069208,1.7068558,4.0008497,2.7006845,-0.00233063,-0.5451366,0.0,-0.5,-0.16666664,0.5,-0.16666664,0.5,0.16666669,0.16666669,-0.16666664,0.1,-0.00044394718,-0.0039012823,905.0,0.0,96952,9,0.2,1.0,0.1,0,8,0.05,0.2,1,1
71,71,0.0,2.9818742,2.6775339,4.0022993,3.7301967,2.567123,-0.00643747,-0.21659128,0.16987795,0.0,0.16666669,0.5,0.16666669,0.5,0.5,-0.16666664,-0.16666664,0.5,0.1,-0.00075793685,-0.008218622,962.0,0.0,96952,9,0.2,1.0,0.1,0,8,0.05,0.2,1,1
72,72,0.0,-0.44378555,-0.67994994,-0.8383424,2.52102,4.002559,-0.97734493,-0.048750874,-0.9574051,0.0,-0.16666664,-0.16666664,-0.5,0.16666669,0.5,-0.5,-0.16666664,-0.5,0.1,-0.0011508998,-0.0062676407,341.0,0.0,96952,9,0.2,1.0,0.1,0,8,0.05,0.2,1,1
73,73,0.0,-0.01687743,-0.06792822,-0.11031432,-0.15533078,-0.19706218,-0.28238827,-0.38847288,-0.25044277,0.0,-0.5,-0.16666664,-0.16666664,-0.5,-0.16666664,-0.5,0.16666669,-0.16666664,0.1,-0.0002590243,-0.010772582,478.0,1.0,96952,9,0.2,1.0,0.1,0,8,0.05,0.2,1,1
74,74,0.0,-0.016813092,-0.067875646,-0.11025842,-0.15527943,-0.19698754,-0.2823129,-0.38839906,-0.25037393,0.0,0.5,-0.16666664,-0.16666664,0.5,0.16666669,-0.16666664,0.5,0.5,0.1,-0.00013027257,-0.010772581,1249.0,1.0,96952,9,0.2,1.0,0.1,0,8,0.05,0.2,1,1
75,75,0.0,-0.113331415,-0.20317426,4.0037413,-0.14005253,-0.1736897,-0.061380766,-0.18422565,-0.14769754,0.0,-0.5,-0.16666664,0.5,0.16666669,-0.5,0.16666669,0.16666669,0.5,0.1,-0.00013597128,-0.007316013,212.0,0.0,96952,9,0.2,1.0,0.1,0,8,0.05,0.2,1,1
76,76,0.0,-0.4091254,1.6973084,-0.49386334,2.7332041,1.0984136,-0.051809706,4.004009,-0.4382211,0.0,-0.5,0.16666669,-0.5,0.5,-0.16666664,-0.5,0.5,-0.5,0.1,-0.0026714203,-0.0050024516,598.0,0.0,96952,9,0.2,1.0,0.1,0,8,0.05,0.2,1,1
77,77,0.0,0.012395558,0.25142637,3.3906279,-0.29165888,-0.19356227,-0.34051603,4.000202,-0.43173942,0.0,-0.16666664,0.16666669,0.16666669,0.16666669,-0.16666664,-0.5,0.16666669,-0.16666664,0.1,-0.0006242175,-0.0029293771,3317.0,0.0,96952,9,0.2,1.0,0.1,0,8,0.05,0.2,1,1
78,78,0.0,1.6341313,4.0011826,3.0747142,-0.0019758604,-0.08205898,0.14589126,-0.07927851,-0.034444634,0.0,0.5,0.5,0.5,-0.16666664,-0.16666664,0.16666669,0.16666669,-0.16666664,0.1,-0.00064633397,-0.008650775,416.0,0.0,96952,9,0.2,1.0,0.1,0,8,0.05,0.2,1,1
79,79,0.0,-0.57056737,-0.62652457,1.3313472,4.00164,-0.025901413,-0.5322176,2.7203417,-0.5176695,0.0,-0.5,-0.16666664,0.16666669,0.16666669,0.16666669,-0.16666664,0.5,-0.16666664,0.1,-0.0003956307,-0.004552589,856.0,0.0,96952,9,0.2,1.0,0.1,0,8,0.05,0.2,1,1
80,80,0.0,-0.8875912,-0.46384993,1.67205,-0.12559943,4.0004253,-0.9648384,-0.26473165,-0.958201,0.0,-0.5,0.16666669,0.16666669,0.5,0.5,-0.5,0.5,-0.5,0.1,-0.002272729,-0.0057870015,1160.0,0.0,96952,9,0.2,1.0,0.1,0,8,0.05,0.2,1,1
81,81,0.0,4.000338,2.8490303,-0.38545248,2.260973,-0.40184212,-0.44182906,-0.5023195,-0.5005646,0.0,0.5,0.5,-0.5,0.16666669,-0.16666664,-0.16666664,-0.5,-0.16666664,0.1,-0.0011229325,-0.013268028,1652.0,0.0,96952,9,0.2,1.0,0.1,0,8,0.05,0.2,1,1
82,82,0.0,0.8832374,-0.5493435,-0.27962717,-0.5082799,-0.2789453,4.000073,-0.58886105,-0.10383994,0.0,0.5,-0.5,-0.16666664,-0.5,-0.16666664,0.5,-0.5,-0.16666664,0.1,-0.0021227438,-0.006706056,972.0,0.0,96952,9,0.2,1.0,0.1,0,8,0.05,0.2,1,1
83,83,0.0,-0.12868898,2.205763,-0.26536614,4.008286,2.520919,-0.34516963,2.1104386,-0.29210225,0.0,-0.5,-0.16666664,-0.5,0.5,0.16666669,-0.5,0.16666669,-0.16666664,0.1,-0.00029140932,-0.01183569,166.0,0.0,96952,9,0.2,1.0,0.1,0,8,0.05,0.2,1,1
84,84,0.0,0.021643495,-0.44184402,-0.25794128,-0.4713028,4.002556,3.5809188,-0.48965007,-0.25588208,0.0,0.16666669,-0.16666664,-0.5,-0.16666664,0.5,0.5,-0.16666664,0.5,0.1,-0.00018541886,-0.0091993455,277.0,0.0,96952,9,0.2,1.0,0.1,0,8,0.05,0.2,1,1
85,85,0.0,-0.016768103,-0.06782776,-0.1102,-0.15522788,-0.19694303,-0.28227824,-0.3884005,-0.2503336,0.0,-0.5,0.16666669,-0.5,-0.16666664,-0.5,-0.5,-0.5,0.16666669,0.1,-0.00080578163,-0.010772582,250.0,1.0,96952,9,0.2,1.0,0.1,0,8,0.05,0.2,1,1
86,86,0.0,0.09693426,0.056385927,0.045662902,0.042187557,-0.09973941,-0.23334712,4.001545,-0.14517069,0.0,0.16666669,-0.16666664,-0.16666664,-0.16666664,-0.16666664,-0.5,0.5,0.16666669,0.1,-0.00053499715,-0.007302554,247.0,0.0,96952,9,0.2,1.0,0.1,0,8,0.05,0.2,1,1
87,87,0.0,-0.016874993,-0.06792485,-0.11031459,-0.15533286,-0.19706658,-0.28239793,-0.3884902,-0.25044405,0.0,0.16666669,0.16666669,-0.5,-0.5,-0.5,-0.16666664,-0.5,-0.16666664,0.1,-0.0013171844,-0.010772581,689.0,1.0,96952,9,0.2,1.0,0.1,0,8,0.05,0.2,1,1
88,88,0.0,1.4995068,1.1132244,-0.42962962,-0.25014678,-0.44231445,4.000581,3.3981633,-0.55041677,0.0,0.16666669,0.16666669,-0.5,-0.16666664,-0.16666664,0.5,0.5,-0.5,0.1,-0.00053960003,-0.0071521476,345.0,0.0,96952,9,0.2,1.0,0.1,0,8,0.05,0.2,1,1
89,89,0.0,-0.016844127,-0.06789011,-0.11026483,-0.15528397,-0.19702333,-0.28235725,-0.38846833,-0.2504086,0.0,0.16666669,-0.16666664,-0.5,0.16666669,0.16666669,-0.16666664,-0.16666664,0.5,0.1,-0.0002874087,-0.010772585,196.0,1.0,96952,9,0.2,1.0,0.1,0,8,0.05,0.2,1,1
90,90,0.0,-0.27124056,-0.35409912,1.2793168,-0.24651043,4.000953,-0.2614873,-0.2733086,-0.16468015,0.0,-0.5,-0.16666664,0.5,0.5,0.5,0.16666669,-0.5,0.5,0.1,-0.00046154376,-0.00677542,1206.0,0.0,96952,9,0.2,1.0,0.1,0,8,0.05,0.2,1,1
91,91,0.0,2.5345774,0.79771364,-0.052456703,2.159085,-0.10320354,3.6996388,4.0028424,-0.032782055,0.0,0.5,0.5,-0.16666664,0.5,-0.5,0.16666669,0.5,-0.16666664,0.1,-0.0005828742,-0.014056523,349.0,0.0,96952,9,0.2,1.0,0.1,0,8,0.05,0.2,1,1
92,92,0.0,-0.20583807,2.5408502,2.7992578,-0.31940225,3.1731184,4.0002213,2.102775,-0.3143207,0.0,-0.5,0.16666669,0.5,-0.16666664,0.16666669,0.5,0.16666669,-0.16666664,0.1,-0.00019431688,-0.009882431,2272.0,0.0,96952,9,0.2,1.0,0.1,0,8,0.05,0.2,1,1
93,93,0.0,-0.5511353,3.6236398,-0.16160803,-0.548398,4.000753,-0.52577484,-0.44247812,-0.54137176,0.0,-0.16666664,0.5,-0.16666664,-0.16666664,0.16666669,-0.5,-0.5,0.16666669,0.1,-0.000406247,-0.008794513,1703.0,0.0,96952,9,0.2,1.0,0.1,0,8,0.05,0.2,1,1
94,94,0.0,-0.016855193,-0.06791077,-0.110292174,-0.1553126,-0.19703878,-0.28237128,-0.3884625,-0.25042066,0.0,0.16666669,0.16666669,-0.16666664,-0.16666664,-0.16666664,-0.5,0.16666669,0.16666669,0.1,-0.00095136353,-0.010772582,188.0,1.0,96952,9,0.2,1.0,0.1,0,8,0.05,0.2,1,1
95,95,0.0,-0.9882106,-0.45999187,2.9592018,3.5223944,4.000062,3.9648156,3.0984757,-1.0647055,0.0,-0.5,-0.16666664,-0.16666664,0.16666669,0.16666669,0.16666669,0.5,-0.5,0.1,-0.00025058814,-0.0046764067,801.0,0.0,96952,9,0.2,1.0,0.1,0,8,0.05,0.2,1,1
96,96,0.0,4.001221,3.0340664,2.0916874,1.5137275,-0.3480043,-0.41308075,-0.46327668,-0.48560148,0.0,0.5,0.5,0.16666669,0.16666669,-0.5,-0.16666664,-0.16666664,-0.16666664,0.1,-0.0010997753,-0.0142203225,1558.0,0.0,96952,9,0.2,1.0,0.1,0,8,0.05,0.2,1,1
97,97,0.0,-0.01681352,-0.067872085,-0.110260196,-0.15528531,-0.19700792,-0.28235075,-0.3884634,-0.25039038,0.0,0.5,0.16666669,0.5,-0.5,-0.16666664,0.16666669,-0.5,0.5,0.1,-0.00046834542,-0.010772578,214.0,1.0,96952,9,0.2,1.0,0.1,0,8,0.05,0.2,1,1
98,98,0.0,-0.046298273,-0.30949497,-0.46671966,4.000817,-0.56123275,-0.58199894,-0.6423924,-0.6230108,0.0,0.16666669,-0.16666664,-0.16666664,0.5,-0.5,-0.5,-0.5,-0.16666664,0.1,-0.003333992,-0.010407654,1501.0,0.0,96952,9,0.2,1.0,0.1,0,8,0.05,0.2,1,1
99,99,0.0,-0.3090539,2.2380831,4.00058,2.7812853,-0.38654074,-0.3616942,-0.37384647,-0.4396949,0.0,-0.16666664,0.16666669,0.16666669,0.5,-0.5,-0.16666664,-0.16666664,-0.16666664,0.1,-0.00029437878,-0.0103655,2037.0,0.0,96952,9,0.2,1.0,0.1,0,8,0.05,0.2,1,1
