,Unnamed: 0,e1,e2,e3,e4,e5,e6,e7,e8,e9,e0_1,e0_2,e0_3,e0_4,e0_5,e0_6,e0_7,e0_8,e0_9,Gamma,eta0,eta,count,success,seed,N,Jmax,alpha,gleak,ex,lk,rate,T,pl,all
0,0,0.0,0.24649873,0.07376141,0.10026519,0.028959963,-0.012946363,-0.1334633,-0.36488965,-0.22034208,0.0,-0.16666664,0.16666669,0.5,0.5,-0.16666664,-0.16666664,0.16666669,0.16666669,0.1,-0.0004722655,-0.012419301,500.0,1.0,27251,9,0.2,3.0,0.1,0,8,0.05,0.2,1,1
1,1,0.0,0.24650091,0.07376004,0.1002622,0.028956076,-0.012952952,-0.13347061,-0.36489078,-0.22034246,0.0,-0.5,0.16666669,0.16666669,-0.16666664,-0.5,-0.16666664,0.5,0.16666669,0.1,-0.0001517033,-0.012419301,419.0,1.0,27251,9,0.2,3.0,0.1,0,8,0.05,0.2,1,1
2,2,0.0,0.24647611,0.07375239,0.10024615,0.028939426,-0.012977471,-0.13349439,-0.36489326,-0.2203536,0.0,-0.16666664,-0.16666664,-0.16666664,-0.16666664,0.5,0.5,0.5,-0.5,0.1,-3.3578577e-05,-0.012419305,424.0,1.0,27251,9,0.2,3.0,0.1,0,8,0.05,0.2,1,1
3,3,0.0,0.24648164,0.07375289,0.10024372,0.028943857,-0.01296963,-0.13348696,-0.36489066,-0.22035094,0.0,-0.5,-0.5,0.16666669,-0.16666664,0.16666669,0.16666669,0.5,-0.16666664,0.1,-6.6944194e-05,-0.012419303,269.0,1.0,27251,9,0.2,3.0,0.1,0,8,0.05,0.2,1,1
4,4,0.0,0.24650285,0.07375879,0.100273676,0.028971056,-0.012910609,-0.13344619,-0.3649003,-0.22033963,0.0,-0.16666664,0.5,-0.16666664,-0.5,-0.5,-0.16666664,-0.5,-0.16666664,0.1,-0.0008045651,-0.012419305,311.0,1.0,27251,9,0.2,3.0,0.1,0,8,0.05,0.2,1,1
5,5,0.0,0.2465553,0.073772795,0.100307226,0.02899901,-0.012862169,-0.13340686,-0.36491418,-0.22031927,0.0,0.16666669,-0.16666664,-0.16666664,0.16666669,0.16666669,-0.5,0.16666669,-0.16666664,0.1,-0.00040204273,-0.012419303,196.0,1.0,27251,9,0.2,3.0,0.1,0,8,0.05,0.2,1,1
6,6,0.0,0.24659501,0.073785335,0.1003426,0.029032983,-0.012822727,-0.13336511,-0.3648999,-0.22029997,0.0,-0.16666664,-0.5,-0.5,0.5,0.16666669,-0.5,-0.5,0.5,0.1,-0.00018858741,-0.012419297,238.0,1.0,27251,9,0.2,3.0,0.1,0,8,0.05,0.2,1,1
7,7,0.0,0.24658091,0.073785655,0.10033266,0.029028224,-0.012832823,-0.13336957,-0.36488926,-0.22030473,0.0,0.5,-0.16666664,-0.5,-0.5,0.5,-0.16666664,0.5,0.5,0.1,-2.3447312e-05,-0.012419298,454.0,1.0,27251,9,0.2,3.0,0.1,0,8,0.05,0.2,1,1
8,8,0.0,0.24648482,0.07374846,0.10024181,0.028946996,-0.012952762,-0.13348354,-0.3648992,-0.22035189,0.0,0.5,0.16666669,-0.5,0.5,-0.16666664,-0.5,0.16666669,-0.16666664,0.1,-0.0002491172,-0.012419301,276.0,1.0,27251,9,0.2,3.0,0.1,0,8,0.05,0.2,1,1
9,9,0.0,0.24648133,0.07375484,0.100251794,0.028946744,-0.012966049,-0.13348405,-0.36489183,-0.2203501,0.0,-0.5,-0.5,0.16666669,0.5,-0.5,0.16666669,0.16666669,0.16666669,0.1,-0.00012385576,-0.012419301,320.0,1.0,27251,9,0.2,3.0,0.1,0,8,0.05,0.2,1,1
10,10,0.0,0.24650404,0.07376189,0.10026649,0.028960932,-0.012944288,-0.1334619,-0.3648896,-0.22034071,0.0,-0.5,0.16666669,0.5,-0.5,-0.5,-0.5,0.5,0.16666669,0.1,-2.2638602e-05,-0.012419304,313.0,1.0,27251,9,0.2,3.0,0.1,0,8,0.05,0.2,1,1
11,11,0.0,0.24652594,0.07376567,0.10028651,0.02898487,-0.012888958,-0.1334242,-0.3648928,-0.22032993,0.0,0.16666669,0.5,0.16666669,0.16666669,-0.16666664,-0.5,-0.16666664,-0.5,0.1,-0.00149785,-0.012419308,199.0,1.0,27251,9,0.2,3.0,0.1,0,8,0.05,0.2,1,1
12,12,0.0,0.24646288,0.07374534,0.10023197,0.028927993,-0.012988231,-0.13350573,-0.36489236,-0.22035918,0.0,-0.16666664,-0.16666664,-0.16666664,0.5,0.16666669,0.16666669,0.16666669,0.16666669,0.1,-0.0010876756,-0.012419302,383.0,1.0,27251,9,0.2,3.0,0.1,0,8,0.05,0.2,1,1
13,13,0.0,0.24646454,0.0737455,0.1002363,0.028927974,-0.012986493,-0.13350463,-0.36489385,-0.22035825,0.0,0.16666669,0.16666669,0.5,-0.5,-0.16666664,0.16666669,-0.16666664,-0.16666664,0.1,-0.0011045401,-0.012419298,331.0,1.0,27251,9,0.2,3.0,0.1,0,8,0.05,0.2,1,1
14,14,0.0,0.24645835,0.07374752,0.10023241,0.028928675,-0.012991582,-0.13350454,-0.3648897,-0.22035976,0.0,-0.5,0.16666669,-0.5,-0.5,0.5,0.5,0.16666669,-0.5,0.1,-1.2620588e-05,-0.012419301,392.0,1.0,27251,9,0.2,3.0,0.1,0,8,0.05,0.2,1,1
15,15,0.0,0.24648406,0.07375406,0.10024477,0.02894573,-0.012965941,-0.13348211,-0.36488932,-0.22034973,0.0,0.5,0.5,-0.16666664,-0.16666664,0.16666669,-0.16666664,0.5,-0.16666664,0.1,-0.0009988098,-0.01241929,324.0,1.0,27251,9,0.2,3.0,0.1,0,8,0.05,0.2,1,1
16,16,0.0,0.24649452,0.073756024,0.100254335,0.02895283,-0.012954722,-0.13347653,-0.36489505,-0.22034647,0.0,-0.16666664,-0.16666664,-0.5,0.16666669,-0.5,-0.16666664,-0.5,-0.16666664,0.1,-0.0021242758,-0.012419306,281.0,1.0,27251,9,0.2,3.0,0.1,0,8,0.05,0.2,1,1
17,17,0.0,0.24663958,0.0737936,0.10038486,0.029077688,-0.012721965,-0.13330403,-0.36492658,-0.22028275,0.0,0.5,0.16666669,-0.16666664,0.5,0.16666669,0.5,0.16666669,-0.16666664,0.1,-0.0005768545,-0.012419303,216.0,1.0,27251,9,0.2,3.0,0.1,0,8,0.05,0.2,1,1
18,18,0.0,0.2465034,0.07376252,0.10026944,0.0289632,-0.012941057,-0.1334596,-0.36489156,-0.22034009,0.0,0.5,0.5,0.5,0.5,-0.5,-0.5,0.16666669,0.16666669,0.1,-0.00031689214,-0.012419297,669.0,1.0,27251,9,0.2,3.0,0.1,0,8,0.05,0.2,1,1
19,19,0.0,0.2465057,0.073761284,0.10027796,0.02897362,-0.012910714,-0.13344283,-0.364898,-0.22033769,0.0,-0.5,0.5,0.5,-0.16666664,-0.5,-0.16666664,-0.5,-0.16666664,0.1,-0.00027934648,-0.012419305,1689.0,1.0,27251,9,0.2,3.0,0.1,0,8,0.05,0.2,1,1
20,20,0.0,0.24649204,0.07375446,0.100259565,0.028955651,-0.012943107,-0.13347451,-0.36490172,-0.22034739,0.0,-0.5,0.5,-0.5,0.16666669,0.16666669,0.16666669,0.16666669,-0.5,0.1,-0.00014259882,-0.012419309,268.0,1.0,27251,9,0.2,3.0,0.1,0,8,0.05,0.2,1,1
21,21,0.0,0.24664956,0.07380094,0.10039523,0.029081149,-0.012728192,-0.13329782,-0.36491296,-0.22027598,0.0,-0.16666664,-0.5,0.16666669,-0.5,-0.5,0.5,0.16666669,0.5,0.1,-1.7133889e-05,-0.012419299,211.0,1.0,27251,9,0.2,3.0,0.1,0,8,0.05,0.2,1,1
22,22,0.0,0.24658535,0.073779,0.10034374,0.029018521,-0.012825783,-0.13338356,-0.3649256,-0.22031027,0.0,-0.5,-0.5,0.5,-0.5,-0.5,-0.16666664,0.16666669,0.5,0.1,-7.9146695e-05,-0.012419302,230.0,1.0,27251,9,0.2,3.0,0.1,0,8,0.05,0.2,1,1
23,23,0.0,0.24649535,0.073749416,0.10024844,0.028954212,-0.012938904,-0.13347702,-0.36490482,-0.22034846,0.0,0.16666669,-0.5,-0.5,0.16666669,0.16666669,-0.5,0.16666669,-0.5,0.1,-0.00011035301,-0.012419303,443.0,1.0,27251,9,0.2,3.0,0.1,0,8,0.05,0.2,1,1
24,24,0.0,0.24649712,0.07375355,0.10026838,0.028964583,-0.012917497,-0.13345891,-0.36490577,-0.22034349,0.0,-0.5,-0.5,0.5,0.16666669,0.16666669,-0.5,-0.5,0.16666669,0.1,-0.0002258775,-0.012419304,1607.0,1.0,27251,9,0.2,3.0,0.1,0,8,0.05,0.2,1,1
25,25,0.0,0.24647774,0.073752485,0.10024879,0.028949652,-0.012950341,-0.13347208,-0.36489126,-0.22034998,0.0,-0.5,-0.16666664,-0.16666664,-0.16666664,0.5,0.16666669,0.5,0.16666669,0.1,-0.00026960476,-0.012419301,472.0,1.0,27251,9,0.2,3.0,0.1,0,8,0.05,0.2,1,1
26,26,0.0,0.24661575,0.07378731,0.100370824,0.02906417,-0.012742668,-0.1333283,-0.36493215,-0.22029524,0.0,0.16666669,0.5,-0.5,-0.16666664,0.16666669,-0.16666664,0.16666669,0.5,0.1,-0.00021077739,-0.012419294,339.0,1.0,27251,9,0.2,3.0,0.1,0,8,0.05,0.2,1,1
27,27,0.0,0.24651049,0.073759355,0.10027719,0.028970033,-0.012915203,-0.1334548,-0.36490592,-0.22033913,0.0,0.16666669,0.5,0.5,0.16666669,0.5,0.16666669,0.16666669,0.5,0.1,-0.0010410118,-0.012419311,1096.0,1.0,27251,9,0.2,3.0,0.1,0,8,0.05,0.2,1,1
28,28,0.0,0.24650022,0.073761284,0.100266255,0.028959159,-0.012948957,-0.1334686,-0.3648927,-0.22034262,0.0,-0.5,0.5,-0.16666664,0.5,-0.5,0.16666669,0.5,-0.5,0.1,-5.0122704e-05,-0.012419294,369.0,1.0,27251,9,0.2,3.0,0.1,0,8,0.05,0.2,1,1
29,29,0.0,0.24648833,0.07375756,0.10025808,0.028949898,-0.0129609145,-0.13347676,-0.3648898,-0.22034657,0.0,-0.5,-0.5,0.16666669,0.16666669,-0.5,0.5,0.5,0.16666669,0.1,-4.090418e-05,-0.012419293,623.0,1.0,27251,9,0.2,3.0,0.1,0,8,0.05,0.2,1,1
30,30,0.0,0.24667124,0.07380244,0.10040954,0.029099531,-0.012689415,-0.13327806,-0.3649292,-0.22026975,0.0,0.16666669,-0.5,0.5,-0.16666664,0.16666669,0.5,0.5,-0.5,0.1,-2.3653474e-05,-0.012419302,237.0,1.0,27251,9,0.2,3.0,0.1,0,8,0.05,0.2,1,1
31,31,0.0,0.24649468,0.07375622,0.10026614,0.02896356,-0.012921927,-0.13345324,-0.3648972,-0.22034281,0.0,-0.16666664,0.16666669,0.5,-0.16666664,-0.16666664,0.16666669,-0.16666664,0.16666669,0.1,-0.0007439145,-0.012419298,359.0,1.0,27251,9,0.2,3.0,0.1,0,8,0.05,0.2,1,1
32,32,0.0,0.24649787,0.07375544,0.10026794,0.02896738,-0.012913813,-0.13345198,-0.36490333,-0.2203429,0.0,-0.5,0.16666669,-0.5,-0.16666664,0.5,-0.16666664,-0.5,-0.5,0.1,-0.0002398679,-0.012419297,668.0,1.0,27251,9,0.2,3.0,0.1,0,8,0.05,0.2,1,1
33,33,0.0,0.24650005,0.073761016,0.100272626,0.028970154,-0.012919553,-0.13344614,-0.3648921,-0.22033931,0.0,-0.16666664,0.16666669,0.5,0.5,-0.5,0.5,-0.16666664,0.5,0.1,-7.4999036e-05,-0.012419302,831.0,1.0,27251,9,0.2,3.0,0.1,0,8,0.05,0.2,1,1
34,34,0.0,0.24655703,0.07376956,0.10030292,0.028997395,-0.012870459,-0.13341847,-0.36490497,-0.22032104,0.0,0.16666669,0.16666669,-0.5,0.5,-0.16666664,-0.5,0.16666669,-0.16666664,0.1,-0.00040432034,-0.012419301,201.0,1.0,27251,9,0.2,3.0,0.1,0,8,0.05,0.2,1,1
35,35,0.0,0.24666162,0.07379869,0.10040003,0.029087137,-0.012708324,-0.13329725,-0.36493355,-0.22027504,0.0,0.5,0.5,-0.16666664,0.16666669,-0.16666664,0.5,0.5,0.5,0.1,-0.00033442138,-0.012419303,460.0,1.0,27251,9,0.2,3.0,0.1,0,8,0.05,0.2,1,1
36,36,0.0,0.24647021,0.073756464,0.10024255,0.028945386,-0.012974803,-0.13347615,-0.3648706,-0.22035025,0.0,0.5,0.5,0.16666669,0.5,0.5,0.5,0.5,0.16666669,0.1,-0.0006369082,-0.012419305,439.0,1.0,27251,9,0.2,3.0,0.1,0,8,0.05,0.2,1,1
37,37,0.0,0.24645953,0.073746316,0.10022926,0.02893122,-0.01298619,-0.13350059,-0.36488843,-0.22035873,0.0,0.16666669,0.16666669,-0.5,0.16666669,0.16666669,0.5,0.5,0.5,0.1,-0.00017204268,-0.012419308,610.0,1.0,27251,9,0.2,3.0,0.1,0,8,0.05,0.2,1,1
38,38,0.0,0.24647994,0.07375105,0.10024095,0.028953029,-0.012945007,-0.13347012,-0.36489135,-0.22035073,0.0,-0.16666664,0.5,-0.16666664,0.5,0.16666669,0.16666669,-0.5,-0.5,0.1,-0.0001770907,-0.012419301,399.0,1.0,27251,9,0.2,3.0,0.1,0,8,0.05,0.2,1,1
39,39,0.0,0.24644819,0.07374355,0.10021916,0.028920246,-0.013005179,-0.13351314,-0.36488372,-0.22036351,0.0,-0.16666664,0.5,-0.16666664,0.16666669,-0.16666664,0.16666669,0.5,0.16666669,0.1,-0.00048602573,-0.012419305,514.0,1.0,27251,9,0.2,3.0,0.1,0,8,0.05,0.2,1,1
40,40,0.0,0.2465232,0.07376855,0.10028414,0.028975204,-0.01292374,-0.13344507,-0.36489287,-0.22033285,0.0,0.5,0.16666669,0.5,-0.16666664,-0.5,0.5,0.5,-0.5,0.1,-0.00013475699,-0.012419294,388.0,1.0,27251,9,0.2,3.0,0.1,0,8,0.05,0.2,1,1
41,41,0.0,0.24649167,0.07375405,0.1002512,0.028950004,-0.012958705,-0.13348278,-0.36489525,-0.22034809,0.0,0.16666669,-0.5,-0.16666664,0.5,-0.5,-0.5,0.16666669,0.16666669,0.1,-6.842918e-05,-0.012419291,275.0,1.0,27251,9,0.2,3.0,0.1,0,8,0.05,0.2,1,1
42,42,0.0,0.24649104,0.07375541,0.100262836,0.028961705,-0.012928416,-0.13345991,-0.364899,-0.22034563,0.0,-0.5,0.5,-0.16666664,-0.16666664,-0.5,0.5,-0.16666664,-0.5,0.1,-0.00037732496,-0.012419297,341.0,1.0,27251,9,0.2,3.0,0.1,0,8,0.05,0.2,1,1
43,43,0.0,0.24650422,0.07376237,0.100272685,0.028963242,-0.012935879,-0.13346027,-0.3649002,-0.22034127,0.0,0.16666669,0.16666669,-0.16666664,-0.16666664,-0.5,0.16666669,-0.16666664,-0.16666664,0.1,-0.001781071,-0.0124193095,201.0,1.0,27251,9,0.2,3.0,0.1,0,8,0.05,0.2,1,1
44,44,0.0,0.24664012,0.073780306,0.10037546,0.029061971,-0.012728742,-0.13333389,-0.36495367,-0.22029097,0.0,0.16666669,0.5,0.16666669,-0.5,0.16666669,-0.16666664,-0.16666664,-0.5,0.1,-0.00119281,-0.0124193,208.0,1.0,27251,9,0.2,3.0,0.1,0,8,0.05,0.2,1,1
45,45,0.0,0.24657474,0.073770486,0.10032736,0.02901723,-0.012825155,-0.13338867,-0.36492062,-0.22031349,0.0,0.16666669,0.16666669,-0.5,-0.5,-0.5,0.16666669,-0.16666664,0.5,0.1,-0.00023717871,-0.012419312,219.0,1.0,27251,9,0.2,3.0,0.1,0,8,0.05,0.2,1,1
46,46,0.0,0.24654566,0.07376156,0.1003081,0.028993813,-0.012859179,-0.13341685,-0.3649148,-0.2203225,0.0,-0.16666664,0.16666669,-0.16666664,-0.16666664,-0.5,0.5,0.16666669,0.16666669,0.1,-0.00015436206,-0.012419306,206.0,1.0,27251,9,0.2,3.0,0.1,0,8,0.05,0.2,1,1
47,47,0.0,0.24651107,0.073765576,0.100275606,0.028967708,-0.012935584,-0.13345464,-0.3648916,-0.22033729,0.0,0.16666669,-0.16666664,0.16666669,-0.5,-0.16666664,-0.5,0.5,-0.16666664,0.1,-7.0459755e-05,-0.012419303,245.0,1.0,27251,9,0.2,3.0,0.1,0,8,0.05,0.2,1,1
48,48,0.0,0.2464897,0.07375801,0.10025585,0.028951984,-0.012959039,-0.13347585,-0.36489072,-0.22034721,0.0,0.5,0.5,-0.16666664,0.16666669,-0.16666664,-0.16666664,-0.5,-0.16666664,0.1,-0.000973638,-0.012419304,356.0,1.0,27251,9,0.2,3.0,0.1,0,8,0.05,0.2,1,1
49,49,0.0,0.2465024,0.07376335,0.10027063,0.028963616,-0.012940371,-0.13345788,-0.36489072,-0.22033998,0.0,0.16666669,0.5,0.5,0.5,-0.16666664,0.16666669,0.5,-0.16666664,0.1,-0.00058664,-0.0124192955,752.0,1.0,27251,9,0.2,3.0,0.1,0,8,0.05,0.2,1,1
50,50,0.0,0.24656369,0.073781855,0.10031889,0.029016463,-0.012853454,-0.13338457,-0.36488518,-0.22031201,0.0,0.16666669,-0.5,-0.5,-0.16666664,0.5,0.5,-0.5,-0.16666664,0.1,-0.00044572965,-0.0124192955,633.0,1.0,27251,9,0.2,3.0,0.1,0,8,0.05,0.2,1,1
51,51,0.0,0.24647926,0.07375499,0.1002455,0.02894453,-0.012972277,-0.13348359,-0.36488375,-0.22035083,0.0,-0.5,-0.5,0.16666669,-0.5,0.5,0.5,0.16666669,-0.5,0.1,-1.9545401e-05,-0.0124193,501.0,1.0,27251,9,0.2,3.0,0.1,0,8,0.05,0.2,1,1
52,52,0.0,0.24650076,0.07376334,0.10026855,0.028961036,-0.012947471,-0.13346379,-0.36489043,-0.22034098,0.0,0.16666669,0.5,0.5,0.5,-0.16666664,0.16666669,-0.16666664,0.16666669,0.1,-0.0021472932,-0.0124192955,933.0,1.0,27251,9,0.2,3.0,0.1,0,8,0.05,0.2,1,1
53,53,0.0,0.24665369,0.07379774,0.10039913,0.02907762,-0.012728955,-0.13331597,-0.3649425,-0.22028045,0.0,-0.5,-0.16666664,-0.5,-0.16666664,0.16666669,-0.16666664,0.5,-0.5,0.1,-6.613638e-05,-0.012419294,215.0,1.0,27251,9,0.2,3.0,0.1,0,8,0.05,0.2,1,1
54,54,0.0,0.2464756,0.07374918,0.10023732,0.028938334,-0.012975418,-0.13349774,-0.364897,-0.2203559,0.0,0.5,-0.5,-0.16666664,0.16666669,-0.16666664,0.16666669,0.5,0.16666669,0.1,-0.00017947296,-0.012419306,271.0,1.0,27251,9,0.2,3.0,0.1,0,8,0.05,0.2,1,1
55,55,0.0,0.24646191,0.07374868,0.10022994,0.02893846,-0.0129759535,-0.13349184,-0.36488774,-0.22035745,0.0,-0.5,0.16666669,-0.5,0.5,-0.16666664,-0.16666664,-0.5,-0.5,0.1,-0.00012380388,-0.012419301,625.0,1.0,27251,9,0.2,3.0,0.1,0,8,0.05,0.2,1,1
56,56,0.0,0.24651517,0.07376374,0.100277014,0.028969388,-0.012922793,-0.13345073,-0.36490145,-0.22033693,0.0,0.5,0.16666669,-0.5,-0.5,-0.16666664,0.16666669,0.5,-0.5,0.1,-3.2881508e-05,-0.012419298,220.0,1.0,27251,9,0.2,3.0,0.1,0,8,0.05,0.2,1,1
57,57,0.0,0.2465061,0.07375342,0.100268245,0.028955108,-0.012936888,-0.13347393,-0.3649073,-0.22034398,0.0,0.5,-0.16666664,0.5,-0.5,0.5,0.16666669,0.5,-0.16666664,0.1,-5.62893e-05,-0.012419301,464.0,1.0,27251,9,0.2,3.0,0.1,0,8,0.05,0.2,1,1
58,58,0.0,0.24649934,0.07375666,0.10027251,0.028970718,-0.012905495,-0.13344336,-0.36490184,-0.2203419,0.0,-0.5,-0.16666664,-0.5,-0.5,0.16666669,0.5,-0.16666664,-0.5,0.1,-4.3378623e-05,-0.012419295,732.0,1.0,27251,9,0.2,3.0,0.1,0,8,0.05,0.2,1,1
59,59,0.0,0.24650843,0.073762506,0.100280635,0.028978279,-0.01290197,-0.13343507,-0.36489838,-0.22033651,0.0,-0.5,0.16666669,0.16666669,0.16666669,-0.16666664,0.5,0.5,-0.5,0.1,-2.9907207e-05,-0.012419301,1422.0,1.0,27251,9,0.2,3.0,0.1,0,8,0.05,0.2,1,1
60,60,0.0,0.24647631,0.07375259,0.10024206,0.02894034,-0.012975052,-0.13348736,-0.36488608,-0.22035208,0.0,-0.16666664,0.16666669,-0.16666664,0.5,0.5,0.5,0.5,-0.16666664,0.1,-9.957782e-05,-0.012419303,578.0,1.0,27251,9,0.2,3.0,0.1,0,8,0.05,0.2,1,1
61,61,0.0,0.24650392,0.07376137,0.10026434,0.02896093,-0.012944137,-0.13346282,-0.36489123,-0.22034165,0.0,-0.16666664,0.5,-0.16666664,0.5,-0.5,0.5,0.5,-0.16666664,0.1,-3.2650878e-05,-0.012419301,375.0,1.0,27251,9,0.2,3.0,0.1,0,8,0.05,0.2,1,1
62,62,0.0,0.24648437,0.07374544,0.100249246,0.028936526,-0.012962656,-0.13349581,-0.36491105,-0.22035417,0.0,0.5,-0.16666664,-0.16666664,0.5,0.5,0.5,0.5,-0.16666664,0.1,-8.382093e-05,-0.012419295,524.0,1.0,27251,9,0.2,3.0,0.1,0,8,0.05,0.2,1,1
63,63,0.0,0.24649237,0.07375795,0.10025329,0.028949816,-0.012965218,-0.13347803,-0.36488542,-0.2203459,0.0,0.5,-0.16666664,-0.16666664,0.16666669,-0.16666664,0.5,0.16666669,0.5,0.1,-0.00020525954,-0.012419301,551.0,1.0,27251,9,0.2,3.0,0.1,0,8,0.05,0.2,1,1
64,64,0.0,0.24647187,0.07374326,0.1002335,0.028934242,-0.01296847,-0.13349938,-0.3649045,-0.22035748,0.0,-0.16666664,-0.16666664,-0.16666664,-0.5,0.16666669,0.5,0.16666669,0.16666669,0.1,-0.00022903863,-0.012419303,239.0,1.0,27251,9,0.2,3.0,0.1,0,8,0.05,0.2,1,1
65,65,0.0,0.24654226,0.073773466,0.10029606,0.028999444,-0.012878058,-0.13340585,-0.36488217,-0.22032136,0.0,-0.16666664,-0.5,-0.5,-0.5,0.5,0.5,-0.5,0.16666669,0.1,-0.00067829824,-0.0124193,455.0,1.0,27251,9,0.2,3.0,0.1,0,8,0.05,0.2,1,1
66,66,0.0,0.24650349,0.07375122,0.100255996,0.028967548,-0.012909772,-0.13345121,-0.3649023,-0.22034433,0.0,0.5,-0.5,-0.16666664,0.5,0.5,0.16666669,-0.16666664,-0.5,0.1,-7.3059404e-05,-0.01241931,559.0,1.0,27251,9,0.2,3.0,0.1,0,8,0.05,0.2,1,1
67,67,0.0,0.24663538,0.07380728,0.10038252,0.029076448,-0.012757342,-0.13330379,-0.36489072,-0.22027865,0.0,-0.16666664,-0.5,0.16666669,-0.16666664,-0.16666664,0.5,-0.5,0.16666669,0.1,-7.311458e-05,-0.012419294,237.0,1.0,27251,9,0.2,3.0,0.1,0,8,0.05,0.2,1,1
68,68,0.0,0.24645272,0.073738694,0.10022653,0.028924698,-0.012982816,-0.13350822,-0.36489978,-0.22036384,0.0,-0.16666664,-0.5,0.16666669,-0.16666664,0.5,-0.16666664,-0.16666664,-0.16666664,0.1,-0.0008411387,-0.012419304,241.0,1.0,27251,9,0.2,3.0,0.1,0,8,0.05,0.2,1,1
69,69,0.0,0.24657044,0.073777616,0.10033505,0.02901367,-0.012832353,-0.13338868,-0.36491737,-0.22031198,0.0,0.16666669,0.5,0.5,-0.16666664,-0.5,-0.5,0.5,0.16666669,0.1,-3.978273e-05,-0.012419301,217.0,1.0,27251,9,0.2,3.0,0.1,0,8,0.05,0.2,1,1
70,70,0.0,0.2464979,0.07375593,0.10026958,0.028965995,-0.012915245,-0.13345115,-0.36490157,-0.22034232,0.0,-0.5,0.16666669,0.5,0.16666669,0.5,-0.5,0.5,-0.16666664,0.1,-3.73817e-05,-0.012419301,541.0,1.0,27251,9,0.2,3.0,0.1,0,8,0.05,0.2,1,1
71,71,0.0,0.24660929,0.07377887,0.1003578,0.029043853,-0.012769701,-0.13335876,-0.36494613,-0.22030188,0.0,-0.16666664,0.16666669,-0.5,0.16666669,0.16666669,-0.16666664,-0.5,-0.5,0.1,-0.0004536181,-0.012419309,239.0,1.0,27251,9,0.2,3.0,0.1,0,8,0.05,0.2,1,1
72,72,0.0,0.24650814,0.073762596,0.10027239,0.028962037,-0.012943736,-0.13346614,-0.36489606,-0.22034037,0.0,0.5,-0.16666664,-0.5,0.5,-0.5,0.16666669,0.5,0.16666669,0.1,-9.008338e-05,-0.012419298,451.0,1.0,27251,9,0.2,3.0,0.1,0,8,0.05,0.2,1,1
73,73,0.0,0.24645823,0.073746786,0.10022806,0.028929109,-0.012991618,-0.1335035,-0.364887,-0.22035979,0.0,0.16666669,-0.5,0.16666669,0.16666669,0.5,0.5,0.5,0.16666669,0.1,-0.00014854397,-0.012419305,555.0,1.0,27251,9,0.2,3.0,0.1,0,8,0.05,0.2,1,1
74,74,0.0,0.24648735,0.07375517,0.10025072,0.028944978,-0.012968841,-0.13348514,-0.3648901,-0.22034864,0.0,0.16666669,0.16666669,0.16666669,0.16666669,-0.16666664,0.16666669,0.5,0.5,0.1,-0.0006039687,-0.012419294,591.0,1.0,27251,9,0.2,3.0,0.1,0,8,0.05,0.2,1,1
75,75,0.0,0.24650481,0.073763624,0.100268535,0.02896256,-0.012945902,-0.13346046,-0.36488682,-0.22033949,0.0,0.5,0.5,0.16666669,0.5,0.5,-0.16666664,-0.16666664,-0.16666664,0.1,-0.0006108434,-0.012419295,266.0,1.0,27251,9,0.2,3.0,0.1,0,8,0.05,0.2,1,1
76,76,0.0,0.24650177,0.07376394,0.10026033,0.028964879,-0.012943136,-0.13345177,-0.36487147,-0.22033826,0.0,0.16666669,-0.16666664,-0.5,-0.16666664,0.16666669,-0.16666664,-0.16666664,0.16666669,0.1,-0.0011870734,-0.0124193,239.0,1.0,27251,9,0.2,3.0,0.1,0,8,0.05,0.2,1,1
77,77,0.0,0.2465065,0.07376345,0.10026986,0.028960936,-0.012948126,-0.13346459,-0.36488998,-0.22033961,0.0,0.5,0.5,-0.5,-0.16666664,0.16666669,0.16666669,0.16666669,0.16666669,0.1,-0.0005041017,-0.0124192955,445.0,1.0,27251,9,0.2,3.0,0.1,0,8,0.05,0.2,1,1
78,78,0.0,0.24649687,0.0737602,0.10026883,0.028966257,-0.012927628,-0.13345224,-0.36489302,-0.22034124,0.0,-0.5,-0.16666664,-0.16666664,-0.16666664,0.16666669,0.5,0.5,-0.5,0.1,-1.8656601e-05,-0.012419299,582.0,1.0,27251,9,0.2,3.0,0.1,0,8,0.05,0.2,1,1
79,79,0.0,0.24645056,0.073744684,0.100225054,0.028922219,-0.013003133,-0.13351199,-0.36488464,-0.2203625,0.0,0.16666669,-0.16666664,0.5,-0.16666664,0.16666669,-0.5,-0.16666664,-0.5,0.1,-0.00084536074,-0.012419306,296.0,1.0,27251,9,0.2,3.0,0.1,0,8,0.05,0.2,1,1
80,80,0.0,0.24647838,0.07375406,0.10025222,0.028949194,-0.012955553,-0.1334749,-0.36488974,-0.22034946,0.0,-0.5,0.5,-0.16666664,-0.5,0.16666669,-0.5,0.16666669,0.16666669,0.1,-0.00013762483,-0.012419297,278.0,1.0,27251,9,0.2,3.0,0.1,0,8,0.05,0.2,1,1
81,81,0.0,0.24663538,0.07378485,0.10037819,0.029060809,-0.012738304,-0.13333705,-0.36495262,-0.22029133,0.0,-0.5,0.5,0.16666669,-0.5,0.16666669,-0.5,0.5,0.16666669,0.1,-7.03663e-05,-0.012419301,459.0,1.0,27251,9,0.2,3.0,0.1,0,8,0.05,0.2,1,1
82,82,0.0,0.24662301,0.07379046,0.10037015,0.029064102,-0.012746057,-0.13332257,-0.36492386,-0.22028986,0.0,0.16666669,-0.16666664,-0.5,-0.5,-0.16666664,-0.5,0.16666669,-0.5,0.1,-0.0011047046,-0.012419303,215.0,1.0,27251,9,0.2,3.0,0.1,0,8,0.05,0.2,1,1
83,83,0.0,0.24650143,0.07376478,0.10027248,0.028965907,-0.0129383905,-0.133453,-0.36488652,-0.22033879,0.0,0.16666669,0.16666669,0.5,0.5,-0.5,0.5,-0.16666664,0.16666669,0.1,-0.00010969326,-0.012419302,870.0,1.0,27251,9,0.2,3.0,0.1,0,8,0.05,0.2,1,1
84,84,0.0,0.24647512,0.073753126,0.100249164,0.028947428,-0.012958336,-0.13347872,-0.36489153,-0.22035228,0.0,0.16666669,0.16666669,-0.5,0.16666669,-0.5,0.16666669,-0.5,-0.16666664,0.1,-0.001492125,-0.012419309,282.0,1.0,27251,9,0.2,3.0,0.1,0,8,0.05,0.2,1,1
85,85,0.0,0.24647664,0.073750176,0.10023779,0.028946979,-0.012957133,-0.13347827,-0.36488825,-0.22035223,0.0,-0.5,0.5,-0.16666664,0.5,0.16666669,0.5,0.5,-0.16666664,0.1,-3.0659266e-05,-0.012419305,565.0,1.0,27251,9,0.2,3.0,0.1,0,8,0.05,0.2,1,1
86,86,0.0,0.24649128,0.07375349,0.10024835,0.028949842,-0.012957556,-0.1334823,-0.36489573,-0.22034855,0.0,0.16666669,0.16666669,-0.5,-0.16666664,0.16666669,-0.5,-0.16666664,-0.5,0.1,-0.0023965933,-0.01241931,304.0,1.0,27251,9,0.2,3.0,0.1,0,8,0.05,0.2,1,1
87,87,0.0,0.24665047,0.07379835,0.1003928,0.029082539,-0.01271853,-0.13329852,-0.36492565,-0.22027849,0.0,-0.5,0.5,-0.5,-0.16666664,0.16666669,-0.5,0.16666669,0.5,0.1,-8.8452805e-05,-0.012419306,437.0,1.0,27251,9,0.2,3.0,0.1,0,8,0.05,0.2,1,1
88,88,0.0,0.2466438,0.0737949,0.100389294,0.029082524,-0.012711694,-0.13329773,-0.36492854,-0.2202814,0.0,0.5,-0.16666664,0.5,0.16666669,0.16666669,-0.16666664,-0.16666664,-0.5,0.1,-0.001515953,-0.012419306,345.0,1.0,27251,9,0.2,3.0,0.1,0,8,0.05,0.2,1,1
89,89,0.0,0.24650519,0.073757395,0.10026671,0.02896858,-0.012917059,-0.13345252,-0.36490038,-0.22034259,0.0,0.5,0.5,-0.16666664,0.16666669,-0.5,-0.5,-0.5,-0.16666664,0.1,-0.00069962576,-0.012419297,344.0,1.0,27251,9,0.2,3.0,0.1,0,8,0.05,0.2,1,1
90,90,0.0,0.2466309,0.07379494,0.10037514,0.029070873,-0.012743387,-0.13331416,-0.3649152,-0.22028431,0.0,-0.16666664,0.16666669,0.16666669,0.16666669,-0.16666664,-0.16666664,-0.16666664,0.5,0.1,-0.0008656431,-0.012419305,349.0,1.0,27251,9,0.2,3.0,0.1,0,8,0.05,0.2,1,1
91,91,0.0,0.24663872,0.07378747,0.10038039,0.029070487,-0.01272489,-0.13332058,-0.36494207,-0.22028866,0.0,0.16666669,0.5,0.5,-0.16666664,0.16666669,-0.5,0.5,0.16666669,0.1,-8.195673e-05,-0.012419306,404.0,1.0,27251,9,0.2,3.0,0.1,0,8,0.05,0.2,1,1
92,92,0.0,0.24661595,0.07379752,0.100365706,0.029065222,-0.012764512,-0.1333177,-0.36489844,-0.22028826,0.0,0.16666669,-0.5,-0.16666664,0.5,0.16666669,0.5,0.16666669,-0.16666664,0.1,-8.3238156e-05,-0.012419297,424.0,1.0,27251,9,0.2,3.0,0.1,0,8,0.05,0.2,1,1
93,93,0.0,0.24648435,0.073755,0.100248024,0.028945781,-0.012967508,-0.13348076,-0.36488625,-0.22034873,0.0,0.16666669,-0.16666664,-0.16666664,-0.16666664,0.16666669,-0.16666664,-0.16666664,-0.16666664,0.1,-0.0055342177,-0.012419306,329.0,1.0,27251,9,0.2,3.0,0.1,0,8,0.05,0.2,1,1
94,94,0.0,0.24658376,0.07378863,0.10033535,0.029028548,-0.01283771,-0.1333718,-0.36488962,-0.22030401,0.0,-0.5,-0.16666664,0.5,-0.5,-0.16666664,0.5,-0.16666664,0.16666669,0.1,-9.804e-05,-0.01241931,299.0,1.0,27251,9,0.2,3.0,0.1,0,8,0.05,0.2,1,1
95,95,0.0,0.2465098,0.073763564,0.10027149,0.028963607,-0.012943083,-0.13346162,-0.36489144,-0.22033866,0.0,0.5,-0.5,-0.5,0.16666669,-0.16666664,0.16666669,0.16666669,-0.5,0.1,-0.00011215972,-0.012419297,334.0,1.0,27251,9,0.2,3.0,0.1,0,8,0.05,0.2,1,1
96,96,0.0,0.24663112,0.07379918,0.10037159,0.029056065,-0.012785078,-0.13333867,-0.36490953,-0.22028673,0.0,0.16666669,-0.16666664,0.5,-0.5,0.5,-0.5,0.5,-0.5,0.1,-0.00029068597,-0.0124193,222.0,1.0,27251,9,0.2,3.0,0.1,0,8,0.05,0.2,1,1
97,97,0.0,0.24645385,0.073741965,0.10022357,0.028923135,-0.012993743,-0.13351238,-0.3648947,-0.22036336,0.0,-0.5,-0.5,-0.5,-0.16666664,0.16666669,-0.5,0.5,0.16666669,0.1,-2.9211142e-05,-0.012419301,265.0,1.0,27251,9,0.2,3.0,0.1,0,8,0.05,0.2,1,1
98,98,0.0,0.24648717,0.07375371,0.1002501,0.028945182,-0.012966678,-0.13348846,-0.36489618,-0.2203501,0.0,0.16666669,0.16666669,0.16666669,0.5,0.5,0.16666669,-0.16666664,-0.16666664,0.1,-0.001955903,-0.012419308,428.0,1.0,27251,9,0.2,3.0,0.1,0,8,0.05,0.2,1,1
99,99,0.0,0.24646564,0.073745415,0.10023256,0.028944243,-0.012959354,-0.1334772,-0.36487764,-0.22035499,0.0,0.16666669,-0.5,-0.16666664,0.16666669,0.16666669,0.16666669,-0.5,0.5,0.1,-0.00019437836,-0.012419298,700.0,1.0,27251,9,0.2,3.0,0.1,0,8,0.05,0.2,1,1
