,Unnamed: 0,e1,e2,e3,e4,e5,e6,e7,e8,e9,e10,e0_1,e0_2,e0_3,e0_4,e0_5,e0_6,e0_7,e0_8,e0_9,e0_10,Gamma,eta0,eta,count,success,seed,N,Jmax,alpha,gleak,ex,lk,rate
0,0,0.0,-0.10383163,-0.10310958,-0.10337519,-0.10284782,-0.1015188,-0.09907699,-0.09424184,-0.082642965,-0.010489446,0.0,-0.16666664,0.16666669,-0.16666664,0.16666669,-0.16666664,-0.16666664,0.5,0.16666669,0.5,0.1,-0.002322097,-0.006319297,294.0,1.0,86443,10,0.2,3.0,0.1,0,9,0.05
1,1,0.0,-0.10375429,-0.10302107,-0.10326347,-0.10273262,-0.10139673,-0.098952755,-0.09410354,-0.08248874,-0.010333957,0.0,0.16666669,-0.16666664,-0.16666664,0.5,0.16666669,-0.16666664,0.5,-0.5,0.16666669,0.1,-0.0010650766,-0.006319297,307.0,1.0,86443,10,0.2,3.0,0.1,0,9,0.05
2,2,0.0,-0.1035989,-0.10286392,-0.103122234,-0.10260139,-0.10128833,-0.09884242,-0.09402996,-0.0824276,-0.010279044,0.0,0.5,-0.5,0.16666669,0.5,0.16666669,-0.16666664,0.5,0.5,0.5,0.1,-0.0022561802,-0.006319299,215.0,1.0,86443,10,0.2,3.0,0.1,0,9,0.05
3,3,0.0,-0.10382068,-0.10309313,-0.10335303,-0.10282735,-0.101493195,-0.09904888,-0.094209604,-0.082605995,-0.01045022,0.0,0.16666669,0.5,0.5,0.5,0.16666669,0.5,0.5,-0.5,-0.16666664,0.1,-0.0010886184,-0.006319297,309.0,1.0,86443,10,0.2,3.0,0.1,0,9,0.05
4,4,0.0,-0.10365446,-0.102884114,-0.10317722,-0.10267144,-0.10136451,-0.09893578,-0.09410876,-0.08248798,-0.0103414,0.0,-0.5,0.5,-0.5,-0.5,-0.5,0.16666669,-0.16666664,-0.16666664,0.5,0.1,-0.001049617,-0.0063192993,219.0,1.0,86443,10,0.2,3.0,0.1,0,9,0.05
5,5,0.0,-0.10430536,-0.10371681,-0.10407546,-0.10364254,-0.10234325,-0.09992912,-0.0951157,-0.083508626,-0.011325396,0.0,-0.5,-0.16666664,0.16666669,0.16666669,-0.5,-0.5,-0.5,-0.5,-0.16666664,0.1,-0.0026665118,-0.006319298,197.0,1.0,86443,10,0.2,3.0,0.1,0,9,0.05
6,6,0.0,-0.10379753,-0.10306554,-0.10331768,-0.10278908,-0.101448424,-0.09899816,-0.0941661,-0.082568735,-0.010401751,0.0,0.16666669,-0.16666664,-0.5,-0.16666664,-0.16666664,-0.5,0.5,0.16666669,0.16666669,0.1,-0.0012774206,-0.0063193003,273.0,1.0,86443,10,0.2,3.0,0.1,0,9,0.05
7,7,0.0,-0.10375712,-0.1030129,-0.10325655,-0.10272566,-0.101387836,-0.09895826,-0.09412577,-0.08250641,-0.010339595,0.0,-0.16666664,0.16666669,-0.16666664,0.5,0.5,0.16666669,-0.16666664,0.16666669,-0.5,0.1,-0.0016552812,-0.0063193003,213.0,1.0,86443,10,0.2,3.0,0.1,0,9,0.05
8,8,0.0,-0.103743985,-0.10300206,-0.10324293,-0.102699555,-0.10135463,-0.098908305,-0.09406948,-0.08245629,-0.010305685,0.0,0.5,0.16666669,0.16666669,0.16666669,-0.5,0.5,-0.5,-0.16666664,0.5,0.1,-0.0012827691,-0.0063192993,288.0,1.0,86443,10,0.2,3.0,0.1,0,9,0.05
9,9,0.0,-0.10374507,-0.10300428,-0.10323283,-0.10273884,-0.101433024,-0.099005945,-0.09419195,-0.08259389,-0.010430437,0.0,-0.16666664,0.5,0.5,-0.5,-0.5,-0.5,0.16666669,0.16666669,-0.16666664,0.1,-0.0010953897,-0.006319297,192.0,1.0,86443,10,0.2,3.0,0.1,0,9,0.05
10,10,0.0,-0.10376457,-0.103033856,-0.103286445,-0.1027581,-0.10142847,-0.09899796,-0.09416611,-0.08254359,-0.010389126,0.0,0.16666669,-0.5,0.5,0.5,-0.5,0.16666669,0.5,-0.5,0.5,0.1,-0.0013807219,-0.006319299,276.0,1.0,86443,10,0.2,3.0,0.1,0,9,0.05
11,11,0.0,-0.1036448,-0.10287658,-0.103092365,-0.102533855,-0.10121161,-0.098772,-0.09394947,-0.08233449,-0.01018394,0.0,-0.5,0.5,0.16666669,0.16666669,0.5,-0.5,-0.16666664,0.16666669,-0.5,0.1,-0.00091732165,-0.0063192993,225.0,1.0,86443,10,0.2,3.0,0.1,0,9,0.05
12,12,0.0,-0.10382682,-0.1031093,-0.10338185,-0.10287272,-0.10155212,-0.099107474,-0.094304524,-0.08270235,-0.010541794,0.0,-0.5,-0.5,-0.5,-0.16666664,0.16666669,0.5,0.16666669,-0.16666664,-0.16666664,0.1,-0.002523449,-0.0063192993,200.0,1.0,86443,10,0.2,3.0,0.1,0,9,0.05
13,13,0.0,-0.10439375,-0.10384083,-0.1042101,-0.103770174,-0.102501325,-0.1001026,-0.09531649,-0.08371364,-0.011510963,0.0,0.16666669,-0.5,-0.5,0.16666669,-0.16666664,0.16666669,0.16666669,-0.5,-0.16666664,0.1,-0.0020035417,-0.0063192965,185.0,1.0,86443,10,0.2,3.0,0.1,0,9,0.05
14,14,0.0,-0.10373944,-0.102983266,-0.103221335,-0.10268197,-0.10134745,-0.0989035,-0.09405618,-0.08244498,-0.0102837235,0.0,-0.5,-0.5,0.16666669,-0.5,-0.16666664,0.5,0.5,-0.5,-0.5,0.1,-0.0007331817,-0.0063192965,217.0,1.0,86443,10,0.2,3.0,0.1,0,9,0.05
15,15,0.0,-0.10365895,-0.102898054,-0.10312514,-0.10257363,-0.10122041,-0.098778464,-0.09396164,-0.082342215,-0.01018896,0.0,-0.16666664,-0.5,-0.5,0.16666669,0.5,-0.5,-0.16666664,0.5,-0.16666664,0.1,-0.0011433841,-0.006319299,243.0,1.0,86443,10,0.2,3.0,0.1,0,9,0.05
16,16,0.0,-0.10380166,-0.103076205,-0.10333287,-0.10280172,-0.10147344,-0.09903873,-0.09420028,-0.08258096,-0.01042647,0.0,0.5,-0.16666664,-0.5,-0.5,0.16666669,0.5,0.5,-0.5,0.16666669,0.1,-0.0011589347,-0.006319297,207.0,1.0,86443,10,0.2,3.0,0.1,0,9,0.05
17,17,0.0,-0.10372059,-0.10300878,-0.10327419,-0.102755,-0.10142433,-0.098985255,-0.09414187,-0.0825176,-0.010359979,0.0,0.5,-0.5,-0.5,-0.16666664,0.16666669,-0.16666664,0.16666669,-0.5,0.5,0.1,-0.0013671406,-0.0063193003,216.0,1.0,86443,10,0.2,3.0,0.1,0,9,0.05
18,18,0.0,-0.103676476,-0.10290644,-0.10313109,-0.10260627,-0.1012661,-0.09884914,-0.094022445,-0.08240813,-0.010262529,0.0,0.5,-0.16666664,0.5,-0.5,0.16666669,-0.5,-0.5,0.5,-0.16666664,0.1,-0.0006803499,-0.006319298,286.0,1.0,86443,10,0.2,3.0,0.1,0,9,0.05
19,19,0.0,-0.10369415,-0.10290385,-0.103182256,-0.10264434,-0.10132839,-0.09889066,-0.09406733,-0.082465895,-0.010295327,0.0,0.5,0.5,0.5,-0.5,0.16666669,-0.16666664,0.5,-0.5,-0.5,0.1,-0.0008970502,-0.006319295,200.0,1.0,86443,10,0.2,3.0,0.1,0,9,0.05
20,20,0.0,-0.10440286,-0.10384792,-0.10418853,-0.10374036,-0.10248911,-0.10012607,-0.09533002,-0.08373476,-0.01154069,0.0,-0.5,0.5,0.5,0.16666669,-0.16666664,-0.5,0.16666669,0.16666669,-0.5,0.1,-0.0011981692,-0.006319297,194.0,1.0,86443,10,0.2,3.0,0.1,0,9,0.05
21,21,0.0,-0.10362037,-0.10290273,-0.103169836,-0.10267025,-0.10134067,-0.098907486,-0.094108306,-0.08251047,-0.010349179,0.0,0.5,-0.5,0.5,0.5,0.5,-0.16666664,0.5,0.5,0.5,0.1,-0.0027206219,-0.0063192965,208.0,1.0,86443,10,0.2,3.0,0.1,0,9,0.05
22,22,0.0,-0.103715785,-0.10295346,-0.1031976,-0.10265212,-0.10130701,-0.09888224,-0.094050035,-0.08243628,-0.01027159,0.0,0.16666669,-0.16666664,0.5,-0.5,0.16666669,-0.5,-0.5,-0.5,0.5,0.1,-0.0008318561,-0.0063192993,232.0,1.0,86443,10,0.2,3.0,0.1,0,9,0.05
23,23,0.0,-0.10374998,-0.1030013,-0.10324477,-0.10270313,-0.10136123,-0.09890947,-0.09409131,-0.082480885,-0.0103162415,0.0,0.16666669,0.5,-0.16666664,-0.5,-0.5,0.5,-0.5,0.5,-0.16666664,0.1,-0.0008168348,-0.006319297,301.0,1.0,86443,10,0.2,3.0,0.1,0,9,0.05
24,24,0.0,-0.103965364,-0.103245944,-0.10359683,-0.103068344,-0.101801775,-0.09936125,-0.094551176,-0.082940586,-0.0107793575,0.0,-0.5,0.16666669,-0.5,0.16666669,-0.5,-0.5,0.16666669,0.16666669,0.5,0.1,-0.0019179067,-0.0063193026,158.0,1.0,86443,10,0.2,3.0,0.1,0,9,0.05
25,25,0.0,-0.103770144,-0.10303075,-0.10328368,-0.102752134,-0.10143198,-0.09899798,-0.094161056,-0.08254314,-0.010392729,0.0,0.16666669,0.5,0.16666669,-0.5,0.16666669,0.16666669,-0.16666664,0.5,0.16666669,0.1,-0.0019464067,-0.0063192993,266.0,1.0,86443,10,0.2,3.0,0.1,0,9,0.05
26,26,0.0,-0.10369499,-0.1029203,-0.10317231,-0.102631636,-0.101284005,-0.09885832,-0.09403709,-0.08242887,-0.010271125,0.0,-0.16666664,0.16666669,-0.5,-0.5,0.5,-0.5,0.16666669,0.16666669,0.5,0.1,-0.0011450043,-0.0063192965,296.0,1.0,86443,10,0.2,3.0,0.1,0,9,0.05
27,27,0.0,-0.10368652,-0.10292804,-0.10314906,-0.102590404,-0.10126437,-0.09883161,-0.09400251,-0.08239028,-0.0102463495,0.0,-0.5,0.5,-0.5,0.5,0.16666669,0.5,-0.5,0.5,-0.5,0.1,-0.0008384366,-0.0063192993,242.0,1.0,86443,10,0.2,3.0,0.1,0,9,0.05
28,28,0.0,-0.103553556,-0.10278191,-0.10300113,-0.10249616,-0.10116607,-0.09870616,-0.09387681,-0.08227296,-0.010122926,0.0,0.5,-0.5,0.16666669,-0.16666664,0.16666669,0.5,-0.16666664,0.5,0.16666669,0.1,-0.0016341262,-0.006319297,269.0,1.0,86443,10,0.2,3.0,0.1,0,9,0.05
29,29,0.0,-0.10369706,-0.102954656,-0.10327136,-0.10277293,-0.10146674,-0.09905331,-0.094237834,-0.08263468,-0.010481293,0.0,-0.5,0.5,-0.16666664,0.16666669,-0.16666664,0.16666669,-0.16666664,0.16666669,-0.16666664,0.1,-0.0019602347,-0.006319298,234.0,1.0,86443,10,0.2,3.0,0.1,0,9,0.05
30,30,0.0,-0.103778966,-0.10304753,-0.10329551,-0.10275777,-0.10142225,-0.0989797,-0.09415058,-0.08252956,-0.010375269,0.0,-0.16666664,-0.16666664,-0.5,-0.16666664,-0.5,0.16666669,-0.16666664,0.5,0.16666669,0.1,-0.0016339751,-0.006319297,286.0,1.0,86443,10,0.2,3.0,0.1,0,9,0.05
31,31,0.0,-0.10370073,-0.10295759,-0.103197195,-0.10266614,-0.10133888,-0.098906755,-0.09407237,-0.08245519,-0.010306194,0.0,0.5,0.5,0.16666669,-0.5,0.5,-0.16666664,0.5,-0.5,0.5,0.1,-0.0015939726,-0.0063192993,255.0,1.0,86443,10,0.2,3.0,0.1,0,9,0.05
32,32,0.0,-0.10383824,-0.10311499,-0.10337649,-0.10284766,-0.101516604,-0.09907307,-0.094236635,-0.082616284,-0.010445014,0.0,-0.5,-0.16666664,-0.5,0.16666669,-0.5,0.16666669,-0.5,0.5,0.16666669,0.1,-0.0012735211,-0.0063192965,311.0,1.0,86443,10,0.2,3.0,0.1,0,9,0.05
33,33,0.0,-0.10354882,-0.10276276,-0.10296479,-0.10242582,-0.10109267,-0.0986535,-0.09383692,-0.08223332,-0.010079061,0.0,0.5,0.16666669,0.5,-0.5,0.5,0.5,0.16666669,0.16666669,-0.5,0.1,-0.001375077,-0.006319298,205.0,1.0,86443,10,0.2,3.0,0.1,0,9,0.05
34,34,0.0,-0.104063086,-0.103353985,-0.10364065,-0.10314784,-0.10190105,-0.09946848,-0.09466064,-0.08307377,-0.010899335,0.0,-0.5,0.5,0.5,-0.5,-0.5,0.16666669,-0.16666664,-0.16666664,-0.16666664,0.1,-0.0013761584,-0.006319299,160.0,1.0,86443,10,0.2,3.0,0.1,0,9,0.05
35,35,0.0,-0.10382217,-0.10310236,-0.10337157,-0.102849185,-0.10151828,-0.09907149,-0.0942408,-0.082617745,-0.010446283,0.0,0.5,-0.5,-0.16666664,0.5,0.16666669,0.5,0.16666669,0.5,-0.5,0.1,-0.00089578185,-0.0063192993,258.0,1.0,86443,10,0.2,3.0,0.1,0,9,0.05
36,36,0.0,-0.103699066,-0.1029428,-0.10316954,-0.10262281,-0.10130916,-0.09888799,-0.09407274,-0.082464404,-0.010308427,0.0,-0.16666664,-0.16666664,-0.5,0.5,0.16666669,0.5,-0.16666664,-0.16666664,0.5,0.1,-0.0013634718,-0.006319297,284.0,1.0,86443,10,0.2,3.0,0.1,0,9,0.05
37,37,0.0,-0.103780426,-0.10304181,-0.10329058,-0.10275095,-0.10141322,-0.0989667,-0.0941393,-0.082519345,-0.010365486,0.0,-0.5,-0.16666664,-0.5,-0.16666664,-0.5,0.16666669,-0.16666664,0.5,0.16666669,0.1,-0.001623176,-0.006319299,296.0,1.0,86443,10,0.2,3.0,0.1,0,9,0.05
38,38,0.0,-0.10436316,-0.10379167,-0.10414841,-0.10367903,-0.102358155,-0.09994489,-0.09515072,-0.08355648,-0.011363468,0.0,0.16666669,-0.5,-0.5,0.16666669,0.16666669,0.16666669,-0.16666664,-0.5,-0.16666664,0.1,-0.0024622816,-0.006319297,164.0,1.0,86443,10,0.2,3.0,0.1,0,9,0.05
39,39,0.0,-0.103747465,-0.10300094,-0.103243485,-0.10270698,-0.10136074,-0.09894342,-0.09411924,-0.08250958,-0.010346772,0.0,-0.5,-0.5,0.5,-0.5,0.16666669,-0.5,-0.5,-0.5,0.5,0.1,-0.00069887756,-0.006319297,246.0,1.0,86443,10,0.2,3.0,0.1,0,9,0.05
40,40,0.0,-0.103740774,-0.102989614,-0.10322867,-0.10267695,-0.101325616,-0.098888904,-0.094064154,-0.082470976,-0.0103128515,0.0,0.16666669,0.16666669,-0.16666664,-0.16666664,0.16666669,-0.5,0.5,-0.16666664,-0.16666664,0.1,-0.0010668789,-0.006319298,289.0,1.0,86443,10,0.2,3.0,0.1,0,9,0.05
41,41,0.0,-0.103722215,-0.102966346,-0.10318723,-0.10268777,-0.101370975,-0.098951705,-0.094140336,-0.082537964,-0.010384626,0.0,-0.5,-0.5,0.5,-0.5,-0.16666664,-0.16666664,-0.16666664,0.5,0.16666669,0.1,-0.000998409,-0.0063193017,241.0,1.0,86443,10,0.2,3.0,0.1,0,9,0.05
42,42,0.0,-0.10375153,-0.103005596,-0.10323461,-0.1027026,-0.10139653,-0.098996654,-0.09418409,-0.08258152,-0.010424082,0.0,0.5,0.5,-0.16666664,0.5,-0.5,-0.16666664,0.16666669,-0.5,-0.16666664,0.1,-0.0012014786,-0.006319297,212.0,1.0,86443,10,0.2,3.0,0.1,0,9,0.05
43,43,0.0,-0.10374663,-0.10300453,-0.10325223,-0.10270638,-0.101363435,-0.09894091,-0.0941308,-0.08251562,-0.010363995,0.0,-0.5,0.16666669,0.5,-0.16666664,0.5,-0.5,-0.16666664,0.16666669,-0.5,0.1,-0.0009275132,-0.0063193003,236.0,1.0,86443,10,0.2,3.0,0.1,0,9,0.05
44,44,0.0,-0.10371331,-0.1030443,-0.10329931,-0.10283009,-0.10153324,-0.09912794,-0.09431139,-0.08271094,-0.010556384,0.0,0.16666669,-0.5,0.5,-0.16666664,-0.5,-0.16666664,-0.16666664,-0.16666664,0.16666669,0.1,-0.0017157712,-0.006319298,183.0,1.0,86443,10,0.2,3.0,0.1,0,9,0.05
45,45,0.0,-0.103680216,-0.10292022,-0.1031454,-0.10260722,-0.10127796,-0.09883248,-0.09401963,-0.08241311,-0.01025234,0.0,0.16666669,0.5,0.5,-0.5,0.5,-0.16666664,0.5,-0.16666664,-0.5,0.1,-0.0011591126,-0.0063192965,254.0,1.0,86443,10,0.2,3.0,0.1,0,9,0.05
46,46,0.0,-0.103844464,-0.103126384,-0.103391886,-0.10286241,-0.101531304,-0.09909587,-0.09425774,-0.08264072,-0.010490749,0.0,0.16666669,-0.16666664,-0.5,-0.16666664,-0.16666664,-0.5,-0.5,0.5,-0.16666664,0.1,-0.00085016753,-0.006319298,259.0,1.0,86443,10,0.2,3.0,0.1,0,9,0.05
47,47,0.0,-0.104212105,-0.10365819,-0.10395348,-0.10344513,-0.10212252,-0.09969823,-0.094887,-0.08327244,-0.011079702,0.0,-0.16666664,0.5,-0.5,-0.5,-0.5,-0.16666664,-0.16666664,-0.5,-0.16666664,0.1,-0.0018276096,-0.0063193003,169.0,1.0,86443,10,0.2,3.0,0.1,0,9,0.05
48,48,0.0,-0.10371975,-0.10298692,-0.103232585,-0.10269748,-0.10134939,-0.098901846,-0.09406517,-0.082449146,-0.010297616,0.0,0.5,0.16666669,0.5,0.5,0.5,0.5,0.16666669,-0.16666664,0.5,0.1,-0.002664277,-0.006319299,258.0,1.0,86443,10,0.2,3.0,0.1,0,9,0.05
49,49,0.0,-0.1041535,-0.10355609,-0.1038956,-0.10341645,-0.10212024,-0.09975505,-0.09494906,-0.083324336,-0.011137465,0.0,0.5,0.16666669,0.16666669,-0.16666664,-0.5,0.16666669,-0.16666664,-0.5,-0.16666664,0.1,-0.0025793517,-0.006319299,170.0,1.0,86443,10,0.2,3.0,0.1,0,9,0.05
50,50,0.0,-0.10360871,-0.10283289,-0.10306207,-0.10254577,-0.10124088,-0.09881675,-0.094013765,-0.08241243,-0.01026377,0.0,0.16666669,-0.5,0.16666669,0.5,-0.5,-0.16666664,-0.16666664,-0.16666664,-0.16666664,0.1,-0.0015349989,-0.0063192965,236.0,1.0,86443,10,0.2,3.0,0.1,0,9,0.05
51,51,0.0,-0.10368468,-0.102931984,-0.10316195,-0.102615036,-0.10127789,-0.09885362,-0.094033144,-0.082440205,-0.010284525,0.0,-0.5,-0.16666664,0.5,-0.5,0.5,-0.5,0.5,0.16666669,-0.5,0.1,-0.0010221213,-0.006319299,227.0,1.0,86443,10,0.2,3.0,0.1,0,9,0.05
52,52,0.0,-0.10377377,-0.103050835,-0.10330017,-0.10276922,-0.101446055,-0.09900437,-0.09417574,-0.0825547,-0.010386479,0.0,0.16666669,-0.16666664,-0.16666664,-0.16666664,0.16666669,0.5,0.5,0.5,0.16666669,0.1,-0.0029308042,-0.0063193003,256.0,1.0,86443,10,0.2,3.0,0.1,0,9,0.05
53,53,0.0,-0.10365472,-0.10302467,-0.10321718,-0.10270163,-0.101396024,-0.09900779,-0.09419194,-0.08259219,-0.010443016,0.0,0.5,-0.5,-0.16666664,0.5,0.5,0.16666669,-0.16666664,0.16666669,0.16666669,0.1,-0.0019530635,-0.006319297,167.0,1.0,86443,10,0.2,3.0,0.1,0,9,0.05
54,54,0.0,-0.10393942,-0.10332172,-0.10367268,-0.10320242,-0.10186503,-0.099430926,-0.09457691,-0.08296518,-0.010782393,0.0,0.16666669,0.16666669,-0.5,-0.16666664,-0.5,-0.16666664,0.5,-0.16666664,-0.5,0.1,-0.0013697179,-0.006319299,165.0,1.0,86443,10,0.2,3.0,0.1,0,9,0.05
55,55,0.0,-0.1037763,-0.103037916,-0.103288874,-0.1027488,-0.10140934,-0.098968446,-0.09413867,-0.08252295,-0.010354389,0.0,-0.5,0.16666669,0.16666669,-0.5,0.16666669,-0.5,-0.16666664,0.5,0.5,0.1,-0.0014935759,-0.006319297,257.0,1.0,86443,10,0.2,3.0,0.1,0,9,0.05
56,56,0.0,-0.103876404,-0.10316719,-0.10343838,-0.10292161,-0.10159699,-0.09915938,-0.09432484,-0.08269199,-0.0105265435,0.0,-0.16666664,0.5,-0.16666664,-0.5,-0.5,-0.5,-0.16666664,0.5,-0.5,0.1,-0.0007199951,-0.0063193003,243.0,1.0,86443,10,0.2,3.0,0.1,0,9,0.05
57,57,0.0,-0.10377555,-0.103033304,-0.103281565,-0.10275368,-0.101422496,-0.09897629,-0.094128415,-0.082513444,-0.010360192,0.0,0.16666669,-0.16666664,-0.5,-0.16666664,0.5,0.5,0.16666669,-0.5,0.5,0.1,-0.0013201253,-0.006319299,267.0,1.0,86443,10,0.2,3.0,0.1,0,9,0.05
58,58,0.0,-0.10375249,-0.103007704,-0.103253394,-0.10271275,-0.10136447,-0.09893888,-0.09412572,-0.0825131,-0.010360759,0.0,-0.5,-0.5,-0.5,-0.5,0.5,-0.5,0.5,-0.16666664,0.16666669,0.1,-0.00093997124,-0.0063192993,250.0,1.0,86443,10,0.2,3.0,0.1,0,9,0.05
59,59,0.0,-0.10384432,-0.10313258,-0.10339585,-0.102868676,-0.10153986,-0.099104255,-0.09427211,-0.08264717,-0.010490754,0.0,0.16666669,0.16666669,-0.16666664,-0.5,-0.5,-0.16666664,0.16666669,0.5,-0.16666664,0.1,-0.0015754038,-0.0063192993,268.0,1.0,86443,10,0.2,3.0,0.1,0,9,0.05
60,60,0.0,-0.103836276,-0.103113376,-0.103377625,-0.10285033,-0.10151186,-0.099069975,-0.09423631,-0.08263736,-0.010485777,0.0,-0.16666664,-0.16666664,0.16666669,-0.16666664,-0.16666664,-0.16666664,0.5,-0.5,-0.16666664,0.1,-0.0009225324,-0.006319298,284.0,1.0,86443,10,0.2,3.0,0.1,0,9,0.05
61,61,0.0,-0.10374696,-0.102967344,-0.1032221,-0.10270151,-0.10138195,-0.0989484,-0.09414731,-0.08254824,-0.010398211,0.0,-0.5,-0.5,0.16666669,-0.16666664,0.5,0.5,0.5,0.5,0.5,0.1,-0.002872189,-0.006319299,167.0,1.0,86443,10,0.2,3.0,0.1,0,9,0.05
62,62,0.0,-0.103582405,-0.10275826,-0.103008024,-0.10248687,-0.10114907,-0.09871882,-0.09390561,-0.082303196,-0.0101575,0.0,-0.16666664,-0.16666664,0.5,0.5,-0.16666664,-0.5,-0.5,-0.16666664,-0.16666664,0.1,-0.0017879211,-0.006319299,174.0,1.0,86443,10,0.2,3.0,0.1,0,9,0.05
63,63,0.0,-0.10375502,-0.103011936,-0.10326201,-0.10272207,-0.10138079,-0.09894106,-0.09413242,-0.08252796,-0.010366636,0.0,-0.5,0.16666669,-0.16666664,0.16666669,-0.16666664,0.5,0.16666669,0.16666669,-0.16666664,0.1,-0.002105033,-0.006319298,261.0,1.0,86443,10,0.2,3.0,0.1,0,9,0.05
64,64,0.0,-0.104391,-0.10384278,-0.1042225,-0.103819825,-0.102544114,-0.100153886,-0.095365174,-0.08376894,-0.011578031,0.0,-0.16666664,-0.16666664,-0.16666664,0.16666669,-0.5,-0.16666664,-0.16666664,-0.5,0.16666669,0.1,-0.0025237417,-0.0063192965,213.0,1.0,86443,10,0.2,3.0,0.1,0,9,0.05
65,65,0.0,-0.10382008,-0.10309262,-0.10335823,-0.10282988,-0.10154373,-0.099140614,-0.0943274,-0.082727715,-0.010565411,0.0,-0.5,-0.16666664,-0.5,0.5,0.16666669,0.16666669,0.5,0.16666669,0.16666669,0.1,-0.0018766169,-0.0063192956,253.0,1.0,86443,10,0.2,3.0,0.1,0,9,0.05
66,66,0.0,-0.10381321,-0.10309623,-0.10335604,-0.10282605,-0.101497956,-0.09905032,-0.094218604,-0.08259608,-0.010440378,0.0,-0.16666664,-0.5,-0.5,-0.5,-0.16666664,0.5,0.16666669,-0.5,0.5,0.1,-0.0012865677,-0.006319295,259.0,1.0,86443,10,0.2,3.0,0.1,0,9,0.05
67,67,0.0,-0.10382542,-0.103103265,-0.103366055,-0.10283748,-0.101501495,-0.09905302,-0.094213895,-0.08261001,-0.010453745,0.0,0.5,0.5,0.5,0.16666669,0.16666669,0.5,0.5,-0.5,-0.16666664,0.1,-0.001056643,-0.006319297,288.0,1.0,86443,10,0.2,3.0,0.1,0,9,0.05
68,68,0.0,-0.10379936,-0.10306492,-0.103316896,-0.102785036,-0.10148668,-0.09908643,-0.09427589,-0.08267439,-0.010516012,0.0,0.16666669,0.5,0.16666669,0.5,-0.16666664,-0.16666664,-0.16666664,0.16666669,0.16666669,0.1,-0.002675564,-0.0063192993,238.0,1.0,86443,10,0.2,3.0,0.1,0,9,0.05
69,69,0.0,-0.10381407,-0.10307138,-0.10332355,-0.10279091,-0.10145821,-0.09900382,-0.09417,-0.08257194,-0.010398191,0.0,-0.5,-0.16666664,-0.5,0.16666669,-0.16666664,-0.16666664,0.5,-0.16666664,-0.16666664,0.1,-0.0015336892,-0.006319297,260.0,1.0,86443,10,0.2,3.0,0.1,0,9,0.05
70,70,0.0,-0.10360852,-0.1028375,-0.103131235,-0.10262198,-0.10129913,-0.09887279,-0.09405207,-0.08245735,-0.0102959685,0.0,-0.5,0.5,-0.16666664,0.5,0.16666669,0.16666669,0.5,0.16666669,-0.16666664,0.1,-0.0017316978,-0.0063192993,216.0,1.0,86443,10,0.2,3.0,0.1,0,9,0.05
71,71,0.0,-0.10387724,-0.103164256,-0.10343287,-0.10291711,-0.1015895,-0.09915214,-0.09430959,-0.08268708,-0.010512299,0.0,-0.5,-0.5,-0.5,0.16666669,0.5,0.5,0.5,0.5,-0.5,0.1,-0.0008792146,-0.006319299,264.0,1.0,86443,10,0.2,3.0,0.1,0,9,0.05
72,72,0.0,-0.10374242,-0.10303248,-0.10329536,-0.10276995,-0.10143554,-0.09899558,-0.09418707,-0.082587786,-0.01043571,0.0,0.5,0.16666669,0.5,-0.16666664,-0.5,0.5,-0.16666664,0.16666669,-0.16666664,0.1,-0.0012929848,-0.0063192965,225.0,1.0,86443,10,0.2,3.0,0.1,0,9,0.05
73,73,0.0,-0.103672616,-0.10292851,-0.103167355,-0.10267948,-0.10136399,-0.0989373,-0.094098985,-0.08249653,-0.010345144,0.0,0.16666669,-0.16666664,0.5,0.16666669,0.16666669,-0.16666664,-0.5,-0.16666664,0.16666669,0.1,-0.0026698553,-0.0063192956,188.0,1.0,86443,10,0.2,3.0,0.1,0,9,0.05
74,74,0.0,-0.10368416,-0.102939546,-0.10317761,-0.10264586,-0.10132542,-0.098908365,-0.09411802,-0.0825202,-0.010369703,0.0,-0.16666664,0.5,0.5,-0.5,-0.5,0.5,0.16666669,-0.16666664,0.16666669,0.1,-0.0010968769,-0.0063192993,221.0,1.0,86443,10,0.2,3.0,0.1,0,9,0.05
75,75,0.0,-0.10371459,-0.10295881,-0.10318342,-0.102665596,-0.101341695,-0.09893595,-0.094122425,-0.08251817,-0.01034758,0.0,-0.16666664,0.16666669,0.5,-0.16666664,-0.5,-0.16666664,-0.16666664,0.16666669,0.5,0.1,-0.002070655,-0.0063193003,214.0,1.0,86443,10,0.2,3.0,0.1,0,9,0.05
76,76,0.0,-0.10369982,-0.10293952,-0.103188254,-0.102653265,-0.10131848,-0.09890032,-0.09408744,-0.08248933,-0.010332982,0.0,-0.16666664,-0.5,-0.16666664,0.16666669,0.5,-0.5,0.16666669,-0.16666664,-0.16666664,0.1,-0.0013714626,-0.006319298,219.0,1.0,86443,10,0.2,3.0,0.1,0,9,0.05
77,77,0.0,-0.10384571,-0.1031236,-0.10339475,-0.102868766,-0.10153316,-0.09909685,-0.09426503,-0.082672045,-0.010515051,0.0,-0.16666664,-0.5,-0.16666664,-0.16666664,-0.5,-0.16666664,0.5,0.16666669,0.16666669,0.1,-0.0020278476,-0.006319297,267.0,1.0,86443,10,0.2,3.0,0.1,0,9,0.05
78,78,0.0,-0.10370948,-0.102981225,-0.10323629,-0.10271115,-0.101365715,-0.098923676,-0.094109155,-0.082514435,-0.010358787,0.0,0.16666669,-0.5,0.5,0.16666669,0.5,0.5,-0.5,-0.16666664,-0.16666664,0.1,-0.0010950012,-0.0063192956,242.0,1.0,86443,10,0.2,3.0,0.1,0,9,0.05
79,79,0.0,-0.10361926,-0.102858014,-0.10310797,-0.102583386,-0.10125739,-0.09882213,-0.09401763,-0.082413025,-0.010262336,0.0,-0.5,0.5,0.16666669,-0.16666664,-0.16666664,-0.5,0.16666669,0.5,0.5,0.1,-0.0018584378,-0.006319297,196.0,1.0,86443,10,0.2,3.0,0.1,0,9,0.05
80,80,0.0,-0.10385793,-0.1031404,-0.10340303,-0.10288139,-0.10156697,-0.09913591,-0.09430069,-0.082676075,-0.010500801,0.0,-0.5,-0.5,0.5,0.5,0.5,0.5,0.5,0.5,-0.5,0.1,-0.00080695126,-0.006319298,257.0,1.0,86443,10,0.2,3.0,0.1,0,9,0.05
81,81,0.0,-0.103618145,-0.1029305,-0.10318673,-0.1026493,-0.101338856,-0.0989391,-0.09413604,-0.08253411,-0.01038572,0.0,0.5,-0.5,-0.5,-0.5,0.5,0.16666669,0.16666669,-0.16666664,0.16666669,0.1,-0.0012472455,-0.006319297,195.0,1.0,86443,10,0.2,3.0,0.1,0,9,0.05
82,82,0.0,-0.10368903,-0.102925606,-0.10317129,-0.10262829,-0.101296134,-0.09885875,-0.094015785,-0.082402565,-0.010242204,0.0,-0.5,0.5,-0.16666664,-0.5,-0.16666664,-0.5,0.5,-0.5,0.16666669,0.1,-0.00072601385,-0.006319297,292.0,1.0,86443,10,0.2,3.0,0.1,0,9,0.05
83,83,0.0,-0.10377236,-0.10307986,-0.10329748,-0.10276779,-0.101466045,-0.09902763,-0.09421493,-0.08261993,-0.010448142,0.0,0.16666669,-0.5,0.5,0.5,0.16666669,-0.16666664,0.16666669,0.16666669,-0.5,0.1,-0.0015024731,-0.0063192965,173.0,1.0,86443,10,0.2,3.0,0.1,0,9,0.05
84,84,0.0,-0.10365192,-0.10287468,-0.10309984,-0.10255802,-0.10124021,-0.09880031,-0.093958385,-0.082349345,-0.010202748,0.0,0.16666669,0.5,-0.5,0.16666669,0.5,0.5,-0.5,0.5,-0.5,0.1,-0.0007621809,-0.0063192956,264.0,1.0,86443,10,0.2,3.0,0.1,0,9,0.05
85,85,0.0,-0.10367132,-0.10290212,-0.103140794,-0.10260432,-0.10127408,-0.09882519,-0.09397859,-0.082365096,-0.010211226,0.0,-0.16666664,0.5,-0.16666664,0.16666669,-0.5,-0.16666664,-0.5,-0.16666664,0.5,0.1,-0.0013196851,-0.006319298,233.0,1.0,86443,10,0.2,3.0,0.1,0,9,0.05
86,86,0.0,-0.1036358,-0.102855116,-0.10309117,-0.10254956,-0.101223834,-0.09881626,-0.093985505,-0.082370795,-0.010213891,0.0,-0.16666664,0.5,-0.5,-0.5,0.5,-0.16666664,-0.16666664,0.5,-0.16666664,0.1,-0.0011192723,-0.0063192965,235.0,1.0,86443,10,0.2,3.0,0.1,0,9,0.05
87,87,0.0,-0.10379627,-0.10306113,-0.10331186,-0.10281348,-0.101534836,-0.09913687,-0.0943231,-0.08271733,-0.010563282,0.0,0.16666669,0.5,-0.16666664,-0.16666664,-0.16666664,0.16666669,0.5,0.5,0.5,0.1,-0.0027532922,-0.0063192965,168.0,1.0,86443,10,0.2,3.0,0.1,0,9,0.05
88,88,0.0,-0.104239106,-0.10364142,-0.10399298,-0.103533275,-0.10225094,-0.09985896,-0.09506902,-0.08348447,-0.011310593,0.0,0.16666669,0.16666669,-0.5,-0.16666664,0.16666669,0.16666669,-0.16666664,0.16666669,-0.5,0.1,-0.0017090058,-0.006319297,248.0,1.0,86443,10,0.2,3.0,0.1,0,9,0.05
89,89,0.0,-0.103746936,-0.10298697,-0.10320854,-0.10267501,-0.101319395,-0.09887885,-0.094048604,-0.08244613,-0.01028098,0.0,-0.5,0.16666669,0.16666669,0.16666669,-0.16666664,-0.16666664,0.5,-0.16666664,-0.5,0.1,-0.0014985682,-0.006319297,186.0,1.0,86443,10,0.2,3.0,0.1,0,9,0.05
90,90,0.0,-0.10365677,-0.10292626,-0.10315441,-0.102617875,-0.10129595,-0.09886207,-0.094033554,-0.08242231,-0.010259646,0.0,0.5,-0.16666664,0.5,-0.5,0.5,0.5,0.5,0.5,0.16666669,0.1,-0.0023741585,-0.006319297,210.0,1.0,86443,10,0.2,3.0,0.1,0,9,0.05
91,91,0.0,-0.10378741,-0.10306758,-0.103330836,-0.102803394,-0.10145958,-0.09902897,-0.094230406,-0.08262582,-0.01046571,0.0,0.16666669,-0.5,0.16666669,0.16666669,-0.16666664,0.5,-0.16666664,-0.5,-0.16666664,0.1,-0.0016139698,-0.006319297,213.0,1.0,86443,10,0.2,3.0,0.1,0,9,0.05
92,92,0.0,-0.10433703,-0.103766635,-0.10413435,-0.10369029,-0.1024279,-0.10005293,-0.09526016,-0.08367038,-0.011485882,0.0,-0.16666664,-0.5,-0.5,0.16666669,-0.16666664,0.16666669,-0.16666664,0.16666669,-0.5,0.1,-0.0016882357,-0.006319299,225.0,1.0,86443,10,0.2,3.0,0.1,0,9,0.05
93,93,0.0,-0.10378395,-0.10304979,-0.10330569,-0.10277071,-0.101427704,-0.098981984,-0.094151795,-0.08255284,-0.010402548,0.0,-0.16666664,-0.5,0.16666669,-0.16666664,-0.5,0.16666669,0.5,-0.5,-0.16666664,0.1,-0.0009294056,-0.0063193003,273.0,1.0,86443,10,0.2,3.0,0.1,0,9,0.05
94,94,0.0,-0.10377517,-0.10304623,-0.10330826,-0.102766156,-0.1014245,-0.098970346,-0.09414655,-0.08252225,-0.010361814,0.0,0.5,0.16666669,-0.16666664,0.16666669,0.5,0.16666669,0.16666669,0.16666669,-0.5,0.1,-0.0016323073,-0.0063192965,185.0,1.0,86443,10,0.2,3.0,0.1,0,9,0.05
95,95,0.0,-0.103590555,-0.102800295,-0.10304231,-0.10248534,-0.101164214,-0.098727286,-0.09389952,-0.082295686,-0.010140975,0.0,-0.5,-0.16666664,-0.5,0.5,-0.5,-0.5,0.5,0.16666669,0.16666669,0.1,-0.0009213538,-0.006319297,256.0,1.0,86443,10,0.2,3.0,0.1,0,9,0.05
96,96,0.0,-0.10364011,-0.102864504,-0.10310032,-0.10255553,-0.10123806,-0.09881535,-0.09400953,-0.08241104,-0.010264716,0.0,-0.16666664,-0.5,-0.16666664,0.5,0.5,-0.16666664,0.16666669,-0.16666664,0.16666669,0.1,-0.00209193,-0.0063192956,225.0,1.0,86443,10,0.2,3.0,0.1,0,9,0.05
97,97,0.0,-0.10387957,-0.10316464,-0.103437275,-0.10291653,-0.10159369,-0.099154085,-0.09430964,-0.08270959,-0.010540534,0.0,-0.16666664,-0.5,-0.5,-0.16666664,-0.16666664,0.16666669,0.5,0.16666669,-0.5,0.1,-0.0015033836,-0.0063193003,230.0,1.0,86443,10,0.2,3.0,0.1,0,9,0.05
98,98,0.0,-0.10374134,-0.10299395,-0.10325315,-0.10273337,-0.10140663,-0.098972425,-0.09413706,-0.08251083,-0.010352242,0.0,-0.16666664,0.16666669,-0.16666664,0.5,0.5,0.5,0.5,-0.5,0.5,0.1,-0.0020131592,-0.006319299,213.0,1.0,86443,10,0.2,3.0,0.1,0,9,0.05
99,99,0.0,-0.10361995,-0.10287134,-0.10310569,-0.10257296,-0.10126413,-0.09884631,-0.094035916,-0.08243109,-0.0102819465,0.0,0.16666669,0.5,-0.16666664,0.5,0.16666669,0.16666669,-0.16666664,-0.16666664,0.16666669,0.1,-0.0027608816,-0.0063192993,222.0,1.0,86443,10,0.2,3.0,0.1,0,9,0.05
