,Unnamed: 0,e1,e2,e3,e4,e5,e6,e7,e8,e9,e10,e0_1,e0_2,e0_3,e0_4,e0_5,e0_6,e0_7,e0_8,e0_9,e0_10,Gamma,eta0,eta,count,success,seed,N,Jmax,alpha,gleak,ex,lk,rate
0,0,0.0,-2.0665565,-1.1713281,-0.83101565,-0.6756603,-0.72488576,-0.7931382,-0.7176545,-0.5503194,-0.06094138,0.0,0.5,0.5,-0.16666664,0.16666669,-0.16666664,-0.5,0.16666669,0.16666669,-0.16666664,0.1,-0.002826936,-0.00903269,859.0,1.0,61866,10,0.2,1.0,0.1,0,9,0.05
1,1,0.0,-2.066716,-1.1715559,-0.8311106,-0.67565876,-0.7248613,-0.79313004,-0.7176816,-0.5503399,-0.06094622,0.0,0.5,-0.5,-0.5,0.16666669,-0.5,-0.16666664,-0.16666664,0.16666669,-0.5,0.1,-0.0017521093,-0.009032685,1224.0,1.0,61866,10,0.2,1.0,0.1,0,9,0.05
2,2,0.0,-2.0663126,-1.1711023,-0.8308783,-0.6756795,-0.7250333,-0.79265845,-0.71778446,-0.5503037,-0.06092283,0.0,-0.5,-0.5,-0.16666664,-0.5,0.5,0.5,0.5,0.16666669,-0.5,0.1,-0.0015136392,-0.009032683,532.0,1.0,61866,10,0.2,1.0,0.1,0,9,0.05
3,3,0.0,-2.0665886,-1.1713426,-0.8310214,-0.67566967,-0.72488517,-0.7931316,-0.7176495,-0.55032754,-0.06094159,0.0,-0.5,-0.5,0.16666669,0.5,-0.5,0.16666669,0.5,0.16666669,-0.5,0.1,-0.0016389022,-0.009032689,762.0,1.0,61866,10,0.2,1.0,0.1,0,9,0.05
4,4,0.0,-2.0665863,-1.1714305,-0.83105564,-0.6756477,-0.72486985,-0.79316914,-0.7176273,-0.55033404,-0.060942136,0.0,0.16666669,-0.16666664,-0.5,0.16666669,-0.5,0.16666669,0.5,-0.5,0.16666669,0.1,-0.0025550008,-0.009032682,965.0,1.0,61866,10,0.2,1.0,0.1,0,9,0.05
5,5,0.0,-2.0706224,-1.1700017,-0.830184,-0.6755591,-0.72518355,-0.7931542,-0.71759987,-0.5503252,-0.060961414,0.0,-0.16666664,0.5,0.16666669,-0.5,-0.5,0.16666669,-0.5,0.16666669,0.16666669,0.1,-0.004032867,-0.009032683,884.0,1.0,61866,10,0.2,1.0,0.1,0,9,0.05
6,6,0.0,-2.076796,-1.172805,-0.831181,-0.6756096,-0.7251298,-0.7922938,-0.71823734,-0.5506461,-0.06103838,0.0,0.5,0.5,0.16666669,0.16666669,-0.16666664,0.16666669,-0.5,0.5,-0.5,0.1,-0.0018142378,-0.009032687,464.0,1.0,61866,10,0.2,1.0,0.1,0,9,0.05
7,7,0.0,-2.0653787,-1.1693071,-0.82984716,-0.67557615,-0.72522926,-0.7931185,-0.7174188,-0.55013335,-0.06089472,0.0,0.16666669,0.5,0.5,0.5,-0.16666664,-0.5,0.16666669,0.5,0.5,0.1,-0.0040082824,-0.009032688,354.0,1.0,61866,10,0.2,1.0,0.1,0,9,0.05
8,8,0.0,4.0019064,-0.54202306,-0.3411322,3.2356713,-0.48329735,-0.4073704,3.587298,-0.32885674,-0.103511445,0.0,0.5,-0.5,-0.5,0.16666669,-0.5,-0.16666664,0.5,-0.5,-0.16666664,0.1,-0.0030300957,-0.0074693854,394.0,1.0,61866,10,0.2,1.0,0.1,0,9,0.05
9,9,0.0,-1.5271975,-0.63792807,4.0076175,-0.50413686,-0.38109478,3.482945,-0.40270862,-0.48661855,-0.079107374,0.0,-0.5,-0.16666664,0.5,-0.16666664,-0.5,0.5,0.5,-0.16666664,-0.5,0.1,-0.0021103492,-0.00786765,184.0,1.0,61866,10,0.2,1.0,0.1,0,9,0.05
10,10,0.0,-2.0677342,-1.1708329,-0.83045226,-0.67562276,-0.7255496,-0.79206276,-0.7179635,-0.55032,-0.06092732,0.0,0.16666669,0.16666669,-0.16666664,0.16666669,0.16666669,0.16666669,-0.16666664,-0.16666664,-0.16666664,0.1,-0.0044184094,-0.009032687,428.0,1.0,61866,10,0.2,1.0,0.1,0,9,0.05
11,11,0.0,-2.0661697,-1.1706829,-0.8305214,-0.675649,-0.725245,-0.79241914,-0.7178227,-0.5502376,-0.060908746,0.0,-0.5,-0.5,0.16666669,-0.16666664,0.16666669,0.16666669,-0.16666664,0.16666669,-0.5,0.1,-0.0016893925,-0.009032686,399.0,1.0,61866,10,0.2,1.0,0.1,0,9,0.05
12,12,0.0,-2.0677655,-1.1696875,-0.8302394,-0.67559856,-0.72515196,-0.79312956,-0.7175174,-0.5502528,-0.060928904,0.0,-0.16666664,0.16666669,-0.16666664,-0.16666664,-0.5,0.5,0.5,-0.16666664,-0.16666664,0.1,-0.0025669662,-0.009032688,847.0,1.0,61866,10,0.2,1.0,0.1,0,9,0.05
13,13,0.0,-2.0665984,-1.1715552,-0.83111644,-0.67565733,-0.7248557,-0.7931469,-0.71767515,-0.55033886,-0.060946018,0.0,0.5,-0.16666664,0.16666669,-0.16666664,-0.5,-0.16666664,0.16666669,-0.16666664,0.5,0.1,-0.0056230775,-0.009032688,1514.0,1.0,61866,10,0.2,1.0,0.1,0,9,0.05
14,14,0.0,-2.066315,-1.1711578,-0.83093846,-0.6756411,-0.7248989,-0.7931794,-0.71758974,-0.5503002,-0.06093498,0.0,-0.16666664,-0.16666664,-0.5,-0.5,-0.5,-0.5,0.16666669,0.16666669,-0.16666664,0.1,-0.0032556634,-0.009032686,697.0,1.0,61866,10,0.2,1.0,0.1,0,9,0.05
15,15,0.0,-2.0726686,-1.1702371,-0.8301725,-0.6755258,-0.7252077,-0.7931966,-0.7176283,-0.5503777,-0.06098465,0.0,0.5,0.5,0.5,0.5,-0.16666664,0.16666669,-0.16666664,0.16666669,-0.16666664,0.1,-0.0026460926,-0.009032693,800.0,1.0,61866,10,0.2,1.0,0.1,0,9,0.05
16,16,0.0,-2.066535,-1.1713624,-0.8310375,-0.6756553,-0.7248799,-0.7931382,-0.7176587,-0.55032533,-0.06094242,0.0,-0.16666664,0.5,-0.5,-0.5,0.5,0.16666669,-0.16666664,-0.16666664,0.5,0.1,-0.00427252,-0.009032681,1056.0,1.0,61866,10,0.2,1.0,0.1,0,9,0.05
17,17,0.0,-2.0661373,-1.1709409,-0.83084553,-0.67564017,-0.7249432,-0.79315764,-0.7175758,-0.55028373,-0.060929623,0.0,0.5,0.5,-0.16666664,0.16666669,0.16666669,-0.5,-0.16666664,0.5,-0.16666664,0.1,-0.0024393564,-0.009032681,446.0,1.0,61866,10,0.2,1.0,0.1,0,9,0.05
18,18,0.0,-2.066736,-1.1715678,-0.8311056,-0.67565113,-0.72485375,-0.79316723,-0.7176539,-0.5503436,-0.06094635,0.0,0.16666669,-0.16666664,0.5,0.16666669,0.16666669,-0.16666664,0.5,0.16666669,-0.16666664,0.1,-0.0023017896,-0.009032684,999.0,1.0,61866,10,0.2,1.0,0.1,0,9,0.05
19,19,0.0,-2.0667503,-1.1715827,-0.8311203,-0.67565495,-0.72485334,-0.79315907,-0.71766865,-0.5503446,-0.06094773,0.0,0.5,-0.5,-0.16666664,-0.5,-0.16666664,-0.5,0.16666669,-0.5,0.16666669,0.1,-0.004289102,-0.009032688,1699.0,1.0,61866,10,0.2,1.0,0.1,0,9,0.05
20,20,0.0,-2.0658789,-1.1703663,-0.83058214,-0.6756364,-0.7250136,-0.7931369,-0.7175457,-0.5502492,-0.060920533,0.0,-0.16666664,0.5,0.5,0.16666669,-0.5,-0.16666664,0.5,-0.16666664,0.5,0.1,-0.0039537414,-0.009032684,751.0,1.0,61866,10,0.2,1.0,0.1,0,9,0.05
21,21,0.0,-2.0664945,-1.1711667,-0.8309162,-0.67564803,-0.7249247,-0.7931079,-0.71764994,-0.5503076,-0.060938157,0.0,-0.5,-0.16666664,0.5,-0.5,0.5,0.5,-0.5,-0.16666664,0.5,0.1,-0.0033489305,-0.00903269,842.0,1.0,61866,10,0.2,1.0,0.1,0,9,0.05
22,22,0.0,-2.0662665,-1.1709692,-0.8308013,-0.6756508,-0.72496086,-0.79308486,-0.71762955,-0.5502878,-0.060931087,0.0,0.16666669,-0.5,0.16666669,0.16666669,-0.5,-0.16666664,-0.5,-0.16666664,-0.5,0.1,-0.0027735005,-0.009032685,647.0,1.0,61866,10,0.2,1.0,0.1,0,9,0.05
23,23,0.0,-2.0663657,-1.170965,-0.8307773,-0.6756365,-0.7249523,-0.7931484,-0.7175915,-0.5502905,-0.060932275,0.0,0.16666669,0.16666669,0.5,0.5,-0.16666664,-0.5,0.5,0.5,0.5,0.1,-0.004229691,-0.009032682,428.0,1.0,61866,10,0.2,1.0,0.1,0,9,0.05
24,24,0.0,-2.0656855,-1.1700752,-0.8304659,-0.67564064,-0.7250583,-0.7930978,-0.717539,-0.55023015,-0.06091513,0.0,-0.5,0.5,0.5,0.5,0.16666669,-0.16666664,-0.5,0.16666669,0.5,0.1,-0.0036535242,-0.0090326825,798.0,1.0,61866,10,0.2,1.0,0.1,0,9,0.05
25,25,0.0,-2.0666592,-1.1715261,-0.8311008,-0.6756595,-0.7248604,-0.79314643,-0.7176719,-0.550336,-0.06094558,0.0,0.5,-0.5,-0.5,0.5,0.5,-0.16666664,-0.16666664,0.16666669,-0.16666664,0.1,-0.002354462,-0.009032685,1210.0,1.0,61866,10,0.2,1.0,0.1,0,9,0.05
26,26,0.0,-2.0664608,-1.1712881,-0.83099574,-0.6756559,-0.72489226,-0.7931419,-0.717649,-0.5503201,-0.06094068,0.0,0.16666669,0.5,0.5,0.5,0.5,-0.5,-0.5,-0.5,0.5,0.1,-0.0032570648,-0.009032692,1087.0,1.0,61866,10,0.2,1.0,0.1,0,9,0.05
27,27,0.0,-2.0654006,-1.1696572,-0.83033323,-0.6756361,-0.72509474,-0.7931072,-0.717506,-0.5501903,-0.06090641,0.0,-0.16666664,0.5,-0.5,0.16666669,0.16666669,0.16666669,0.16666669,0.16666669,-0.16666664,0.1,-0.0028085564,-0.009032687,1042.0,1.0,61866,10,0.2,1.0,0.1,0,9,0.05
28,28,0.0,-2.066641,-1.1714909,-0.83108324,-0.6756546,-0.7248665,-0.7931471,-0.7176712,-0.55032927,-0.060945403,0.0,-0.16666664,-0.5,0.16666669,0.16666669,0.16666669,-0.16666664,-0.16666664,0.5,0.5,0.1,-0.004489252,-0.009032688,1059.0,1.0,61866,10,0.2,1.0,0.1,0,9,0.05
29,29,0.0,-2.0658205,-1.1691382,-0.82984376,-0.6755774,-0.72525257,-0.7931106,-0.7174065,-0.55014944,-0.060897883,0.0,-0.5,0.5,0.5,0.5,-0.16666664,-0.5,-0.16666664,0.16666669,-0.5,0.1,-0.0015789167,-0.00903268,535.0,1.0,61866,10,0.2,1.0,0.1,0,9,0.05
30,30,0.0,-2.066698,-1.1715274,-0.831097,-0.6756611,-0.7248521,-0.79316694,-0.7176494,-0.55034184,-0.0609453,0.0,0.16666669,-0.5,-0.5,0.16666669,0.16666669,-0.5,0.16666669,-0.16666664,0.16666669,0.1,-0.0052218647,-0.009032685,688.0,1.0,61866,10,0.2,1.0,0.1,0,9,0.05
31,31,0.0,-2.066629,-1.1714636,-0.8310707,-0.67566633,-0.72488296,-0.7930706,-0.7176873,-0.5503356,-0.060942348,0.0,0.5,0.5,0.16666669,0.16666669,0.5,0.5,-0.16666664,-0.16666664,0.16666669,0.1,-0.003268399,-0.009032687,752.0,1.0,61866,10,0.2,1.0,0.1,0,9,0.05
32,32,0.0,-2.066537,-1.1714275,-0.8310575,-0.67565495,-0.7248755,-0.79312307,-0.7176704,-0.55032057,-0.060942043,0.0,0.5,0.16666669,0.16666669,-0.16666664,0.5,-0.16666664,-0.5,0.5,-0.16666664,0.1,-0.0025193475,-0.009032676,879.0,1.0,61866,10,0.2,1.0,0.1,0,9,0.05
33,33,0.0,-2.0665262,-1.17126,-0.8309907,-0.67565465,-0.7248931,-0.7931426,-0.71765095,-0.5503068,-0.06094015,0.0,-0.16666664,0.5,-0.5,-0.16666664,0.5,-0.5,-0.5,0.5,-0.16666664,0.1,-0.0027522875,-0.009032685,801.0,1.0,61866,10,0.2,1.0,0.1,0,9,0.05
34,34,0.0,-2.0666392,-1.1714318,-0.8310545,-0.67565876,-0.72488827,-0.79308003,-0.71768695,-0.55032676,-0.06094226,0.0,-0.5,-0.16666664,-0.16666664,-0.16666664,0.16666669,0.5,-0.16666664,-0.5,0.5,0.1,-0.0035526005,-0.009032693,742.0,1.0,61866,10,0.2,1.0,0.1,0,9,0.05
35,35,0.0,-2.0664234,-1.1711663,-0.8309259,-0.67563903,-0.7249028,-0.79318273,-0.71757513,-0.55030614,-0.060934674,0.0,0.16666669,0.16666669,-0.5,0.16666669,0.16666669,0.16666669,0.5,-0.16666664,-0.16666664,0.1,-0.0021953878,-0.009032693,487.0,1.0,61866,10,0.2,1.0,0.1,0,9,0.05
36,36,0.0,-2.0665517,-1.171312,-0.83098185,-0.6756411,-0.7248862,-0.7931798,-0.71760345,-0.5503211,-0.060939167,0.0,-0.16666664,-0.16666664,0.5,0.5,0.5,-0.5,0.5,0.16666669,-0.5,0.1,-0.0017164072,-0.009032691,637.0,1.0,61866,10,0.2,1.0,0.1,0,9,0.05
37,37,0.0,-2.066679,-1.1715616,-0.83111686,-0.6756627,-0.72485685,-0.793142,-0.7176748,-0.55034226,-0.060946237,0.0,0.16666669,-0.5,-0.5,0.5,-0.5,0.5,0.5,0.5,0.5,0.1,-0.004010079,-0.009032686,1252.0,1.0,61866,10,0.2,1.0,0.1,0,9,0.05
38,38,0.0,-2.0666308,-1.1715326,-0.8311025,-0.675656,-0.72485685,-0.7931504,-0.7176663,-0.5503355,-0.06094505,0.0,0.5,-0.16666664,-0.16666664,-0.16666664,0.5,0.16666669,0.5,0.5,0.5,0.1,-0.0044609006,-0.009032683,801.0,1.0,61866,10,0.2,1.0,0.1,0,9,0.05
39,39,0.0,-0.3084529,-0.7319028,-0.6384772,-0.831598,-0.8196168,-0.6249444,4.0001082,-0.5456334,-0.30672967,0.0,0.16666669,0.5,0.5,0.16666669,-0.16666664,-0.5,0.5,-0.5,-0.5,0.1,-0.0023308855,-0.006866148,358.0,1.0,61866,10,0.2,1.0,0.1,0,9,0.05
40,40,0.0,-2.0666144,-1.1714802,-0.83107644,-0.6756535,-0.7248626,-0.79315066,-0.71765953,-0.55032754,-0.060943477,0.0,0.16666669,-0.5,-0.16666664,-0.16666664,0.16666669,-0.16666664,0.16666669,0.16666669,0.16666669,0.1,-0.0054291394,-0.00903269,677.0,1.0,61866,10,0.2,1.0,0.1,0,9,0.05
41,41,0.0,-2.0661528,-1.170388,-0.8302364,-0.6755898,-0.72514,-0.79301554,-0.7175658,-0.5502254,-0.060916148,0.0,-0.16666664,-0.5,0.5,0.16666669,-0.5,0.5,0.16666669,0.5,-0.16666664,0.1,-0.0016308831,-0.009032684,557.0,1.0,61866,10,0.2,1.0,0.1,0,9,0.05
42,42,0.0,-2.1355577,-1.1428556,-0.77894676,-0.5988131,-0.5007154,4.000165,-0.445716,-0.4739574,-0.07351415,0.0,-0.5,-0.5,-0.5,0.16666669,-0.5,0.5,-0.5,0.16666669,-0.16666664,0.1,-0.002517368,-0.008494321,784.0,1.0,61866,10,0.2,1.0,0.1,0,9,0.05
43,43,0.0,-2.0666478,-1.1714115,-0.83104736,-0.6756517,-0.7248745,-0.7931442,-0.71766514,-0.5503192,-0.060943358,0.0,0.16666669,0.16666669,0.16666669,-0.5,0.16666669,-0.5,0.5,0.5,-0.16666664,0.1,-0.00176946,-0.009032686,778.0,1.0,61866,10,0.2,1.0,0.1,0,9,0.05
44,44,0.0,-1.9736406,-0.7572078,4.0030837,-0.62520856,-0.48601693,-0.4066749,3.2896721,-0.32502145,-0.06943401,0.0,-0.5,-0.16666664,0.5,-0.5,-0.5,-0.5,0.5,-0.5,0.16666669,0.1,-0.0033603811,-0.007594099,496.0,1.0,61866,10,0.2,1.0,0.1,0,9,0.05
45,45,0.0,-2.0665739,-1.1712786,-0.8309593,-0.67564094,-0.7248998,-0.7931557,-0.7175948,-0.5503243,-0.06093774,0.0,0.5,0.16666669,0.16666669,0.16666669,-0.16666664,0.5,0.5,0.16666669,-0.5,0.1,-0.0014202825,-0.009032681,620.0,1.0,61866,10,0.2,1.0,0.1,0,9,0.05
46,46,0.0,-2.0665436,-1.1714154,-0.83101743,-0.67564946,-0.7248877,-0.7931132,-0.7176712,-0.55030686,-0.060940575,0.0,0.5,-0.16666664,0.16666669,0.16666669,0.5,-0.16666664,-0.5,0.5,-0.16666664,0.1,-0.0024756195,-0.009032688,608.0,1.0,61866,10,0.2,1.0,0.1,0,9,0.05
47,47,0.0,-2.0660098,-1.1697041,-0.82961744,-0.67552215,-0.7253,-0.7931147,-0.7174246,-0.550161,-0.06090367,0.0,-0.16666664,0.16666669,0.5,-0.16666664,0.16666669,-0.16666664,0.16666669,0.16666669,-0.16666664,0.1,-0.0027650548,-0.009032679,665.0,1.0,61866,10,0.2,1.0,0.1,0,9,0.05
48,48,0.0,-2.066345,-1.1709288,-0.83084536,-0.67564815,-0.72495216,-0.7931289,-0.7176191,-0.55029166,-0.060934175,0.0,0.16666669,0.16666669,-0.16666664,0.16666669,0.5,0.16666669,-0.5,-0.5,0.5,0.1,-0.0034213809,-0.009032681,702.0,1.0,61866,10,0.2,1.0,0.1,0,9,0.05
49,49,0.0,-2.071482,-1.172086,-0.8311282,-0.6756859,-0.7250979,-0.7922058,-0.71813846,-0.5504899,-0.06097686,0.0,0.5,0.5,-0.16666664,0.16666669,-0.5,0.16666669,0.5,0.16666669,-0.5,0.1,-0.0015707335,-0.009032688,541.0,1.0,61866,10,0.2,1.0,0.1,0,9,0.05
50,50,0.0,-0.47174615,4.001736,-0.20758016,3.4922168,-0.24263008,2.9519753,-0.32444075,-0.45050222,-0.051666595,0.0,-0.16666664,0.5,-0.5,0.5,-0.16666664,0.5,-0.16666664,-0.5,-0.5,0.1,-0.00255675,-0.0072528147,405.0,1.0,61866,10,0.2,1.0,0.1,0,9,0.05
51,51,0.0,-2.066336,-1.1710604,-0.83080155,-0.6756353,-0.72495663,-0.79312164,-0.71761495,-0.55029607,-0.060933918,0.0,-0.5,0.5,0.5,-0.5,0.5,0.5,0.5,-0.16666664,-0.5,0.1,-0.0016461546,-0.009032684,730.0,1.0,61866,10,0.2,1.0,0.1,0,9,0.05
52,52,0.0,-2.06662,-1.1714916,-0.83108735,-0.675661,-0.7248611,-0.7931519,-0.71765983,-0.5503364,-0.060944546,0.0,-0.16666664,-0.5,-0.5,0.16666669,0.16666669,-0.16666664,0.16666669,-0.5,0.16666669,0.1,-0.004470591,-0.009032688,1031.0,1.0,61866,10,0.2,1.0,0.1,0,9,0.05
53,53,0.0,-2.066339,-1.1711756,-0.83092886,-0.6756538,-0.7249334,-0.7930785,-0.71764123,-0.5503066,-0.060934536,0.0,0.16666669,-0.5,0.16666669,0.16666669,0.5,0.16666669,-0.5,0.16666669,-0.5,0.1,-0.001990611,-0.009032685,571.0,1.0,61866,10,0.2,1.0,0.1,0,9,0.05
54,54,0.0,-2.0667524,-1.1715529,-0.8311071,-0.6756628,-0.7248577,-0.79315203,-0.7176726,-0.55033904,-0.06094708,0.0,0.5,-0.16666664,0.16666669,0.5,0.16666669,-0.5,-0.16666664,0.5,0.5,0.1,-0.0042670052,-0.009032683,794.0,1.0,61866,10,0.2,1.0,0.1,0,9,0.05
55,55,0.0,-2.0741897,-1.1705695,-0.8303447,-0.6755256,-0.7251636,-0.7932195,-0.7176885,-0.55044013,-0.06100593,0.0,-0.16666664,0.16666669,-0.5,0.5,-0.5,0.5,-0.16666664,-0.5,-0.5,0.1,-0.002330906,-0.009032689,1521.0,1.0,61866,10,0.2,1.0,0.1,0,9,0.05
56,56,0.0,-2.0664608,-1.1708176,-0.8304949,-0.675594,-0.72511363,-0.7930821,-0.7175701,-0.5502791,-0.060929924,0.0,-0.16666664,0.16666669,0.16666669,-0.16666664,0.5,0.16666669,0.16666669,-0.16666664,-0.16666664,0.1,-0.0030451834,-0.009032687,531.0,1.0,61866,10,0.2,1.0,0.1,0,9,0.05
57,57,0.0,-2.066412,-1.1712787,-0.8309653,-0.6756557,-0.7248875,-0.7931548,-0.71763057,-0.5502736,-0.060936037,0.0,0.16666669,0.16666669,0.16666669,0.16666669,-0.16666664,-0.5,-0.5,0.5,-0.5,0.1,-0.0022813664,-0.009032685,424.0,1.0,61866,10,0.2,1.0,0.1,0,9,0.05
58,58,0.0,-2.0664914,-1.1713724,-0.83103496,-0.67565495,-0.7248832,-0.7931281,-0.7176648,-0.55031997,-0.06094144,0.0,-0.5,0.5,0.16666669,-0.16666664,0.16666669,0.16666669,-0.5,0.5,0.16666669,0.1,-0.0026990182,-0.009032681,996.0,1.0,61866,10,0.2,1.0,0.1,0,9,0.05
59,59,0.0,-2.0665963,-1.1714238,-0.8310547,-0.67565536,-0.724876,-0.7931436,-0.7176634,-0.55033094,-0.060944386,0.0,0.5,0.16666669,0.16666669,0.5,0.5,-0.5,-0.5,-0.5,-0.16666664,0.1,-0.0027311589,-0.009032691,1570.0,1.0,61866,10,0.2,1.0,0.1,0,9,0.05
60,60,0.0,-2.0665166,-1.1713288,-0.8309403,-0.67564213,-0.72490764,-0.79312927,-0.71764666,-0.5503109,-0.060939107,0.0,-0.16666664,-0.16666664,0.5,-0.5,0.5,0.5,-0.5,0.5,-0.5,0.1,-0.0019181969,-0.009032683,762.0,1.0,61866,10,0.2,1.0,0.1,0,9,0.05
61,61,0.0,-2.0667233,-1.1715784,-0.8311198,-0.6756579,-0.72485673,-0.79314,-0.7176792,-0.55034316,-0.06094681,0.0,0.5,-0.5,-0.5,-0.5,0.5,0.5,-0.5,0.5,0.16666669,0.1,-0.0027388025,-0.009032682,1198.0,1.0,61866,10,0.2,1.0,0.1,0,9,0.05
62,62,0.0,-1.8380831,-0.31814522,4.002147,-0.49318334,-0.4343471,3.6758008,-0.40988693,-0.4610531,-0.076893605,0.0,-0.5,0.16666669,0.5,0.16666669,-0.5,0.5,-0.16666664,0.16666669,-0.5,0.1,-0.0016545935,-0.007966539,799.0,1.0,61866,10,0.2,1.0,0.1,0,9,0.05
63,63,0.0,-0.85950625,4.001302,-0.75987273,-0.60681814,-0.66098624,-0.774195,-0.71750706,-0.5605234,-0.066754974,0.0,-0.5,0.5,-0.5,-0.16666664,-0.16666664,-0.5,-0.5,0.16666669,-0.16666664,0.1,-0.0029551631,-0.0085944785,950.0,1.0,61866,10,0.2,1.0,0.1,0,9,0.05
64,64,0.0,-2.0665312,-1.1712197,-0.83095163,-0.67566764,-0.72491217,-0.793109,-0.71765167,-0.55031604,-0.06093991,0.0,-0.16666664,-0.5,-0.5,0.5,0.5,0.16666669,-0.16666664,-0.16666664,0.5,0.1,-0.003564473,-0.009032684,547.0,1.0,61866,10,0.2,1.0,0.1,0,9,0.05
65,65,0.0,-2.0664468,-1.1711528,-0.8309069,-0.67564726,-0.72492266,-0.7931295,-0.71763694,-0.55030864,-0.060937904,0.0,-0.5,-0.16666664,0.5,0.16666669,0.5,0.16666669,0.16666669,-0.16666664,0.16666669,0.1,-0.003401861,-0.009032688,865.0,1.0,61866,10,0.2,1.0,0.1,0,9,0.05
66,66,0.0,-2.0666246,-1.1713358,-0.83100003,-0.6756481,-0.72488844,-0.79315126,-0.7176484,-0.55031973,-0.06094183,0.0,-0.16666664,-0.16666664,0.16666669,-0.5,0.5,-0.5,-0.5,-0.5,0.5,0.1,-0.0038515322,-0.009032684,640.0,1.0,61866,10,0.2,1.0,0.1,0,9,0.05
67,67,0.0,-2.0665078,-1.1713883,-0.831044,-0.6756551,-0.7248793,-0.79312766,-0.71766424,-0.5503212,-0.060941547,0.0,-0.5,-0.16666664,-0.16666664,-0.16666664,0.16666669,0.16666669,-0.5,-0.5,0.5,0.1,-0.00473671,-0.009032683,786.0,1.0,61866,10,0.2,1.0,0.1,0,9,0.05
68,68,0.0,-2.066747,-1.1715316,-0.8310606,-0.6756497,-0.72487533,-0.793132,-0.71767473,-0.5503394,-0.060946155,0.0,0.16666669,-0.5,0.5,-0.5,-0.16666664,0.16666669,-0.16666664,-0.16666664,0.16666669,0.1,-0.0041321055,-0.009032684,1115.0,1.0,61866,10,0.2,1.0,0.1,0,9,0.05
69,69,0.0,-1.8217118,-0.6635165,-0.40664387,4.0002713,-0.5328539,-0.6906281,-0.6599528,-0.50034696,-0.07491576,0.0,-0.16666664,0.16666669,-0.16666664,0.5,-0.16666664,0.16666669,-0.16666664,-0.16666664,-0.16666664,0.1,-0.0032435374,-0.008644691,1265.0,1.0,61866,10,0.2,1.0,0.1,0,9,0.05
70,70,0.0,-2.0666466,-1.1714594,-0.8310649,-0.67565715,-0.72488296,-0.79309154,-0.7176825,-0.5503318,-0.06094305,0.0,0.5,0.16666669,0.5,-0.16666664,0.5,0.5,0.16666669,0.16666669,0.5,0.1,-0.004469981,-0.0090326825,699.0,1.0,61866,10,0.2,1.0,0.1,0,9,0.05
71,71,0.0,-2.066651,-1.1714361,-0.83106065,-0.67565393,-0.724874,-0.7931421,-0.71765566,-0.5503332,-0.060943782,0.0,-0.5,0.16666669,-0.16666664,0.5,-0.5,0.5,0.5,-0.5,0.5,0.1,-0.0034671237,-0.009032694,964.0,1.0,61866,10,0.2,1.0,0.1,0,9,0.05
72,72,0.0,-2.0713768,-1.1699408,-0.83002734,-0.67552817,-0.725319,-0.79303336,-0.7176356,-0.55031693,-0.060964946,0.0,-0.5,0.5,-0.16666664,-0.16666664,0.16666669,0.16666669,0.16666669,0.5,-0.5,0.1,-0.0010650794,-0.009032685,562.0,1.0,61866,10,0.2,1.0,0.1,0,9,0.05
73,73,0.0,-2.066427,-1.1713314,-0.8310048,-0.6756505,-0.7248779,-0.7931797,-0.71760815,-0.5503115,-0.06093854,0.0,0.16666669,0.16666669,0.16666669,-0.16666664,-0.5,-0.5,-0.16666664,0.16666669,-0.5,0.1,-0.0017822505,-0.009032683,623.0,1.0,61866,10,0.2,1.0,0.1,0,9,0.05
74,74,0.0,-2.0665655,-1.1712617,-0.83091944,-0.6756402,-0.72492206,-0.7931019,-0.7176486,-0.5503001,-0.060937297,0.0,0.5,-0.16666664,0.16666669,-0.5,-0.16666664,0.5,0.5,0.5,0.16666669,0.1,-0.0027739669,-0.009032694,536.0,1.0,61866,10,0.2,1.0,0.1,0,9,0.05
75,75,0.0,-2.0665371,-1.1713568,-0.83102006,-0.6756674,-0.72488475,-0.79312265,-0.7176589,-0.55032635,-0.06094156,0.0,-0.16666664,-0.5,-0.16666664,0.16666669,0.16666669,-0.16666664,-0.16666664,-0.16666664,0.16666669,0.1,-0.00515034,-0.0090326825,647.0,1.0,61866,10,0.2,1.0,0.1,0,9,0.05
76,76,0.0,-2.0662065,-1.170934,-0.8308677,-0.67570627,-0.7249391,-0.7930399,-0.7176497,-0.5502933,-0.060930572,0.0,0.16666669,0.5,-0.5,0.16666669,0.16666669,0.5,-0.16666664,0.16666669,-0.5,0.1,-0.001502593,-0.009032688,451.0,1.0,61866,10,0.2,1.0,0.1,0,9,0.05
77,77,0.0,-2.0689573,-1.1697868,-0.83018494,-0.6755818,-0.725169,-0.79314774,-0.7175602,-0.55027086,-0.06094282,0.0,0.16666669,0.5,0.16666669,0.5,-0.16666664,-0.5,-0.5,0.16666669,-0.16666664,0.1,-0.0024327121,-0.009032693,885.0,1.0,61866,10,0.2,1.0,0.1,0,9,0.05
78,78,0.0,-2.0667028,-1.171577,-0.83112085,-0.6756572,-0.7248467,-0.7931518,-0.7176715,-0.5503413,-0.060946304,0.0,0.5,-0.5,-0.16666664,0.16666669,0.5,0.16666669,-0.16666664,-0.5,0.5,0.1,-0.0039013976,-0.009032688,883.0,1.0,61866,10,0.2,1.0,0.1,0,9,0.05
79,79,0.0,-2.066036,-1.1706685,-0.8307402,-0.6756622,-0.72500795,-0.79293084,-0.71766186,-0.5502563,-0.060920574,0.0,0.16666669,0.16666669,-0.16666664,0.5,-0.5,0.5,0.16666669,0.5,-0.16666664,0.1,-0.0017514132,-0.009032686,509.0,1.0,61866,10,0.2,1.0,0.1,0,9,0.05
80,80,0.0,-1.3586512,-0.6113233,-0.3796819,4.0038476,3.3166718,-0.4457744,-0.58486646,-0.4774865,-0.06636143,0.0,0.16666669,-0.5,-0.5,0.5,0.5,-0.16666664,0.16666669,-0.5,-0.5,0.1,-0.002326856,-0.007863225,354.0,1.0,61866,10,0.2,1.0,0.1,0,9,0.05
81,81,0.0,-2.0663786,-1.1710483,-0.8308458,-0.6756634,-0.7249985,-0.7928323,-0.71773607,-0.55027777,-0.060927477,0.0,-0.5,-0.5,-0.16666664,-0.16666664,-0.5,0.16666669,-0.5,-0.16666664,0.5,0.1,-0.0053904485,-0.009032691,398.0,1.0,61866,10,0.2,1.0,0.1,0,9,0.05
82,82,0.0,-2.066773,-1.1715696,-0.8311192,-0.6756701,-0.7248547,-0.79314524,-0.71768177,-0.55034226,-0.060948078,0.0,0.5,-0.5,-0.16666664,0.5,0.16666669,0.16666669,-0.5,0.16666669,0.5,0.1,-0.004820523,-0.009032688,866.0,1.0,61866,10,0.2,1.0,0.1,0,9,0.05
83,83,0.0,-2.066734,-1.171546,-0.83110535,-0.6756605,-0.72487664,-0.79306364,-0.7177016,-0.55034333,-0.060944162,0.0,0.5,-0.16666664,-0.16666664,-0.16666664,0.16666669,0.5,-0.5,-0.5,0.5,0.1,-0.0039858515,-0.009032683,902.0,1.0,61866,10,0.2,1.0,0.1,0,9,0.05
84,84,0.0,-2.0667093,-1.1715046,-0.83108765,-0.6756605,-0.7248793,-0.7930692,-0.7176977,-0.550333,-0.06094322,0.0,-0.16666664,-0.5,-0.16666664,-0.16666664,0.5,0.16666669,-0.16666664,0.5,-0.16666664,0.1,-0.0019910585,-0.009032683,814.0,1.0,61866,10,0.2,1.0,0.1,0,9,0.05
85,85,0.0,-2.0666451,-1.1715009,-0.83107954,-0.67564815,-0.72485906,-0.79317254,-0.7176385,-0.55033714,-0.06094389,0.0,0.5,-0.16666664,0.5,0.16666669,0.5,-0.5,0.5,0.16666669,0.16666669,0.1,-0.0034284778,-0.00903268,711.0,1.0,61866,10,0.2,1.0,0.1,0,9,0.05
86,86,0.0,-2.0662158,-1.1707399,-0.8306258,-0.67562723,-0.72500044,-0.7931285,-0.71758115,-0.55027366,-0.060927957,0.0,-0.16666664,0.5,0.5,-0.16666664,-0.5,0.16666669,0.16666669,-0.16666664,0.16666669,0.1,-0.0036062791,-0.009032685,761.0,1.0,61866,10,0.2,1.0,0.1,0,9,0.05
87,87,0.0,-2.0665255,-1.1714042,-0.83104724,-0.67565835,-0.7248803,-0.7931204,-0.71767396,-0.5503147,-0.060941912,0.0,-0.5,-0.5,0.16666669,0.16666669,0.16666669,0.16666669,-0.5,0.5,0.16666669,0.1,-0.0029175929,-0.00903269,834.0,1.0,61866,10,0.2,1.0,0.1,0,9,0.05
88,88,0.0,-2.066634,-1.1714863,-0.8310878,-0.6756637,-0.7248685,-0.7931282,-0.7176768,-0.5503342,-0.060944926,0.0,0.16666669,-0.16666664,-0.5,0.5,-0.5,0.5,-0.16666664,0.5,0.5,0.1,-0.004250905,-0.009032684,1081.0,1.0,61866,10,0.2,1.0,0.1,0,9,0.05
89,89,0.0,-2.0665984,-1.1714724,-0.8310743,-0.675657,-0.72487396,-0.7931153,-0.7176787,-0.5503255,-0.060942955,0.0,0.16666669,-0.16666664,0.16666669,0.16666669,-0.16666664,0.16666669,-0.5,0.16666669,-0.16666664,0.1,-0.003251791,-0.009032688,838.0,1.0,61866,10,0.2,1.0,0.1,0,9,0.05
90,90,0.0,-2.0666332,-1.1714207,-0.8310295,-0.67565507,-0.7248807,-0.79314536,-0.7176619,-0.5503237,-0.060944058,0.0,0.16666669,-0.16666664,0.5,0.5,-0.16666664,-0.5,-0.5,0.16666669,0.16666669,0.1,-0.0033012417,-0.009032683,883.0,1.0,61866,10,0.2,1.0,0.1,0,9,0.05
91,91,0.0,-2.066303,-1.171021,-0.83089674,-0.6756521,-0.72492623,-0.7931258,-0.71763617,-0.5502919,-0.06093504,0.0,-0.16666664,0.5,-0.16666664,0.16666669,-0.16666664,0.16666669,-0.5,0.5,0.5,0.1,-0.0044508507,-0.009032682,986.0,1.0,61866,10,0.2,1.0,0.1,0,9,0.05
92,92,0.0,-1.8202115,-0.66367394,-0.40664113,4.000651,-0.5328547,-0.69062436,-0.6599746,-0.50030404,-0.07489911,0.0,-0.5,-0.16666664,0.16666669,0.5,-0.5,0.16666669,-0.5,-0.5,0.16666669,0.1,-0.0037435323,-0.008644704,1461.0,1.0,61866,10,0.2,1.0,0.1,0,9,0.05
93,93,0.0,-2.0666013,-1.1713752,-0.8310396,-0.67565626,-0.72487885,-0.79314613,-0.71765786,-0.55032724,-0.06094307,0.0,-0.5,0.5,-0.16666664,0.5,-0.5,-0.5,-0.16666664,0.5,0.5,0.1,-0.0039441544,-0.009032686,1062.0,1.0,61866,10,0.2,1.0,0.1,0,9,0.05
94,94,0.0,-2.0666142,-1.1714301,-0.8310472,-0.67565763,-0.724876,-0.7931453,-0.7176567,-0.55033135,-0.060943674,0.0,0.16666669,0.5,0.16666669,0.5,0.16666669,-0.16666664,0.16666669,-0.16666664,-0.16666664,0.1,-0.003064043,-0.009032687,1065.0,1.0,61866,10,0.2,1.0,0.1,0,9,0.05
95,95,0.0,-2.0664482,-1.1713307,-0.83102053,-0.67565835,-0.7248957,-0.79308486,-0.7176612,-0.5503211,-0.060938284,0.0,0.16666669,-0.16666664,0.16666669,0.16666669,-0.5,0.5,0.5,0.5,0.5,0.1,-0.004604488,-0.009032681,573.0,1.0,61866,10,0.2,1.0,0.1,0,9,0.05
96,96,0.0,-2.06645,-1.1705694,-0.83022696,-0.6755356,-0.72546345,-0.7929148,-0.7175955,-0.55024076,-0.060931213,0.0,0.5,-0.5,0.16666669,-0.5,-0.16666664,0.16666669,-0.5,0.5,-0.5,0.1,-0.0020551824,-0.009032686,482.0,1.0,61866,10,0.2,1.0,0.1,0,9,0.05
97,97,0.0,-2.066482,-1.1710687,-0.8307438,-0.67562103,-0.72496146,-0.793162,-0.71757543,-0.550296,-0.060933735,0.0,-0.16666664,-0.5,0.5,0.5,0.5,-0.5,0.5,-0.16666664,-0.5,0.1,-0.0017917687,-0.009032693,627.0,1.0,61866,10,0.2,1.0,0.1,0,9,0.05
98,98,0.0,-2.0659435,-1.170281,-0.8303803,-0.67561454,-0.72511494,-0.7930479,-0.71751416,-0.55024713,-0.060914163,0.0,-0.16666664,-0.5,-0.16666664,0.5,0.5,0.16666669,0.16666669,-0.16666664,-0.16666664,0.1,-0.0030778067,-0.0090326825,505.0,1.0,61866,10,0.2,1.0,0.1,0,9,0.05
99,99,0.0,-2.0666826,-1.1715717,-0.8311165,-0.6756569,-0.72485787,-0.79314715,-0.7176755,-0.55034286,-0.060946945,0.0,0.5,-0.5,0.16666669,0.16666669,-0.5,-0.5,-0.5,0.16666669,0.5,0.1,-0.0054162247,-0.009032679,1421.0,1.0,61866,10,0.2,1.0,0.1,0,9,0.05
