,Unnamed: 0.1,Unnamed: 0,e1,e2,e3,e0_1,e0_2,e0_3,power,eta0,eta,count,seed,N,J1,J2,gleak,ex,lk,rate,success
0,0,0,0.0,-0.29219925,-0.017315026,0.0,0.33333337,0.025641054,-1.0,-0.011882054,-0.02985776,5203.0,73105,3,0.2,0.1,0.1,0,2,0.5,True
1,1,1,0.0,4.489451,0.014573643,0.0,0.8974359,-0.8974359,-1.0,-0.0022902086,-0.023542285,100001.0,73105,3,0.2,0.1,0.1,0,2,0.5,False
2,2,2,0.0,-0.29219925,-0.017315026,0.0,-0.07692304,-0.53846157,-1.0,-0.011960986,-0.02985776,4000.0,73105,3,0.2,0.1,0.1,0,2,0.5,True
3,3,3,0.0,4.505969,0.014573544,0.0,0.84615386,-0.6923077,-1.0,-0.0030920962,-0.023547044,100001.0,73105,3,0.2,0.1,0.1,0,2,0.5,False
4,4,4,0.0,-0.29219925,-0.017315026,0.0,0.12820515,1.0,-1.0,-0.008366196,-0.02985776,5964.0,73105,3,0.2,0.1,0.1,0,2,0.5,True
5,5,5,0.0,-0.29219925,-0.017315026,0.0,0.1794872,0.74358976,-1.0,-0.013197091,-0.02985776,5639.0,73105,3,0.2,0.1,0.1,0,2,0.5,True
6,6,6,0.0,4.5163403,0.014573478,0.0,0.64102566,0.12820515,-1.0,-0.011879211,-0.023550004,100001.0,73105,3,0.2,0.1,0.1,0,2,0.5,False
7,7,7,0.0,-0.29219925,-0.017315026,0.0,-0.07692304,-0.2820513,-1.0,-0.0207324,-0.02985776,4670.0,73105,3,0.2,0.1,0.1,0,2,0.5,True
8,8,8,0.0,-0.29226035,-0.017311515,0.0,-1.0,-0.23076925,-1.0,-0.021842986,-0.02985777,9861.0,73105,3,0.2,0.1,0.1,0,2,0.5,True
9,9,9,0.0,-0.29219925,-0.017315026,0.0,0.6923077,0.84615386,-1.0,-0.008989807,-0.02985776,6264.0,73105,3,0.2,0.1,0.1,0,2,0.5,True
10,10,10,0.0,-0.29219925,-0.017315026,0.0,0.53846157,0.5897436,-1.0,-0.011468839,-0.02985776,5776.0,73105,3,0.2,0.1,0.1,0,2,0.5,True
11,11,11,0.0,4.522234,0.014573442,0.0,1.0,-0.4871795,-1.0,-0.004413687,-0.023551673,100001.0,73105,3,0.2,0.1,0.1,0,2,0.5,False
12,12,12,0.0,-0.29219925,-0.017315026,0.0,-0.07692304,-0.23076925,-1.0,-0.022892049,-0.02985776,4731.0,73105,3,0.2,0.1,0.1,0,2,0.5,True
13,13,13,0.0,-0.29226035,-0.017311515,0.0,-0.8974359,-0.7948718,-1.0,-0.012665636,-0.02985777,5884.0,73105,3,0.2,0.1,0.1,0,2,0.5,True
14,14,14,0.0,-0.29226035,-0.017311515,0.0,-0.74358976,-0.025640994,-1.0,-0.028654233,-0.02985777,7812.0,73105,3,0.2,0.1,0.1,0,2,0.5,True
15,15,15,0.0,-0.29219925,-0.017315026,0.0,0.38461542,-0.74358976,-1.0,-0.0038940937,-0.02985776,5432.0,73105,3,0.2,0.1,0.1,0,2,0.5,True
16,16,16,0.0,4.516512,0.01457348,0.0,0.64102566,0.025641054,-1.0,-0.014212537,-0.023550037,100001.0,73105,3,0.2,0.1,0.1,0,2,0.5,False
17,17,17,0.0,-0.29219925,-0.017315026,0.0,0.1794872,-0.64102566,-1.0,-0.005891266,-0.02985776,4701.0,73105,3,0.2,0.1,0.1,0,2,0.5,True
18,18,18,0.0,-0.29219925,-0.017315026,0.0,-0.025640994,0.94871795,-1.0,-0.007961158,-0.02985776,5815.0,73105,3,0.2,0.1,0.1,0,2,0.5,True
19,19,19,0.0,-0.29226035,-0.017311515,0.0,-0.3846154,-0.3846154,-1.0,-0.024204044,-0.02985777,4308.0,73105,3,0.2,0.1,0.1,0,2,0.5,True
20,20,20,0.0,-0.29226035,-0.017311515,0.0,-0.6923077,-0.43589744,-1.0,-0.019905237,-0.02985777,6314.0,73105,3,0.2,0.1,0.1,0,2,0.5,True
21,21,21,0.0,-0.29219925,-0.017315026,0.0,0.33333337,-0.53846157,-1.0,-0.0054393816,-0.02985776,5211.0,73105,3,0.2,0.1,0.1,0,2,0.5,True
22,22,22,0.0,-0.29226035,-0.017311515,0.0,-0.33333334,0.28205132,-1.0,-0.02255525,-0.02985777,3734.0,73105,3,0.2,0.1,0.1,0,2,0.5,True
23,23,23,0.0,-0.29226035,-0.017311515,0.0,-0.43589744,0.5897436,-1.0,-0.011031087,-0.02985777,4557.0,73105,3,0.2,0.1,0.1,0,2,0.5,True
24,24,24,0.0,-0.29219925,-0.017315026,0.0,0.48717952,0.6923077,-1.0,-0.012203786,-0.02985776,5824.0,73105,3,0.2,0.1,0.1,0,2,0.5,True
25,25,25,0.0,-0.29226035,-0.017311515,0.0,-0.7948718,0.8974359,-1.0,-0.0048374534,-0.02985777,7825.0,73105,3,0.2,0.1,0.1,0,2,0.5,True
26,26,26,0.0,-0.29219925,-0.017315026,0.0,0.64102566,0.33333337,-1.0,-0.009282189,-0.02985776,5766.0,73105,3,0.2,0.1,0.1,0,2,0.5,True
27,27,27,0.0,-0.29219925,-0.017315026,0.0,0.025641054,0.025641054,-1.0,-0.02577639,-0.02985776,5000.0,73105,3,0.2,0.1,0.1,0,2,0.5,True
28,28,28,0.0,-0.29219925,-0.017315026,0.0,-0.23076925,0.74358976,-1.0,-0.009535203,-0.02985776,5405.0,73105,3,0.2,0.1,0.1,0,2,0.5,True
29,29,29,0.0,-0.29219925,-0.017315026,0.0,-0.2820513,1.0,-1.0,-0.005789582,-0.02985776,5847.0,73105,3,0.2,0.1,0.1,0,2,0.5,True
30,30,30,0.0,-0.29219925,-0.017315026,0.0,0.0769231,0.74358976,-1.0,-0.01245511,-0.02985776,5580.0,73105,3,0.2,0.1,0.1,0,2,0.5,True
31,31,31,0.0,-0.29219925,-0.017315026,0.0,-0.23076925,-0.3846154,-1.0,-0.022176567,-0.02985776,3837.0,73105,3,0.2,0.1,0.1,0,2,0.5,True
32,32,32,0.0,-0.29226035,-0.017311515,0.0,-0.6923077,0.12820515,-1.0,-0.02662307,-0.02985777,7438.0,73105,3,0.2,0.1,0.1,0,2,0.5,True
33,33,33,0.0,4.519936,0.014573447,0.0,0.7948718,0.025641054,-1.0,-0.016208014,-0.023551024,100001.0,73105,3,0.2,0.1,0.1,0,2,0.5,False
34,34,34,0.0,4.5097713,0.014573519,0.0,0.43589747,-0.23076925,-1.0,-0.008000623,-0.023548134,100001.0,73105,3,0.2,0.1,0.1,0,2,0.5,False
35,35,35,0.0,-0.29226035,-0.017311515,0.0,-0.4871795,0.38461542,-1.0,-0.016958639,-0.02985777,5786.0,73105,3,0.2,0.1,0.1,0,2,0.5,True
36,36,36,0.0,4.4952455,0.01457361,0.0,0.7948718,-0.7948718,-1.0,-0.0027268792,-0.02354396,100001.0,73105,3,0.2,0.1,0.1,0,2,0.5,False
37,37,37,0.0,-0.29219925,-0.017315026,0.0,0.94871795,0.53846157,-1.0,-0.0065426948,-0.02985776,6575.0,73105,3,0.2,0.1,0.1,0,2,0.5,True
38,38,38,0.0,4.5263824,0.014573411,0.0,1.0,0.025641054,-1.0,-0.018115696,-0.02355284,100001.0,73105,3,0.2,0.1,0.1,0,2,0.5,False
39,39,39,0.0,4.517118,0.014573475,0.0,0.7948718,0.33333337,-1.0,-0.008395616,-0.023550212,100001.0,73105,3,0.2,0.1,0.1,0,2,0.5,False
40,40,40,0.0,-0.29219925,-0.017315026,0.0,0.23076928,-0.53846157,-1.0,-0.0063038343,-0.02985776,4944.0,73105,3,0.2,0.1,0.1,0,2,0.5,True
41,41,41,0.0,-0.29219925,-0.017315026,0.0,0.64102566,0.94871795,-1.0,-0.009149384,-0.02985776,6343.0,73105,3,0.2,0.1,0.1,0,2,0.5,True
42,42,42,0.0,-0.29226035,-0.017311515,0.0,-0.53846157,0.1794872,-1.0,-0.025362184,-0.02985777,6340.0,73105,3,0.2,0.1,0.1,0,2,0.5,True
43,43,43,0.0,-0.29226035,-0.017311515,0.0,-0.8974359,-0.12820509,-1.0,-0.025942793,-0.02985777,9009.0,73105,3,0.2,0.1,0.1,0,2,0.5,True
44,44,44,0.0,-0.29219925,-0.017315026,0.0,-0.025640994,0.5897436,-1.0,-0.015228196,-0.02985776,5364.0,73105,3,0.2,0.1,0.1,0,2,0.5,True
45,45,45,0.0,-0.29226035,-0.017311515,0.0,-0.6923077,0.84615386,-1.0,-0.005605295,-0.02985777,6944.0,73105,3,0.2,0.1,0.1,0,2,0.5,True
46,46,46,0.0,-0.29226035,-0.017311515,0.0,-0.64102566,0.48717952,-1.0,-0.012313667,-0.02985777,6863.0,73105,3,0.2,0.1,0.1,0,2,0.5,True
47,47,47,0.0,-0.29219925,-0.017315026,0.0,0.025641054,0.5897436,-1.0,-0.015744254,-0.02985776,5394.0,73105,3,0.2,0.1,0.1,0,2,0.5,True
48,48,48,0.0,4.516569,0.014573479,0.0,0.6923077,0.23076928,-1.0,-0.009863846,-0.023550054,100001.0,73105,3,0.2,0.1,0.1,0,2,0.5,False
49,49,49,0.0,-0.29219925,-0.017315026,0.0,0.33333337,0.48717952,-1.0,-0.01592799,-0.02985776,5499.0,73105,3,0.2,0.1,0.1,0,2,0.5,True
50,50,50,0.0,-0.2922603,-0.017311556,0.0,-0.025640994,-0.6923077,-1.0,-0.007939882,-0.029857768,2769.0,73105,3,0.2,0.1,0.1,0,2,0.5,True
51,51,51,0.0,4.522771,0.014573441,0.0,0.8974359,-0.07692304,-1.0,-0.01520295,-0.023551816,100001.0,73105,3,0.2,0.1,0.1,0,2,0.5,False
52,52,52,0.0,-0.29219925,-0.017315026,0.0,-0.2820513,0.74358976,-1.0,-0.00911655,-0.02985776,5352.0,73105,3,0.2,0.1,0.1,0,2,0.5,True
53,53,53,0.0,-0.29219925,-0.017315026,0.0,-0.33333334,0.53846157,-1.0,-0.013262692,-0.02985776,4743.0,73105,3,0.2,0.1,0.1,0,2,0.5,True
54,54,54,0.0,4.5012956,0.014573565,0.0,0.5897436,-0.5897436,-1.0,-0.0040348987,-0.023545694,100001.0,73105,3,0.2,0.1,0.1,0,2,0.5,False
55,55,55,0.0,-0.29226035,-0.017311515,0.0,-0.6923077,0.64102566,-1.0,-0.008427772,-0.02985777,7124.0,73105,3,0.2,0.1,0.1,0,2,0.5,True
56,56,56,0.0,-0.29219925,-0.017315026,0.0,0.0769231,-0.12820509,-1.0,-0.019200783,-0.02985776,4961.0,73105,3,0.2,0.1,0.1,0,2,0.5,True
57,57,57,0.0,4.515244,0.014573486,0.0,0.5897436,0.12820515,-1.0,-0.011501807,-0.023549689,100001.0,73105,3,0.2,0.1,0.1,0,2,0.5,False
58,58,58,0.0,-0.29226035,-0.017311515,0.0,-0.53846157,-0.5897436,-1.0,-0.01900153,-0.02985777,5083.0,73105,3,0.2,0.1,0.1,0,2,0.5,True
59,59,59,0.0,-0.29226035,-0.017311515,0.0,-0.64102566,0.94871795,-1.0,-0.0048368876,-0.02985777,6318.0,73105,3,0.2,0.1,0.1,0,2,0.5,True
60,60,60,0.0,-0.29219925,-0.017315026,0.0,-0.1794872,1.0,-1.0,-0.006335096,-0.02985776,5868.0,73105,3,0.2,0.1,0.1,0,2,0.5,True
61,61,61,0.0,-0.29226035,-0.017311515,0.0,-0.8974359,0.38461542,-1.0,-0.014422667,-0.02985777,8968.0,73105,3,0.2,0.1,0.1,0,2,0.5,True
62,62,62,0.0,-0.29219925,-0.017315026,0.0,0.1794872,-0.12820509,-1.0,-0.013820903,-0.02985776,5027.0,73105,3,0.2,0.1,0.1,0,2,0.5,True
63,63,63,0.0,-0.29219925,-0.017315026,0.0,0.48717952,0.74358976,-1.0,-0.011925486,-0.02985776,5881.0,73105,3,0.2,0.1,0.1,0,2,0.5,True
64,64,64,0.0,-0.29219925,-0.017315026,0.0,0.28205132,0.8974359,-1.0,-0.010837069,-0.02985776,5900.0,73105,3,0.2,0.1,0.1,0,2,0.5,True
65,65,65,0.0,-0.29219925,-0.017315026,0.0,0.94871795,0.74358976,-1.0,-0.006349457,-0.02985776,6638.0,73105,3,0.2,0.1,0.1,0,2,0.5,True
66,66,66,0.0,-0.29226035,-0.017311515,0.0,-0.07692304,-0.7948718,-1.0,-0.0073050717,-0.02985777,4482.0,73105,3,0.2,0.1,0.1,0,2,0.5,True
67,67,67,0.0,4.5131044,0.014573499,0.0,0.7948718,0.38461542,-1.0,-0.00801038,-0.023549048,100001.0,73105,3,0.2,0.1,0.1,0,2,0.5,False
68,68,68,0.0,-0.29219925,-0.017315026,0.0,0.8974359,1.0,-1.0,-0.0067602466,-0.02985776,6884.0,73105,3,0.2,0.1,0.1,0,2,0.5,True
69,69,69,0.0,-0.29219925,-0.017315026,0.0,0.94871795,0.64102566,-1.0,-0.0063735144,-0.02985776,6556.0,73105,3,0.2,0.1,0.1,0,2,0.5,True
70,70,70,0.0,-0.29226032,-0.017311534,0.0,-0.33333334,-0.2820513,-1.0,-0.026602337,-0.029857768,3338.0,73105,3,0.2,0.1,0.1,0,2,0.5,True
71,71,71,0.0,-0.29219925,-0.017315026,0.0,0.38461542,-0.94871795,-1.0,-0.0030369954,-0.02985776,5377.0,73105,3,0.2,0.1,0.1,0,2,0.5,True
72,72,72,0.0,-0.29226035,-0.017311515,0.0,-0.5897436,0.28205132,-1.0,-0.020516386,-0.02985777,6647.0,73105,3,0.2,0.1,0.1,0,2,0.5,True
73,73,73,0.0,-0.29226035,-0.017311515,0.0,-0.84615386,0.6923077,-1.0,-0.006997773,-0.02985777,8360.0,73105,3,0.2,0.1,0.1,0,2,0.5,True
74,74,74,0.0,-0.29219925,-0.017315026,0.0,0.74358976,0.74358976,-1.0,-0.008423697,-0.02985776,6214.0,73105,3,0.2,0.1,0.1,0,2,0.5,True
75,75,75,0.0,-0.29219925,-0.017315026,0.0,0.0769231,0.12820515,-1.0,-0.024227615,-0.02985776,5084.0,73105,3,0.2,0.1,0.1,0,2,0.5,True
76,76,76,0.0,4.509281,0.014573516,0.0,0.84615386,-0.64102566,-1.0,-0.0033518728,-0.02354799,100001.0,73105,3,0.2,0.1,0.1,0,2,0.5,False
77,77,77,0.0,4.519538,0.014573454,0.0,0.8974359,-0.43589744,-1.0,-0.0049656923,-0.023550902,100001.0,73105,3,0.2,0.1,0.1,0,2,0.5,False
78,78,78,0.0,4.520586,0.014573454,0.0,1.0,-0.53846157,-1.0,-0.0039473865,-0.02355121,100001.0,73105,3,0.2,0.1,0.1,0,2,0.5,False
79,79,79,0.0,-0.29226035,-0.017311515,0.0,-0.43589744,-1.0,-1.0,-0.009049828,-0.02985777,5494.0,73105,3,0.2,0.1,0.1,0,2,0.5,True
80,80,80,0.0,-0.29226035,-0.017311515,0.0,-0.8974359,-0.64102566,-1.0,-0.0141898645,-0.02985777,6549.0,73105,3,0.2,0.1,0.1,0,2,0.5,True
81,81,81,0.0,-0.29219925,-0.017315026,0.0,-0.1794872,0.33333337,-1.0,-0.021986792,-0.02985776,4967.0,73105,3,0.2,0.1,0.1,0,2,0.5,True
82,82,82,0.0,-0.29226035,-0.017311515,0.0,-0.6923077,-0.5897436,-1.0,-0.017568005,-0.02985777,5541.0,73105,3,0.2,0.1,0.1,0,2,0.5,True
83,83,83,0.0,-0.29226035,-0.017311515,0.0,-0.53846157,-0.94871795,-1.0,-0.011066519,-0.02985777,5505.0,73105,3,0.2,0.1,0.1,0,2,0.5,True
84,84,84,0.0,-0.29219925,-0.017315026,0.0,-0.07692304,0.48717952,-1.0,-0.017721856,-0.02985776,5236.0,73105,3,0.2,0.1,0.1,0,2,0.5,True
85,85,85,0.0,-0.29219925,-0.017315026,0.0,0.28205132,0.12820515,-1.0,-0.014971492,-0.02985776,5206.0,73105,3,0.2,0.1,0.1,0,2,0.5,True
86,86,86,0.0,4.5197563,0.014573454,0.0,0.84615386,-0.33333334,-1.0,-0.006429984,-0.023550956,100001.0,73105,3,0.2,0.1,0.1,0,2,0.5,False
87,87,87,0.0,-0.29219925,-0.017315026,0.0,0.74358976,1.0,-1.0,-0.008066561,-0.02985776,6586.0,73105,3,0.2,0.1,0.1,0,2,0.5,True
88,88,88,0.0,-0.29226035,-0.017311515,0.0,-0.6923077,0.53846157,-1.0,-0.010628799,-0.02985777,7211.0,73105,3,0.2,0.1,0.1,0,2,0.5,True
89,89,89,0.0,-0.29226035,-0.017311515,0.0,-0.43589744,0.43589747,-1.0,-0.015517443,-0.02985777,5204.0,73105,3,0.2,0.1,0.1,0,2,0.5,True
90,90,90,0.0,-0.29219925,-0.017315026,0.0,-0.12820509,0.5897436,-1.0,-0.014067168,-0.02985776,5295.0,73105,3,0.2,0.1,0.1,0,2,0.5,True
91,91,91,0.0,-0.29219925,-0.017315026,0.0,-0.1794872,0.53846157,-1.0,-0.014933621,-0.02985776,5191.0,73105,3,0.2,0.1,0.1,0,2,0.5,True
92,92,92,0.0,-0.29219925,-0.017315026,0.0,0.38461542,0.8974359,-1.0,-0.010984316,-0.02985776,5981.0,73105,3,0.2,0.1,0.1,0,2,0.5,True
93,93,93,0.0,-0.29226035,-0.017311515,0.0,-0.4871795,-0.025640994,-1.0,-0.029456908,-0.02985777,5985.0,73105,3,0.2,0.1,0.1,0,2,0.5,True
94,94,94,0.0,-0.29226008,-0.017312005,0.0,-0.07692304,-0.64102566,-1.0,-0.009722621,-0.02985776,2336.0,73105,3,0.2,0.1,0.1,0,2,0.5,True
95,95,95,0.0,-0.29219925,-0.017315026,0.0,0.48717952,-0.6923077,-1.0,-0.0037707598,-0.02985776,5868.0,73105,3,0.2,0.1,0.1,0,2,0.5,True
96,96,96,0.0,-0.29226032,-0.017311534,0.0,0.23076928,-0.94871795,-1.0,-0.0036037997,-0.029857768,4050.0,73105,3,0.2,0.1,0.1,0,2,0.5,True
97,97,97,0.0,-0.29219925,-0.017315026,0.0,-0.43589744,0.74358976,-1.0,-0.008051566,-0.02985776,4631.0,73105,3,0.2,0.1,0.1,0,2,0.5,True
98,98,98,0.0,-0.29219925,-0.017315026,0.0,0.64102566,0.38461542,-1.0,-0.00925353,-0.02985776,5769.0,73105,3,0.2,0.1,0.1,0,2,0.5,True
99,99,99,0.0,-0.29226035,-0.017311515,0.0,-0.5897436,0.7948718,-1.0,-0.0065593044,-0.02985777,6043.0,73105,3,0.2,0.1,0.1,0,2,0.5,True
100,100,100,0.0,-0.29219925,-0.017315026,0.0,0.1794872,1.0,-1.0,-0.00870746,-0.02985776,5991.0,73105,3,0.2,0.1,0.1,0,2,0.5,True
101,101,101,0.0,-0.29226032,-0.017311534,0.0,0.1794872,-0.8974359,-1.0,-0.004112493,-0.029857768,3829.0,73105,3,0.2,0.1,0.1,0,2,0.5,True
102,102,102,0.0,-0.29219925,-0.017315026,0.0,-0.12820509,0.64102566,-1.0,-0.0127336485,-0.02985776,5351.0,73105,3,0.2,0.1,0.1,0,2,0.5,True
103,103,103,0.0,-0.29219925,-0.017315026,0.0,0.12820515,-0.43589744,-1.0,-0.009031362,-0.02985776,4810.0,73105,3,0.2,0.1,0.1,0,2,0.5,True
104,104,104,0.0,-0.29219925,-0.017315026,0.0,0.84615386,0.7948718,-1.0,-0.0072938316,-0.02985776,6464.0,73105,3,0.2,0.1,0.1,0,2,0.5,True
105,105,105,0.0,-0.29219925,-0.017315026,0.0,-0.07692304,0.84615386,-1.0,-0.009085223,-0.02985776,5637.0,73105,3,0.2,0.1,0.1,0,2,0.5,True
106,106,106,0.0,4.480485,0.0145736905,0.0,0.84615386,-0.94871795,-1.0,-0.0022002603,-0.023539696,100001.0,73105,3,0.2,0.1,0.1,0,2,0.5,False
107,107,107,0.0,-0.29226035,-0.017311515,0.0,-0.84615386,0.84615386,-1.0,-0.0051674247,-0.02985777,8297.0,73105,3,0.2,0.1,0.1,0,2,0.5,True
108,108,108,0.0,-0.29226035,-0.017311515,0.0,-0.74358976,0.6923077,-1.0,-0.0073545384,-0.02985777,7497.0,73105,3,0.2,0.1,0.1,0,2,0.5,True
109,109,109,0.0,4.4868717,0.014573651,0.0,0.84615386,-0.8974359,-1.0,-0.002339609,-0.023541544,100001.0,73105,3,0.2,0.1,0.1,0,2,0.5,False
110,110,110,0.0,-0.29226035,-0.017311515,0.0,-0.64102566,0.64102566,-1.0,-0.008669581,-0.02985777,6713.0,73105,3,0.2,0.1,0.1,0,2,0.5,True
111,111,111,0.0,-0.29219925,-0.017315026,0.0,0.74358976,0.53846157,-1.0,-0.008198976,-0.02985776,6025.0,73105,3,0.2,0.1,0.1,0,2,0.5,True
112,112,112,0.0,-0.29219925,-0.017315026,0.0,0.23076928,-0.2820513,-1.0,-0.0093351025,-0.02985776,5031.0,73105,3,0.2,0.1,0.1,0,2,0.5,True
113,113,113,0.0,-0.29219958,-0.017314995,0.0,-0.2820513,-0.3846154,-1.0,-0.023328116,-0.02985776,2707.0,73105,3,0.2,0.1,0.1,0,2,0.5,True
114,114,114,0.0,-0.29219925,-0.017315026,0.0,0.23076928,-0.8974359,-1.0,-0.0038436789,-0.02985776,3738.0,73105,3,0.2,0.1,0.1,0,2,0.5,True
115,115,115,0.0,-0.29219925,-0.017315026,0.0,0.23076928,-0.6923077,-1.0,-0.0050523435,-0.02985776,4817.0,73105,3,0.2,0.1,0.1,0,2,0.5,True
116,116,116,0.0,-0.29219925,-0.017315026,0.0,0.12820515,-0.07692304,-1.0,-0.018112218,-0.02985776,5015.0,73105,3,0.2,0.1,0.1,0,2,0.5,True
117,117,117,0.0,-0.29226035,-0.017311515,0.0,-0.53846157,-0.6923077,-1.0,-0.016673276,-0.02985777,5165.0,73105,3,0.2,0.1,0.1,0,2,0.5,True
118,118,118,0.0,-0.29219925,-0.017315026,0.0,0.33333337,-0.8974359,-1.0,-0.0034037281,-0.02985776,5059.0,73105,3,0.2,0.1,0.1,0,2,0.5,True
119,119,119,0.0,-0.29219925,-0.017315026,0.0,0.48717952,0.38461542,-1.0,-0.011791839,-0.02985776,5559.0,73105,3,0.2,0.1,0.1,0,2,0.5,True
120,120,120,0.0,4.521995,0.014573445,0.0,0.8974359,0.28205132,-1.0,-0.0090462575,-0.023551608,100001.0,73105,3,0.2,0.1,0.1,0,2,0.5,False
121,121,121,0.0,-0.29219925,-0.017315026,0.0,-0.43589744,0.94871795,-1.0,-0.005565826,-0.02985776,5571.0,73105,3,0.2,0.1,0.1,0,2,0.5,True
122,122,122,0.0,-0.29226035,-0.017311515,0.0,-0.4871795,0.53846157,-1.0,-0.011927444,-0.02985777,5526.0,73105,3,0.2,0.1,0.1,0,2,0.5,True
123,123,123,0.0,-0.29226035,-0.017311515,0.0,-0.43589744,0.33333337,-1.0,-0.019483974,-0.02985777,5405.0,73105,3,0.2,0.1,0.1,0,2,0.5,True
124,124,124,0.0,-0.29226035,-0.017311515,0.0,-0.43589744,-0.43589744,-1.0,-0.022886252,-0.02985777,4662.0,73105,3,0.2,0.1,0.1,0,2,0.5,True
125,125,125,0.0,-0.29219925,-0.017315026,0.0,0.025641054,-0.64102566,-1.0,-0.007842266,-0.02985776,4024.0,73105,3,0.2,0.1,0.1,0,2,0.5,True
126,126,126,0.0,-0.29226035,-0.017311515,0.0,-0.43589744,0.12820515,-1.0,-0.027648592,-0.02985777,5605.0,73105,3,0.2,0.1,0.1,0,2,0.5,True
127,127,127,0.0,-0.29219925,-0.017315026,0.0,0.38461542,-0.7948718,-1.0,-0.003651071,-0.02985776,5443.0,73105,3,0.2,0.1,0.1,0,2,0.5,True
128,128,128,0.0,-0.29226035,-0.017311515,0.0,-0.5897436,0.43589747,-1.0,-0.014283656,-0.02985777,6526.0,73105,3,0.2,0.1,0.1,0,2,0.5,True
129,129,129,0.0,-0.29219925,-0.017315026,0.0,0.12820515,0.64102566,-1.0,-0.015198256,-0.02985776,5501.0,73105,3,0.2,0.1,0.1,0,2,0.5,True
130,130,130,0.0,-0.29226035,-0.017311515,0.0,-1.0,-0.74358976,-1.0,-0.01197899,-0.02985777,6539.0,73105,3,0.2,0.1,0.1,0,2,0.5,True
131,131,131,0.0,-0.29219925,-0.017315026,0.0,0.23076928,0.48717952,-1.0,-0.017914813,-0.02985776,5427.0,73105,3,0.2,0.1,0.1,0,2,0.5,True
132,132,132,0.0,-0.29219925,-0.017315026,0.0,-0.1794872,0.8974359,-1.0,-0.007540246,-0.02985776,5678.0,73105,3,0.2,0.1,0.1,0,2,0.5,True
133,133,133,0.0,-0.29226035,-0.017311515,0.0,0.025641054,-0.7948718,-1.0,-0.0060600606,-0.02985777,4019.0,73105,3,0.2,0.1,0.1,0,2,0.5,True
134,134,134,0.0,-0.29219925,-0.017315026,0.0,0.43589747,-0.7948718,-1.0,-0.0034688748,-0.02985776,5705.0,73105,3,0.2,0.1,0.1,0,2,0.5,True
135,135,135,0.0,4.514528,0.01457349,0.0,0.53846157,-0.025640994,-1.0,-0.012561873,-0.023549486,100001.0,73105,3,0.2,0.1,0.1,0,2,0.5,False
136,136,136,0.0,-0.29226035,-0.017311515,0.0,-0.84615386,0.23076928,-1.0,-0.021523625,-0.02985777,8596.0,73105,3,0.2,0.1,0.1,0,2,0.5,True
137,137,137,0.0,-0.29226035,-0.017311515,0.0,-0.6923077,-0.8974359,-1.0,-0.01273703,-0.02985777,5608.0,73105,3,0.2,0.1,0.1,0,2,0.5,True
138,138,138,0.0,-0.29226035,-0.017311515,0.0,-0.7948718,0.48717952,-1.0,-0.0114898225,-0.02985777,8053.0,73105,3,0.2,0.1,0.1,0,2,0.5,True
139,139,139,0.0,-0.29219925,-0.017315026,0.0,-0.12820509,-0.12820509,-1.0,-0.027903412,-0.02985776,4746.0,73105,3,0.2,0.1,0.1,0,2,0.5,True
140,140,140,0.0,4.510515,0.014573517,0.0,0.94871795,-0.6923077,-1.0,-0.0030052343,-0.023548333,100001.0,73105,3,0.2,0.1,0.1,0,2,0.5,False
141,141,141,0.0,-0.29219925,-0.017315026,0.0,0.8974359,0.48717952,-1.0,-0.00698877,-0.02985776,6469.0,73105,3,0.2,0.1,0.1,0,2,0.5,True
142,142,142,0.0,-0.29226035,-0.017311515,0.0,-0.5897436,0.48717952,-1.0,-0.012641701,-0.02985777,6475.0,73105,3,0.2,0.1,0.1,0,2,0.5,True
143,143,143,0.0,-0.29226035,-0.017311515,0.0,-0.53846157,-0.43589744,-1.0,-0.022070443,-0.02985777,5189.0,73105,3,0.2,0.1,0.1,0,2,0.5,True
144,144,144,0.0,-0.29226035,-0.017311515,0.0,-0.53846157,-0.23076925,-1.0,-0.0259044,-0.02985777,6024.0,73105,3,0.2,0.1,0.1,0,2,0.5,True
145,145,145,0.0,4.5171843,0.014573468,0.0,0.6923077,0.1794872,-1.0,-0.010882122,-0.023550233,100001.0,73105,3,0.2,0.1,0.1,0,2,0.5,False
146,146,146,0.0,-0.29219925,-0.017315026,0.0,0.23076928,0.94871795,-1.0,-0.00978193,-0.02985776,5940.0,73105,3,0.2,0.1,0.1,0,2,0.5,True
147,147,147,0.0,-0.29226035,-0.017311515,0.0,-0.74358976,0.5897436,-1.0,-0.009203972,-0.02985777,7573.0,73105,3,0.2,0.1,0.1,0,2,0.5,True
148,148,148,0.0,-0.29226035,-0.017311515,0.0,0.025641054,-0.84615386,-1.0,-0.0055908514,-0.02985777,4423.0,73105,3,0.2,0.1,0.1,0,2,0.5,True
149,149,149,0.0,-0.29219925,-0.017315026,0.0,0.43589747,0.53846157,-1.0,-0.013533649,-0.02985776,5627.0,73105,3,0.2,0.1,0.1,0,2,0.5,True
150,150,150,0.0,-0.29219925,-0.017315026,0.0,0.0769231,-0.5897436,-1.0,-0.0077230274,-0.02985776,4460.0,73105,3,0.2,0.1,0.1,0,2,0.5,True
151,151,151,0.0,-0.29219925,-0.017315026,0.0,0.48717952,-0.53846157,-1.0,-0.004662256,-0.02985776,5766.0,73105,3,0.2,0.1,0.1,0,2,0.5,True
152,152,152,0.0,-0.29226035,-0.017311515,0.0,-0.2820513,-0.4871795,-1.0,-0.01967758,-0.02985777,3787.0,73105,3,0.2,0.1,0.1,0,2,0.5,True
153,153,153,0.0,-0.29219925,-0.017315026,0.0,0.64102566,-0.7948718,-1.0,-0.0029572092,-0.02985776,7030.0,73105,3,0.2,0.1,0.1,0,2,0.5,True
154,154,154,0.0,-0.29226035,-0.017311515,0.0,-0.3846154,-0.64102566,-1.0,-0.016632285,-0.02985777,4782.0,73105,3,0.2,0.1,0.1,0,2,0.5,True
155,155,155,0.0,-0.29226035,-0.017311515,0.0,-0.43589744,-0.23076925,-1.0,-0.026943523,-0.02985777,5134.0,73105,3,0.2,0.1,0.1,0,2,0.5,True
156,156,156,0.0,-0.29219925,-0.017315026,0.0,0.025641054,0.28205132,-1.0,-0.023946306,-0.02985776,5151.0,73105,3,0.2,0.1,0.1,0,2,0.5,True
157,157,157,0.0,-0.29226035,-0.017311515,0.0,-0.33333334,-0.23076925,-1.0,-0.027603364,-0.02985777,3485.0,73105,3,0.2,0.1,0.1,0,2,0.5,True
158,158,158,0.0,-0.29226035,-0.017311515,0.0,-0.53846157,0.33333337,-1.0,-0.018630354,-0.02985777,6239.0,73105,3,0.2,0.1,0.1,0,2,0.5,True
159,159,159,0.0,-0.29226035,-0.017311515,0.0,-1.0,1.0,-1.0,-0.0036994244,-0.02985777,9801.0,73105,3,0.2,0.1,0.1,0,2,0.5,True
160,160,160,0.0,-0.29226035,-0.017311515,0.0,-0.6923077,-0.7948718,-1.0,-0.014426273,-0.02985777,5505.0,73105,3,0.2,0.1,0.1,0,2,0.5,True
161,161,161,0.0,-0.29219925,-0.017315026,0.0,0.64102566,-0.84615386,-1.0,-0.0027760859,-0.02985776,7033.0,73105,3,0.2,0.1,0.1,0,2,0.5,True
162,162,162,0.0,-0.29219925,-0.017315026,0.0,0.12820515,-0.7948718,-1.0,-0.005106893,-0.02985776,3517.0,73105,3,0.2,0.1,0.1,0,2,0.5,True
163,163,163,0.0,-0.29226035,-0.017311515,0.0,-0.53846157,0.8974359,-1.0,-0.0056395535,-0.02985777,4645.0,73105,3,0.2,0.1,0.1,0,2,0.5,True
164,164,164,0.0,-0.29219925,-0.017315026,0.0,0.0769231,0.8974359,-1.0,-0.009530504,-0.02985776,5778.0,73105,3,0.2,0.1,0.1,0,2,0.5,True
165,165,165,0.0,-0.29219925,-0.017315026,0.0,-0.23076925,0.64102566,-1.0,-0.011652993,-0.02985776,5258.0,73105,3,0.2,0.1,0.1,0,2,0.5,True
166,166,166,0.0,4.481169,0.014573688,0.0,0.74358976,-0.8974359,-1.0,-0.0024588325,-0.023539888,100001.0,73105,3,0.2,0.1,0.1,0,2,0.5,False
167,167,167,0.0,-0.29219925,-0.017315026,0.0,0.38461542,0.74358976,-1.0,-0.012990452,-0.02985776,5786.0,73105,3,0.2,0.1,0.1,0,2,0.5,True
168,168,168,0.0,-0.29226035,-0.017311515,0.0,-1.0,-0.7948718,-1.0,-0.011558968,-0.02985777,6228.0,73105,3,0.2,0.1,0.1,0,2,0.5,True
169,169,169,0.0,-0.29226035,-0.017311515,0.0,-0.2820513,-0.53846157,-1.0,-0.017858734,-0.02985777,4103.0,73105,3,0.2,0.1,0.1,0,2,0.5,True
170,170,170,0.0,-0.29219925,-0.017315026,0.0,-0.1794872,-0.4871795,-1.0,-0.016686937,-0.02985776,3527.0,73105,3,0.2,0.1,0.1,0,2,0.5,True
171,171,171,0.0,-0.29226035,-0.017311515,0.0,-1.0,-0.8974359,-1.0,-0.010775459,-0.02985777,6084.0,73105,3,0.2,0.1,0.1,0,2,0.5,True
172,172,172,0.0,-0.29219925,-0.017315026,0.0,0.1794872,0.28205132,-1.0,-0.020613128,-0.02985776,5243.0,73105,3,0.2,0.1,0.1,0,2,0.5,True
173,173,173,0.0,-0.29219925,-0.017315026,0.0,0.6923077,0.38461542,-1.0,-0.008727362,-0.02985776,5870.0,73105,3,0.2,0.1,0.1,0,2,0.5,True
174,174,174,0.0,-0.29219925,-0.017315026,0.0,0.33333337,0.74358976,-1.0,-0.013300805,-0.02985776,5745.0,73105,3,0.2,0.1,0.1,0,2,0.5,True
175,175,175,0.0,-0.29219925,-0.017315026,0.0,-0.12820509,0.1794872,-1.0,-0.027058719,-0.02985776,4927.0,73105,3,0.2,0.1,0.1,0,2,0.5,True
176,176,176,0.0,-0.29219925,-0.017315026,0.0,0.28205132,0.7948718,-1.0,-0.012550481,-0.02985776,5766.0,73105,3,0.2,0.1,0.1,0,2,0.5,True
177,177,177,0.0,-0.29219925,-0.017315026,0.0,0.7948718,0.94871795,-1.0,-0.0077329697,-0.02985776,6589.0,73105,3,0.2,0.1,0.1,0,2,0.5,True
178,178,178,0.0,-0.29219925,-0.017315026,0.0,-0.1794872,0.1794872,-1.0,-0.027072549,-0.02985776,4814.0,73105,3,0.2,0.1,0.1,0,2,0.5,True
179,179,179,0.0,-0.29219925,-0.017315026,0.0,0.33333337,0.43589747,-1.0,-0.016009273,-0.02985776,5458.0,73105,3,0.2,0.1,0.1,0,2,0.5,True
180,180,180,0.0,-0.29219925,-0.017315026,0.0,0.1794872,0.48717952,-1.0,-0.018529344,-0.02985776,5395.0,73105,3,0.2,0.1,0.1,0,2,0.5,True
181,181,181,0.0,4.5199165,0.014573449,0.0,0.7948718,-0.025640994,-1.0,-0.015915886,-0.02355102,100001.0,73105,3,0.2,0.1,0.1,0,2,0.5,False
182,182,182,0.0,-0.29219925,-0.017315026,0.0,-0.33333334,0.7948718,-1.0,-0.007922647,-0.02985776,5374.0,73105,3,0.2,0.1,0.1,0,2,0.5,True
183,183,183,0.0,-0.29219925,-0.017315026,0.0,0.6923077,0.94871795,-1.0,-0.0086972825,-0.02985776,6418.0,73105,3,0.2,0.1,0.1,0,2,0.5,True
184,184,184,0.0,-0.29219925,-0.017315026,0.0,-0.025640994,-0.23076925,-1.0,-0.02047489,-0.02985776,4799.0,73105,3,0.2,0.1,0.1,0,2,0.5,True
185,185,185,0.0,-0.29226035,-0.017311515,0.0,-0.64102566,0.6923077,-1.0,-0.0077808956,-0.02985777,6657.0,73105,3,0.2,0.1,0.1,0,2,0.5,True
186,186,186,0.0,-0.29219925,-0.017315026,0.0,0.12820515,0.23076928,-1.0,-0.02235899,-0.02985776,5178.0,73105,3,0.2,0.1,0.1,0,2,0.5,True
187,187,187,0.0,4.524477,0.014573428,0.0,1.0,-0.3846154,-1.0,-0.0057099285,-0.023552297,100001.0,73105,3,0.2,0.1,0.1,0,2,0.5,False
188,188,188,0.0,-0.29226035,-0.017311515,0.0,-0.8974359,0.0769231,-1.0,-0.027540227,-0.02985777,9059.0,73105,3,0.2,0.1,0.1,0,2,0.5,True
189,189,189,0.0,-0.29219925,-0.017315026,0.0,-0.2820513,0.7948718,-1.0,-0.008275404,-0.02985776,5441.0,73105,3,0.2,0.1,0.1,0,2,0.5,True
190,190,190,0.0,4.515811,0.014573483,0.0,0.74358976,-0.3846154,-1.0,-0.0055923983,-0.023549853,100001.0,73105,3,0.2,0.1,0.1,0,2,0.5,False
191,191,191,0.0,-0.29226035,-0.017311515,0.0,-0.74358976,-0.74358976,-1.0,-0.014833003,-0.02985777,5564.0,73105,3,0.2,0.1,0.1,0,2,0.5,True
192,192,192,0.0,-0.29219925,-0.017315026,0.0,0.28205132,-0.8974359,-1.0,-0.0036088482,-0.02985776,4596.0,73105,3,0.2,0.1,0.1,0,2,0.5,True
193,193,193,0.0,-0.29226035,-0.017311515,0.0,-0.84615386,-0.84615386,-1.0,-0.012654929,-0.02985777,5780.0,73105,3,0.2,0.1,0.1,0,2,0.5,True
194,194,194,0.0,-0.29219925,-0.017315026,0.0,0.7948718,0.43589747,-1.0,-0.0077951397,-0.02985776,6121.0,73105,3,0.2,0.1,0.1,0,2,0.5,True
195,195,195,0.0,-0.29226035,-0.017311515,0.0,-0.23076925,-0.84615386,-1.0,-0.00881884,-0.02985777,4959.0,73105,3,0.2,0.1,0.1,0,2,0.5,True
196,196,196,0.0,-0.29219925,-0.017315026,0.0,0.5897436,0.53846157,-1.0,-0.010414031,-0.02985776,5791.0,73105,3,0.2,0.1,0.1,0,2,0.5,True
197,197,197,0.0,-0.29226035,-0.017311515,0.0,-0.3846154,0.43589747,-1.0,-0.016002676,-0.02985777,4326.0,73105,3,0.2,0.1,0.1,0,2,0.5,True
198,198,198,0.0,-0.29226035,-0.017311515,0.0,-0.33333334,-0.64102566,-1.0,-0.015677568,-0.02985777,4653.0,73105,3,0.2,0.1,0.1,0,2,0.5,True
199,199,199,0.0,4.5213084,0.0145734465,0.0,0.84615386,0.0769231,-1.0,-0.015582894,-0.023551425,100001.0,73105,3,0.2,0.1,0.1,0,2,0.5,False
200,200,200,0.0,-0.29226035,-0.017311515,0.0,-0.3846154,-0.4871795,-1.0,-0.02137112,-0.02985777,4472.0,73105,3,0.2,0.1,0.1,0,2,0.5,True
201,201,201,0.0,4.4842305,0.014573673,0.0,0.7948718,-0.8974359,-1.0,-0.0023955104,-0.02354077,100001.0,73105,3,0.2,0.1,0.1,0,2,0.5,False
202,202,202,0.0,-0.29219925,-0.017315026,0.0,0.1794872,-0.07692304,-1.0,-0.015253297,-0.02985776,5044.0,73105,3,0.2,0.1,0.1,0,2,0.5,True
203,203,203,0.0,-0.29219925,-0.017315026,0.0,0.43589747,0.5897436,-1.0,-0.013459362,-0.02985776,5673.0,73105,3,0.2,0.1,0.1,0,2,0.5,True
204,204,204,0.0,-0.29219925,-0.017315026,0.0,-0.025640994,0.7948718,-1.0,-0.010448128,-0.02985776,5590.0,73105,3,0.2,0.1,0.1,0,2,0.5,True
205,205,205,0.0,-0.29226035,-0.017311515,0.0,-0.64102566,0.23076928,-1.0,-0.022550948,-0.02985777,7038.0,73105,3,0.2,0.1,0.1,0,2,0.5,True
206,206,206,0.0,-0.29219925,-0.017315026,0.0,-0.1794872,-0.3846154,-1.0,-0.020587996,-0.02985776,4171.0,73105,3,0.2,0.1,0.1,0,2,0.5,True
207,207,207,0.0,-0.29226035,-0.017311515,0.0,-0.4871795,-0.64102566,-1.0,-0.01774341,-0.02985777,5009.0,73105,3,0.2,0.1,0.1,0,2,0.5,True
208,208,208,0.0,-0.29226035,-0.017311515,0.0,-0.5897436,-0.74358976,-1.0,-0.01561135,-0.02985777,5302.0,73105,3,0.2,0.1,0.1,0,2,0.5,True
209,209,209,0.0,-0.29226035,-0.017311515,0.0,-0.6923077,-0.07692304,-1.0,-0.028129352,-0.02985777,7411.0,73105,3,0.2,0.1,0.1,0,2,0.5,True
210,210,210,0.0,-0.29219925,-0.017315026,0.0,-0.1794872,0.43589747,-1.0,-0.018263524,-0.02985776,5078.0,73105,3,0.2,0.1,0.1,0,2,0.5,True
211,211,211,0.0,-0.29219925,-0.017315026,0.0,0.0769231,-0.07692304,-1.0,-0.021137297,-0.02985776,4985.0,73105,3,0.2,0.1,0.1,0,2,0.5,True
212,212,212,0.0,-0.29219925,-0.017315026,0.0,0.43589747,0.23076928,-1.0,-0.011835066,-0.02985776,5414.0,73105,3,0.2,0.1,0.1,0,2,0.5,True
213,213,213,0.0,-0.29219925,-0.017315026,0.0,0.64102566,1.0,-1.0,-0.008862612,-0.02985776,6428.0,73105,3,0.2,0.1,0.1,0,2,0.5,True
214,214,214,0.0,-0.29226035,-0.017311515,0.0,-0.53846157,0.23076928,-1.0,-0.023176363,-0.02985777,6314.0,73105,3,0.2,0.1,0.1,0,2,0.5,True
215,215,215,0.0,-0.29219925,-0.017315026,0.0,0.43589747,0.43589747,-1.0,-0.013298213,-0.02985776,5544.0,73105,3,0.2,0.1,0.1,0,2,0.5,True
216,216,216,0.0,-0.29226035,-0.017311515,0.0,-0.5897436,0.38461542,-1.0,-0.01615608,-0.02985777,6572.0,73105,3,0.2,0.1,0.1,0,2,0.5,True
217,217,217,0.0,-0.29219925,-0.017315026,0.0,0.23076928,0.23076928,-1.0,-0.018504636,-0.02985776,5239.0,73105,3,0.2,0.1,0.1,0,2,0.5,True
218,218,218,0.0,-0.29226035,-0.017311515,0.0,-0.2820513,-0.74358976,-1.0,-0.011799916,-0.02985777,4790.0,73105,3,0.2,0.1,0.1,0,2,0.5,True
219,219,219,0.0,-0.29219925,-0.017315026,0.0,0.28205132,0.38461542,-1.0,-0.01742333,-0.02985776,5382.0,73105,3,0.2,0.1,0.1,0,2,0.5,True
220,220,220,0.0,-0.29219925,-0.017315026,0.0,0.7948718,0.53846157,-1.0,-0.0076682786,-0.02985776,6126.0,73105,3,0.2,0.1,0.1,0,2,0.5,True
221,221,221,0.0,-0.29226035,-0.017311515,0.0,-0.4871795,0.48717952,-1.0,-0.013394701,-0.02985777,5628.0,73105,3,0.2,0.1,0.1,0,2,0.5,True
222,222,222,0.0,-0.29226035,-0.017311515,0.0,-0.07692304,-0.94871795,-1.0,-0.0056458698,-0.02985777,5064.0,73105,3,0.2,0.1,0.1,0,2,0.5,True
223,223,223,0.0,-0.29226035,-0.017311515,0.0,-0.53846157,0.64102566,-1.0,-0.009225979,-0.02985777,5827.0,73105,3,0.2,0.1,0.1,0,2,0.5,True
224,224,224,0.0,-0.29226035,-0.017311515,0.0,-0.74358976,0.33333337,-1.0,-0.017273812,-0.02985777,7741.0,73105,3,0.2,0.1,0.1,0,2,0.5,True
225,225,225,0.0,-0.29219925,-0.017315026,0.0,-0.025640994,0.53846157,-1.0,-0.016694462,-0.02985776,5316.0,73105,3,0.2,0.1,0.1,0,2,0.5,True
226,226,226,0.0,-0.29226035,-0.017311515,0.0,-0.5897436,-0.84615386,-1.0,-0.01348334,-0.02985777,5419.0,73105,3,0.2,0.1,0.1,0,2,0.5,True
227,227,227,0.0,-0.29219925,-0.017315026,0.0,-0.3846154,0.74358976,-1.0,-0.008375772,-0.02985776,5097.0,73105,3,0.2,0.1,0.1,0,2,0.5,True
228,228,228,0.0,-0.29219925,-0.017315026,0.0,0.43589747,0.38461542,-1.0,-0.013011421,-0.02985776,5507.0,73105,3,0.2,0.1,0.1,0,2,0.5,True
229,229,229,0.0,-0.29219925,-0.017315026,0.0,-0.23076925,-0.1794872,-1.0,-0.02831526,-0.02985776,4394.0,73105,3,0.2,0.1,0.1,0,2,0.5,True
230,230,230,0.0,-0.29226035,-0.017311515,0.0,-0.23076925,-0.8974359,-1.0,-0.008012008,-0.02985777,5086.0,73105,3,0.2,0.1,0.1,0,2,0.5,True
231,231,231,0.0,-0.29219925,-0.017315026,0.0,0.43589747,1.0,-1.0,-0.009652649,-0.02985776,6186.0,73105,3,0.2,0.1,0.1,0,2,0.5,True
232,232,232,0.0,-0.29219925,-0.017315026,0.0,0.7948718,0.8974359,-1.0,-0.007800904,-0.02985776,6508.0,73105,3,0.2,0.1,0.1,0,2,0.5,True
233,233,233,0.0,-0.29219925,-0.017315026,0.0,0.64102566,-1.0,-1.0,-0.0023270056,-0.02985776,7417.0,73105,3,0.2,0.1,0.1,0,2,0.5,True
234,234,234,0.0,-0.29226035,-0.017311515,0.0,-0.94871795,0.0769231,-1.0,-0.027417129,-0.02985777,9513.0,73105,3,0.2,0.1,0.1,0,2,0.5,True
235,235,235,0.0,-0.29226035,-0.017311515,0.0,-0.64102566,-0.33333334,-1.0,-0.022532843,-0.02985777,6462.0,73105,3,0.2,0.1,0.1,0,2,0.5,True
236,236,236,0.0,-0.29219925,-0.017315026,0.0,0.1794872,0.38461542,-1.0,-0.02001469,-0.02985776,5316.0,73105,3,0.2,0.1,0.1,0,2,0.5,True
237,237,237,0.0,-0.29226035,-0.017311515,0.0,-0.64102566,-0.53846157,-1.0,-0.019016227,-0.02985777,5443.0,73105,3,0.2,0.1,0.1,0,2,0.5,True
238,238,238,0.0,4.5131974,0.014573497,0.0,0.48717952,0.0769231,-1.0,-0.0116112735,-0.023549078,100001.0,73105,3,0.2,0.1,0.1,0,2,0.5,False
239,239,239,0.0,-0.29219925,-0.017315026,0.0,0.38461542,0.53846157,-1.0,-0.01463909,-0.02985776,5582.0,73105,3,0.2,0.1,0.1,0,2,0.5,True
240,240,240,0.0,-0.29226035,-0.017311515,0.0,-0.7948718,0.0769231,-1.0,-0.027805565,-0.02985777,8215.0,73105,3,0.2,0.1,0.1,0,2,0.5,True
241,241,241,0.0,-0.29219925,-0.017315026,0.0,-0.1794872,0.64102566,-1.0,-0.012180077,-0.02985776,5311.0,73105,3,0.2,0.1,0.1,0,2,0.5,True
242,242,242,0.0,-0.29226035,-0.017311515,0.0,-0.5897436,-0.94871795,-1.0,-0.011479017,-0.02985777,5559.0,73105,3,0.2,0.1,0.1,0,2,0.5,True
243,243,243,0.0,4.517535,0.014573469,0.0,0.6923077,-0.025640994,-1.0,-0.014706026,-0.02355033,100001.0,73105,3,0.2,0.1,0.1,0,2,0.5,False
244,244,244,0.0,-0.29226035,-0.017311515,0.0,0.1794872,-0.94871795,-1.0,-0.00384705,-0.02985777,4548.0,73105,3,0.2,0.1,0.1,0,2,0.5,True
245,245,245,0.0,-0.29219925,-0.017315026,0.0,0.38461542,0.94871795,-1.0,-0.0102930125,-0.02985776,6057.0,73105,3,0.2,0.1,0.1,0,2,0.5,True
246,246,246,0.0,-0.29226035,-0.017311515,0.0,-0.53846157,-0.4871795,-1.0,-0.021108227,-0.02985777,5100.0,73105,3,0.2,0.1,0.1,0,2,0.5,True
247,247,247,0.0,-0.29226035,-0.017311515,0.0,-0.94871795,-0.07692304,-1.0,-0.027184144,-0.02985777,9491.0,73105,3,0.2,0.1,0.1,0,2,0.5,True
248,248,248,0.0,-0.29226035,-0.017311515,0.0,-0.7948718,0.64102566,-1.0,-0.008005239,-0.02985777,7954.0,73105,3,0.2,0.1,0.1,0,2,0.5,True
249,249,249,0.0,-0.29226035,-0.017311515,0.0,-0.84615386,-0.94871795,-1.0,-0.011518089,-0.02985777,5865.0,73105,3,0.2,0.1,0.1,0,2,0.5,True
250,250,250,0.0,-0.29226035,-0.017311515,0.0,-0.84615386,0.48717952,-1.0,-0.01126014,-0.02985777,8476.0,73105,3,0.2,0.1,0.1,0,2,0.5,True
251,251,251,0.0,-0.29226035,-0.017311515,0.0,-0.33333334,-0.12820509,-1.0,-0.029096747,-0.02985777,4140.0,73105,3,0.2,0.1,0.1,0,2,0.5,True
252,252,252,0.0,-0.29219925,-0.017315026,0.0,-0.12820509,-0.3846154,-1.0,-0.018689137,-0.02985776,4367.0,73105,3,0.2,0.1,0.1,0,2,0.5,True
253,253,253,0.0,-0.29226035,-0.017311515,0.0,-0.33333334,0.0769231,-1.0,-0.02911896,-0.02985777,4514.0,73105,3,0.2,0.1,0.1,0,2,0.5,True
254,254,254,0.0,-0.29226035,-0.017311515,0.0,-0.5897436,0.1794872,-1.0,-0.02509412,-0.02985777,6698.0,73105,3,0.2,0.1,0.1,0,2,0.5,True
255,255,255,0.0,-0.29226035,-0.017311515,0.0,-0.23076925,-0.7948718,-1.0,-0.009736064,-0.02985777,4826.0,73105,3,0.2,0.1,0.1,0,2,0.5,True
256,256,256,0.0,-0.29226035,-0.017311515,0.0,-1.0,0.53846157,-1.0,-0.009376875,-0.02985777,9840.0,73105,3,0.2,0.1,0.1,0,2,0.5,True
257,257,257,0.0,-0.29226035,-0.017311515,0.0,-1.0,-0.5897436,-1.0,-0.013538766,-0.02985777,8355.0,73105,3,0.2,0.1,0.1,0,2,0.5,True
258,258,258,0.0,-0.29226035,-0.017311515,0.0,-0.7948718,-0.7948718,-1.0,-0.013701458,-0.02985777,5671.0,73105,3,0.2,0.1,0.1,0,2,0.5,True
259,259,259,0.0,-0.29219925,-0.017315026,0.0,0.43589747,0.1794872,-1.0,-0.011517509,-0.02985776,5394.0,73105,3,0.2,0.1,0.1,0,2,0.5,True
260,260,260,0.0,-0.29226035,-0.017311515,0.0,-0.43589744,0.53846157,-1.0,-0.012334107,-0.02985777,4862.0,73105,3,0.2,0.1,0.1,0,2,0.5,True
261,261,261,0.0,-0.29226035,-0.017311515,0.0,-0.43589744,-0.53846157,-1.0,-0.020237634,-0.02985777,4751.0,73105,3,0.2,0.1,0.1,0,2,0.5,True
262,262,262,0.0,-0.29219925,-0.017315026,0.0,0.0769231,0.43589747,-1.0,-0.020169022,-0.02985776,5294.0,73105,3,0.2,0.1,0.1,0,2,0.5,True
263,263,263,0.0,-0.29226035,-0.017311515,0.0,-0.94871795,0.43589747,-1.0,-0.012400775,-0.02985777,9403.0,73105,3,0.2,0.1,0.1,0,2,0.5,True
264,264,264,0.0,4.515003,0.0145734865,0.0,0.64102566,0.23076928,-1.0,-0.009909372,-0.023549618,100001.0,73105,3,0.2,0.1,0.1,0,2,0.5,False
265,265,265,0.0,-0.29219925,-0.017315026,0.0,-0.12820509,0.28205132,-1.0,-0.024159685,-0.02985776,5007.0,73105,3,0.2,0.1,0.1,0,2,0.5,True
266,266,266,0.0,-0.29219925,-0.017315026,0.0,0.53846157,-0.64102566,-1.0,-0.0038789187,-0.02985776,6091.0,73105,3,0.2,0.1,0.1,0,2,0.5,True
267,267,267,0.0,4.5132723,0.014573497,0.0,0.53846157,-0.23076925,-1.0,-0.007958711,-0.023549113,100001.0,73105,3,0.2,0.1,0.1,0,2,0.5,False
268,268,268,0.0,-0.29226035,-0.017311515,0.0,-0.7948718,-0.74358976,-1.0,-0.014318871,-0.02985777,5670.0,73105,3,0.2,0.1,0.1,0,2,0.5,True
269,269,269,0.0,-0.29226035,-0.017311515,0.0,-0.3846154,0.48717952,-1.0,-0.0142942,-0.02985777,3676.0,73105,3,0.2,0.1,0.1,0,2,0.5,True
270,270,270,0.0,-0.29219925,-0.017315026,0.0,0.74358976,0.5897436,-1.0,-0.008258792,-0.02985776,6063.0,73105,3,0.2,0.1,0.1,0,2,0.5,True
271,271,271,0.0,-0.29226035,-0.017311515,0.0,-0.33333334,-0.1794872,-1.0,-0.028428802,-0.02985777,3828.0,73105,3,0.2,0.1,0.1,0,2,0.5,True
272,272,272,0.0,-0.29219925,-0.017315026,0.0,0.23076928,-0.3846154,-1.0,-0.007958266,-0.02985776,5005.0,73105,3,0.2,0.1,0.1,0,2,0.5,True
273,273,273,0.0,-0.29219925,-0.017315026,0.0,-0.1794872,0.5897436,-1.0,-0.013483039,-0.02985776,5250.0,73105,3,0.2,0.1,0.1,0,2,0.5,True
274,274,274,0.0,-0.29219925,-0.017315026,0.0,0.28205132,-0.53846157,-1.0,-0.0058275424,-0.02985776,5072.0,73105,3,0.2,0.1,0.1,0,2,0.5,True
275,275,275,0.0,-0.29219925,-0.017315026,0.0,-0.1794872,-0.1794872,-1.0,-0.02772357,-0.02985776,4587.0,73105,3,0.2,0.1,0.1,0,2,0.5,True
276,276,276,0.0,-0.29219925,-0.017315026,0.0,-0.025640994,0.48717952,-1.0,-0.018240873,-0.02985776,5272.0,73105,3,0.2,0.1,0.1,0,2,0.5,True
277,277,277,0.0,4.5219665,0.014573444,0.0,0.8974359,-0.2820513,-1.0,-0.0075835097,-0.023551596,100001.0,73105,3,0.2,0.1,0.1,0,2,0.5,False
278,278,278,0.0,-0.29226035,-0.017311515,0.0,-1.0,0.28205132,-1.0,-0.018416962,-0.02985777,9948.0,73105,3,0.2,0.1,0.1,0,2,0.5,True
279,279,279,0.0,-0.29219925,-0.017315026,0.0,0.43589747,-0.8974359,-1.0,-0.003067757,-0.02985776,5766.0,73105,3,0.2,0.1,0.1,0,2,0.5,True
280,280,280,0.0,-0.29219925,-0.017315026,0.0,-0.33333334,0.84615386,-1.0,-0.007213065,-0.02985776,5482.0,73105,3,0.2,0.1,0.1,0,2,0.5,True
281,281,281,0.0,-0.29226035,-0.017311515,0.0,-0.43589744,-0.84615386,-1.0,-0.0120192645,-0.02985777,5228.0,73105,3,0.2,0.1,0.1,0,2,0.5,True
282,282,282,0.0,-0.29226035,-0.017311515,0.0,-0.5897436,-0.43589744,-1.0,-0.021404771,-0.02985777,5497.0,73105,3,0.2,0.1,0.1,0,2,0.5,True
283,283,283,0.0,4.520866,0.014573456,0.0,0.84615386,0.23076928,-1.0,-0.010128258,-0.023551276,100001.0,73105,3,0.2,0.1,0.1,0,2,0.5,False
284,284,284,0.0,-0.29226035,-0.017311515,0.0,-0.84615386,-0.23076925,-1.0,-0.022941258,-0.02985777,8465.0,73105,3,0.2,0.1,0.1,0,2,0.5,True
285,285,285,0.0,-0.29219925,-0.017315026,0.0,0.28205132,-0.12820509,-1.0,-0.01065219,-0.02985776,5111.0,73105,3,0.2,0.1,0.1,0,2,0.5,True
286,286,286,0.0,-0.29219925,-0.017315026,0.0,-0.1794872,0.74358976,-1.0,-0.009985308,-0.02985776,5443.0,73105,3,0.2,0.1,0.1,0,2,0.5,True
287,287,287,0.0,-0.29219925,-0.017315026,0.0,0.53846157,-0.5897436,-1.0,-0.0041689584,-0.02985776,6112.0,73105,3,0.2,0.1,0.1,0,2,0.5,True
288,288,288,0.0,-0.29219925,-0.017315026,0.0,-0.025640994,0.025641054,-1.0,-0.02734845,-0.02985776,4962.0,73105,3,0.2,0.1,0.1,0,2,0.5,True
289,289,289,0.0,-0.29219925,-0.017315026,0.0,-0.025640994,-0.64102566,-1.0,-0.00872077,-0.02985776,3551.0,73105,3,0.2,0.1,0.1,0,2,0.5,True
290,290,290,0.0,-0.29226035,-0.017311515,0.0,-0.23076925,-0.5897436,-1.0,-0.014807484,-0.02985777,4068.0,73105,3,0.2,0.1,0.1,0,2,0.5,True
291,291,291,0.0,-0.29226035,-0.017311515,0.0,-0.7948718,-0.07692304,-1.0,-0.027720485,-0.02985777,8188.0,73105,3,0.2,0.1,0.1,0,2,0.5,True
292,292,292,0.0,-0.29219925,-0.017315026,0.0,0.23076928,-0.4871795,-1.0,-0.006805442,-0.02985776,4968.0,73105,3,0.2,0.1,0.1,0,2,0.5,True
293,293,293,0.0,4.5206175,0.0145734465,0.0,0.8974359,-0.3846154,-1.0,-0.005638994,-0.023551216,100001.0,73105,3,0.2,0.1,0.1,0,2,0.5,False
294,294,294,0.0,-0.29219925,-0.017315026,0.0,0.025641054,-0.07692304,-1.0,-0.023895856,-0.02985776,4950.0,73105,3,0.2,0.1,0.1,0,2,0.5,True
295,295,295,0.0,4.517539,0.014573465,0.0,0.6923077,0.0769231,-1.0,-0.013891739,-0.023550335,100001.0,73105,3,0.2,0.1,0.1,0,2,0.5,False
296,296,296,0.0,-0.29226035,-0.017311515,0.0,-0.5897436,1.0,-1.0,-0.0045960923,-0.02985777,5266.0,73105,3,0.2,0.1,0.1,0,2,0.5,True
297,297,297,0.0,-0.29226035,-0.017311515,0.0,-0.6923077,0.48717952,-1.0,-0.01201413,-0.02985777,7251.0,73105,3,0.2,0.1,0.1,0,2,0.5,True
298,298,298,0.0,4.512955,0.014573499,0.0,1.0,-0.6923077,-1.0,-0.0029718336,-0.023549028,100001.0,73105,3,0.2,0.1,0.1,0,2,0.5,False
299,299,299,0.0,-0.29226035,-0.017311515,0.0,-0.7948718,-0.5897436,-1.0,-0.016164606,-0.02985777,6089.0,73105,3,0.2,0.1,0.1,0,2,0.5,True
300,300,300,0.0,4.5242157,0.014573423,0.0,0.94871795,0.23076928,-1.0,-0.010446773,-0.023552245,100001.0,73105,3,0.2,0.1,0.1,0,2,0.5,False
301,301,301,0.0,-0.29219925,-0.017315026,0.0,0.38461542,-0.025640994,-1.0,-0.011050459,-0.02985776,5465.0,73105,3,0.2,0.1,0.1,0,2,0.5,True
302,302,302,0.0,-0.29219925,-0.017315026,0.0,0.23076928,0.74358976,-1.0,-0.013394557,-0.02985776,5671.0,73105,3,0.2,0.1,0.1,0,2,0.5,True
303,303,303,0.0,-0.29226035,-0.017311515,0.0,-0.94871795,-1.0,-1.0,-0.010368064,-0.02985777,6068.0,73105,3,0.2,0.1,0.1,0,2,0.5,True
304,304,304,0.0,-0.29226035,-0.017311515,0.0,-0.7948718,0.43589747,-1.0,-0.013072202,-0.02985777,8084.0,73105,3,0.2,0.1,0.1,0,2,0.5,True
305,305,305,0.0,-0.29226035,-0.017311515,0.0,-0.74358976,1.0,-1.0,-0.0041907495,-0.02985777,7321.0,73105,3,0.2,0.1,0.1,0,2,0.5,True
306,306,306,0.0,-0.29226035,-0.017311515,0.0,-0.6923077,-0.53846157,-1.0,-0.018314643,-0.02985777,5697.0,73105,3,0.2,0.1,0.1,0,2,0.5,True
307,307,307,0.0,-0.29226035,-0.017311515,0.0,-0.64102566,0.8974359,-1.0,-0.0052766595,-0.02985777,6400.0,73105,3,0.2,0.1,0.1,0,2,0.5,True
308,308,308,0.0,4.5227995,0.01457344,0.0,0.8974359,0.12820515,-1.0,-0.014022524,-0.023551827,100001.0,73105,3,0.2,0.1,0.1,0,2,0.5,False
309,309,309,0.0,-0.29226035,-0.017311515,0.0,-0.4871795,0.12820515,-1.0,-0.02743788,-0.02985777,5995.0,73105,3,0.2,0.1,0.1,0,2,0.5,True
310,310,310,0.0,-0.29219925,-0.017315026,0.0,0.5897436,0.7948718,-1.0,-0.010373358,-0.02985776,6057.0,73105,3,0.2,0.1,0.1,0,2,0.5,True
311,311,311,0.0,-0.29219925,-0.017315026,0.0,0.33333337,-0.5897436,-1.0,-0.005064132,-0.02985776,5214.0,73105,3,0.2,0.1,0.1,0,2,0.5,True
312,312,312,0.0,-0.29226035,-0.017311515,0.0,-0.84615386,0.64102566,-1.0,-0.007820434,-0.02985777,8387.0,73105,3,0.2,0.1,0.1,0,2,0.5,True
313,313,313,0.0,-0.29226035,-0.017311515,0.0,-0.53846157,-0.33333334,-1.0,-0.02392748,-0.02985777,5589.0,73105,3,0.2,0.1,0.1,0,2,0.5,True
314,314,314,0.0,-0.29219925,-0.017315026,0.0,-0.1794872,0.025641054,-1.0,-0.029468125,-0.02985776,4708.0,73105,3,0.2,0.1,0.1,0,2,0.5,True
315,315,315,0.0,-0.29226035,-0.017311515,0.0,-0.43589744,-0.3846154,-1.0,-0.024040762,-0.02985777,4679.0,73105,3,0.2,0.1,0.1,0,2,0.5,True
316,316,316,0.0,-0.29219925,-0.017315026,0.0,0.12820515,-0.1794872,-1.0,-0.014660733,-0.02985776,4972.0,73105,3,0.2,0.1,0.1,0,2,0.5,True
317,317,317,0.0,-0.29219925,-0.017315026,0.0,-0.3846154,0.5897436,-1.0,-0.011446642,-0.02985776,4367.0,73105,3,0.2,0.1,0.1,0,2,0.5,True
318,318,318,0.0,-0.29226035,-0.017311515,0.0,-0.3846154,0.0769231,-1.0,-0.029010803,-0.02985777,5170.0,73105,3,0.2,0.1,0.1,0,2,0.5,True
319,319,319,0.0,-0.29219925,-0.017315026,0.0,0.28205132,-0.4871795,-1.0,-0.006275382,-0.02985776,5081.0,73105,3,0.2,0.1,0.1,0,2,0.5,True
320,320,320,0.0,-0.29219925,-0.017315026,0.0,0.38461542,0.84615386,-1.0,-0.011677151,-0.02985776,5911.0,73105,3,0.2,0.1,0.1,0,2,0.5,True
321,321,321,0.0,-0.29219925,-0.017315026,0.0,0.38461542,-0.84615386,-1.0,-0.0034285684,-0.02985776,5445.0,73105,3,0.2,0.1,0.1,0,2,0.5,True
322,322,322,0.0,-0.29226035,-0.017311515,0.0,-0.74358976,-0.7948718,-1.0,-0.014121388,-0.02985777,5585.0,73105,3,0.2,0.1,0.1,0,2,0.5,True
323,323,323,0.0,-0.29219925,-0.017315026,0.0,0.6923077,-1.0,-1.0,-0.00225268,-0.02985776,7843.0,73105,3,0.2,0.1,0.1,0,2,0.5,True
324,324,324,0.0,-0.29219925,-0.017315026,0.0,0.84615386,0.8974359,-1.0,-0.007292746,-0.02985776,6606.0,73105,3,0.2,0.1,0.1,0,2,0.5,True
325,325,325,0.0,-0.29226035,-0.017311515,0.0,-0.6923077,0.28205132,-1.0,-0.019868737,-0.02985777,7384.0,73105,3,0.2,0.1,0.1,0,2,0.5,True
326,326,326,0.0,-0.29226035,-0.017311515,0.0,-0.74358976,-1.0,-1.0,-0.011145218,-0.02985777,5801.0,73105,3,0.2,0.1,0.1,0,2,0.5,True
327,327,327,0.0,-0.29226035,-0.017311515,0.0,-0.74358976,-0.4871795,-1.0,-0.018324701,-0.02985777,6416.0,73105,3,0.2,0.1,0.1,0,2,0.5,True
328,328,328,0.0,4.518672,0.014573459,0.0,0.74358976,-0.025640994,-1.0,-0.0153383585,-0.023550667,100001.0,73105,3,0.2,0.1,0.1,0,2,0.5,False
329,329,329,0.0,-0.29226035,-0.017311515,0.0,-0.8974359,-0.43589744,-1.0,-0.017131768,-0.02985777,8319.0,73105,3,0.2,0.1,0.1,0,2,0.5,True
330,330,330,0.0,-0.29219925,-0.017315026,0.0,-0.2820513,0.43589747,-1.0,-0.017082734,-0.02985776,4787.0,73105,3,0.2,0.1,0.1,0,2,0.5,True
331,331,331,0.0,4.485813,0.014573663,0.0,0.94871795,-0.94871795,-1.0,-0.0021086575,-0.023541233,100001.0,73105,3,0.2,0.1,0.1,0,2,0.5,False
332,332,332,0.0,-0.29226035,-0.017311515,0.0,-0.74358976,0.38461542,-1.0,-0.015180677,-0.02985777,7712.0,73105,3,0.2,0.1,0.1,0,2,0.5,True
333,333,333,0.0,-0.29219925,-0.017315026,0.0,-0.07692304,-0.025640994,-1.0,-0.028272992,-0.02985776,4885.0,73105,3,0.2,0.1,0.1,0,2,0.5,True
334,334,334,0.0,-0.29219925,-0.017315026,0.0,0.28205132,0.0769231,-1.0,-0.014080154,-0.02985776,5175.0,73105,3,0.2,0.1,0.1,0,2,0.5,True
335,335,335,0.0,-0.29219925,-0.017315026,0.0,0.23076928,0.8974359,-1.0,-0.010605564,-0.02985776,5865.0,73105,3,0.2,0.1,0.1,0,2,0.5,True
336,336,336,0.0,-0.29219925,-0.017315026,0.0,0.43589747,0.84615386,-1.0,-0.011468195,-0.02985776,5958.0,73105,3,0.2,0.1,0.1,0,2,0.5,True
337,337,337,0.0,-0.29219925,-0.017315026,0.0,0.48717952,0.84615386,-1.0,-0.011129833,-0.02985776,6008.0,73105,3,0.2,0.1,0.1,0,2,0.5,True
338,338,338,0.0,-0.29219925,-0.017315026,0.0,0.48717952,0.43589747,-1.0,-0.012073412,-0.02985776,5595.0,73105,3,0.2,0.1,0.1,0,2,0.5,True
339,339,339,0.0,4.5144706,0.014573491,0.0,0.5897436,-0.23076925,-1.0,-0.008042316,-0.023549458,100001.0,73105,3,0.2,0.1,0.1,0,2,0.5,False
340,340,340,0.0,-0.29219925,-0.017315026,0.0,-0.23076925,0.28205132,-1.0,-0.023447772,-0.02985776,4750.0,73105,3,0.2,0.1,0.1,0,2,0.5,True
341,341,341,0.0,4.473371,0.014573733,0.0,0.84615386,-1.0,-1.0,-0.0020745345,-0.023537626,100001.0,73105,3,0.2,0.1,0.1,0,2,0.5,False
342,342,342,0.0,4.5216904,0.0145734465,0.0,0.94871795,0.38461542,-1.0,-0.007478819,-0.023551509,100001.0,73105,3,0.2,0.1,0.1,0,2,0.5,False
343,343,343,0.0,-0.29226035,-0.017311515,0.0,-0.5897436,0.64102566,-1.0,-0.00893481,-0.02985777,6290.0,73105,3,0.2,0.1,0.1,0,2,0.5,True
344,344,344,0.0,-0.29219925,-0.017315026,0.0,0.0769231,-0.2820513,-1.0,-0.013794615,-0.02985776,4867.0,73105,3,0.2,0.1,0.1,0,2,0.5,True
345,345,345,0.0,-0.29219925,-0.017315026,0.0,0.48717952,0.94871795,-1.0,-0.010127731,-0.02985776,6156.0,73105,3,0.2,0.1,0.1,0,2,0.5,True
346,346,346,0.0,-0.29219925,-0.017315026,0.0,0.1794872,0.5897436,-1.0,-0.016490228,-0.02985776,5483.0,73105,3,0.2,0.1,0.1,0,2,0.5,True
347,347,347,0.0,-0.29226035,-0.017311515,0.0,-0.64102566,-0.7948718,-1.0,-0.01457716,-0.02985777,5430.0,73105,3,0.2,0.1,0.1,0,2,0.5,True
348,348,348,0.0,-0.29219925,-0.017315026,0.0,-0.33333334,0.43589747,-1.0,-0.016525498,-0.02985776,4289.0,73105,3,0.2,0.1,0.1,0,2,0.5,True
349,349,349,0.0,-0.29226035,-0.017311515,0.0,-0.43589744,0.0769231,-1.0,-0.028875107,-0.02985777,5620.0,73105,3,0.2,0.1,0.1,0,2,0.5,True
350,350,350,0.0,-0.29219925,-0.017315026,0.0,0.48717952,-0.4871795,-1.0,-0.00503353,-0.02985776,5786.0,73105,3,0.2,0.1,0.1,0,2,0.5,True
351,351,351,0.0,-0.29226035,-0.017311515,0.0,-0.7948718,-0.94871795,-1.0,-0.01175908,-0.02985777,5797.0,73105,3,0.2,0.1,0.1,0,2,0.5,True
352,352,352,0.0,-0.29226035,-0.017311515,0.0,-0.3846154,-1.0,-1.0,-0.008447783,-0.02985777,5450.0,73105,3,0.2,0.1,0.1,0,2,0.5,True
353,353,353,0.0,4.5128183,0.0145735,0.0,0.74358976,-0.4871795,-1.0,-0.0045096283,-0.023548981,100001.0,73105,3,0.2,0.1,0.1,0,2,0.5,False
354,354,354,0.0,-0.29226035,-0.017311515,0.0,-0.3846154,-0.23076925,-1.0,-0.027353877,-0.02985777,4573.0,73105,3,0.2,0.1,0.1,0,2,0.5,True
355,355,355,0.0,-0.29226035,-0.017311515,0.0,-0.5897436,-0.7948718,-1.0,-0.01454113,-0.02985777,5357.0,73105,3,0.2,0.1,0.1,0,2,0.5,True
356,356,356,0.0,4.4974627,0.014573594,0.0,0.74358976,-0.74358976,-1.0,-0.0029905424,-0.023544595,100001.0,73105,3,0.2,0.1,0.1,0,2,0.5,False
357,357,357,0.0,-0.29226035,-0.017311515,0.0,-0.1794872,-0.8974359,-1.0,-0.0073313527,-0.02985777,5025.0,73105,3,0.2,0.1,0.1,0,2,0.5,True
358,358,358,0.0,-0.29226035,-0.017311515,0.0,-0.4871795,-0.3846154,-1.0,-0.023606637,-0.02985777,5011.0,73105,3,0.2,0.1,0.1,0,2,0.5,True
359,359,359,0.0,-0.29219925,-0.017315026,0.0,0.43589747,0.48717952,-1.0,-0.01347776,-0.02985776,5584.0,73105,3,0.2,0.1,0.1,0,2,0.5,True
360,360,360,0.0,-0.29226035,-0.017311515,0.0,-0.4871795,0.33333337,-1.0,-0.019041723,-0.02985777,5848.0,73105,3,0.2,0.1,0.1,0,2,0.5,True
361,361,361,0.0,-0.29219925,-0.017315026,0.0,0.33333337,-0.64102566,-1.0,-0.004721806,-0.02985776,5216.0,73105,3,0.2,0.1,0.1,0,2,0.5,True
362,362,362,0.0,4.515615,0.014573485,0.0,0.64102566,-0.23076925,-1.0,-0.008165478,-0.023549786,100001.0,73105,3,0.2,0.1,0.1,0,2,0.5,False
363,363,363,0.0,-0.29219925,-0.017315026,0.0,0.7948718,0.48717952,-1.0,-0.0076944637,-0.02985776,6107.0,73105,3,0.2,0.1,0.1,0,2,0.5,True
364,364,364,0.0,-0.29219925,-0.017315026,0.0,0.48717952,-0.8974359,-1.0,-0.0029305632,-0.02985776,6095.0,73105,3,0.2,0.1,0.1,0,2,0.5,True
365,365,365,0.0,-0.29226035,-0.017311515,0.0,-0.33333334,-1.0,-1.0,-0.007838672,-0.02985777,5409.0,73105,3,0.2,0.1,0.1,0,2,0.5,True
366,366,366,0.0,-0.29219925,-0.017315026,0.0,0.28205132,-0.5897436,-1.0,-0.0054184715,-0.02985776,5059.0,73105,3,0.2,0.1,0.1,0,2,0.5,True
367,367,367,0.0,-0.29226035,-0.017311515,0.0,-0.94871795,0.5897436,-1.0,-0.008434464,-0.02985777,9329.0,73105,3,0.2,0.1,0.1,0,2,0.5,True
368,368,368,0.0,4.513751,0.014573491,0.0,0.5897436,-0.2820513,-1.0,-0.0070898803,-0.023549248,100001.0,73105,3,0.2,0.1,0.1,0,2,0.5,False
369,369,369,0.0,-0.29219925,-0.017315026,0.0,-0.4871795,0.8974359,-1.0,-0.005846422,-0.02985776,5038.0,73105,3,0.2,0.1,0.1,0,2,0.5,True
370,370,370,0.0,-0.29219925,-0.017315026,0.0,0.94871795,1.0,-1.0,-0.0063481256,-0.02985776,7003.0,73105,3,0.2,0.1,0.1,0,2,0.5,True
371,371,371,0.0,-0.29226035,-0.017311515,0.0,-0.3846154,-0.2820513,-1.0,-0.026438108,-0.02985777,4394.0,73105,3,0.2,0.1,0.1,0,2,0.5,True
372,372,372,0.0,-0.29226032,-0.017311534,0.0,0.0769231,-0.7948718,-1.0,-0.005549978,-0.029857768,3366.0,73105,3,0.2,0.1,0.1,0,2,0.5,True
373,373,373,0.0,-0.29226035,-0.017311515,0.0,-0.12820509,-0.84615386,-1.0,-0.0073323078,-0.02985777,4799.0,73105,3,0.2,0.1,0.1,0,2,0.5,True
374,374,374,0.0,4.508906,0.0145735275,0.0,0.6923077,-0.53846157,-1.0,-0.004171099,-0.023547895,100001.0,73105,3,0.2,0.1,0.1,0,2,0.5,False
375,375,375,0.0,-0.29226035,-0.017311515,0.0,-0.6923077,-0.2820513,-1.0,-0.02301188,-0.02985777,7091.0,73105,3,0.2,0.1,0.1,0,2,0.5,True
376,376,376,0.0,-0.29226035,-0.017311515,0.0,-0.43589744,-0.6923077,-1.0,-0.015894689,-0.02985777,4979.0,73105,3,0.2,0.1,0.1,0,2,0.5,True
377,377,377,0.0,-0.29219925,-0.017315026,0.0,-0.025640994,0.84615386,-1.0,-0.009526134,-0.02985776,5659.0,73105,3,0.2,0.1,0.1,0,2,0.5,True
378,378,378,0.0,-0.29219925,-0.017315026,0.0,-0.12820509,-0.4871795,-1.0,-0.014991037,-0.02985776,3984.0,73105,3,0.2,0.1,0.1,0,2,0.5,True
379,379,379,0.0,-0.29226035,-0.017311515,0.0,-0.53846157,-0.3846154,-1.0,-0.022998745,-0.02985777,5357.0,73105,3,0.2,0.1,0.1,0,2,0.5,True
380,380,380,0.0,-0.29226035,-0.017311515,0.0,-0.64102566,-0.1794872,-1.0,-0.026085315,-0.02985777,6929.0,73105,3,0.2,0.1,0.1,0,2,0.5,True
381,381,381,0.0,-0.29219925,-0.017315026,0.0,0.025641054,0.7948718,-1.0,-0.010926555,-0.02985776,5615.0,73105,3,0.2,0.1,0.1,0,2,0.5,True
382,382,382,0.0,-0.29226035,-0.017311515,0.0,-0.7948718,-0.6923077,-1.0,-0.014926246,-0.02985777,5712.0,73105,3,0.2,0.1,0.1,0,2,0.5,True
383,383,383,0.0,-0.29226035,-0.017311515,0.0,-0.43589744,-0.7948718,-1.0,-0.013217086,-0.02985777,5144.0,73105,3,0.2,0.1,0.1,0,2,0.5,True
384,384,384,0.0,-0.29226035,-0.017311515,0.0,-0.94871795,0.1794872,-1.0,-0.023585616,-0.02985777,9498.0,73105,3,0.2,0.1,0.1,0,2,0.5,True
385,385,385,0.0,-0.29219925,-0.017315026,0.0,-0.12820509,0.0769231,-1.0,-0.028746126,-0.02985776,4861.0,73105,3,0.2,0.1,0.1,0,2,0.5,True
386,386,386,0.0,-0.29226035,-0.017311515,0.0,-0.5897436,-0.3846154,-1.0,-0.022295834,-0.02985777,5747.0,73105,3,0.2,0.1,0.1,0,2,0.5,True
387,387,387,0.0,-0.29226035,-0.017311515,0.0,0.23076928,-1.0,-1.0,-0.0033840362,-0.02985777,4777.0,73105,3,0.2,0.1,0.1,0,2,0.5,True
388,388,388,0.0,4.515997,0.014573483,0.0,1.0,-0.64102566,-1.0,-0.003243052,-0.023549883,100001.0,73105,3,0.2,0.1,0.1,0,2,0.5,False
389,389,389,0.0,-0.29226035,-0.017311515,0.0,-0.94871795,-0.6923077,-1.0,-0.0130316615,-0.02985777,6548.0,73105,3,0.2,0.1,0.1,0,2,0.5,True
390,390,390,0.0,-0.29226035,-0.017311515,0.0,-0.84615386,0.0769231,-1.0,-0.027669683,-0.02985777,8627.0,73105,3,0.2,0.1,0.1,0,2,0.5,True
391,391,391,0.0,-0.29219925,-0.017315026,0.0,0.6923077,0.53846157,-1.0,-0.008827492,-0.02985776,5937.0,73105,3,0.2,0.1,0.1,0,2,0.5,True
392,392,392,0.0,-0.29219925,-0.017315026,0.0,-0.53846157,1.0,-1.0,-0.0047554984,-0.02985776,5152.0,73105,3,0.2,0.1,0.1,0,2,0.5,True
393,393,393,0.0,-0.29226035,-0.017311515,0.0,-0.2820513,-1.0,-1.0,-0.0072424943,-0.02985777,5369.0,73105,3,0.2,0.1,0.1,0,2,0.5,True
394,394,394,0.0,-0.29219925,-0.017315026,0.0,0.38461542,0.5897436,-1.0,-0.014411248,-0.02985776,5628.0,73105,3,0.2,0.1,0.1,0,2,0.5,True
395,395,395,0.0,-0.29219925,-0.017315026,0.0,0.28205132,0.64102566,-1.0,-0.015141203,-0.02985776,5599.0,73105,3,0.2,0.1,0.1,0,2,0.5,True
396,396,396,0.0,-0.29226035,-0.017311515,0.0,-0.33333334,-0.3846154,-1.0,-0.02399402,-0.02985777,3752.0,73105,3,0.2,0.1,0.1,0,2,0.5,True
397,397,397,0.0,-0.29219925,-0.017315026,0.0,-0.025640994,0.43589747,-1.0,-0.019831264,-0.02985776,5229.0,73105,3,0.2,0.1,0.1,0,2,0.5,True
398,398,398,0.0,-0.29219925,-0.017315026,0.0,0.64102566,0.84615386,-1.0,-0.009583401,-0.02985776,6191.0,73105,3,0.2,0.1,0.1,0,2,0.5,True
399,399,399,0.0,-0.29226035,-0.017311515,0.0,-0.53846157,-0.84615386,-1.0,-0.013159177,-0.02985777,5355.0,73105,3,0.2,0.1,0.1,0,2,0.5,True
400,400,400,0.0,-0.29219925,-0.017315026,0.0,0.1794872,-0.1794872,-1.0,-0.012550806,-0.02985776,5010.0,73105,3,0.2,0.1,0.1,0,2,0.5,True
401,401,401,0.0,-0.29219925,-0.017315026,0.0,-0.025640994,-0.33333334,-1.0,-0.016393272,-0.02985776,4686.0,73105,3,0.2,0.1,0.1,0,2,0.5,True
402,402,402,0.0,-0.29219925,-0.017315026,0.0,-0.2820513,0.94871795,-1.0,-0.0063024834,-0.02985776,5736.0,73105,3,0.2,0.1,0.1,0,2,0.5,True
403,403,403,0.0,4.5163336,0.014573472,0.0,0.8974359,-0.53846157,-1.0,-0.0039832448,-0.023550002,100001.0,73105,3,0.2,0.1,0.1,0,2,0.5,False
404,404,404,0.0,4.514552,0.014573489,0.0,0.74358976,0.33333337,-1.0,-0.008594241,-0.023549486,100001.0,73105,3,0.2,0.1,0.1,0,2,0.5,False
405,405,405,0.0,-0.29226035,-0.017311515,0.0,-0.64102566,0.53846157,-1.0,-0.010909923,-0.02985777,6816.0,73105,3,0.2,0.1,0.1,0,2,0.5,True
406,406,406,0.0,-0.29219925,-0.017315026,0.0,0.1794872,-0.84615386,-1.0,-0.0044036773,-0.02985776,3585.0,73105,3,0.2,0.1,0.1,0,2,0.5,True
407,407,407,0.0,-0.29226035,-0.017311515,0.0,-0.64102566,0.1794872,-1.0,-0.024838807,-0.02985777,7058.0,73105,3,0.2,0.1,0.1,0,2,0.5,True
408,408,408,0.0,-0.29219925,-0.017315026,0.0,-0.025640994,0.6923077,-1.0,-0.012611972,-0.02985776,5469.0,73105,3,0.2,0.1,0.1,0,2,0.5,True
409,409,409,0.0,-0.29226035,-0.017311515,0.0,-1.0,-0.84615386,-1.0,-0.011161653,-0.02985777,6110.0,73105,3,0.2,0.1,0.1,0,2,0.5,True
410,410,410,0.0,4.51141,0.01457351,0.0,0.8974359,-0.64102566,-1.0,-0.0033082135,-0.02354859,100001.0,73105,3,0.2,0.1,0.1,0,2,0.5,False
411,411,411,0.0,-0.29219925,-0.017315026,0.0,-0.1794872,0.38461542,-1.0,-0.020099824,-0.02985776,5022.0,73105,3,0.2,0.1,0.1,0,2,0.5,True
412,412,412,0.0,-0.29219925,-0.017315026,0.0,0.1794872,-0.5897436,-1.0,-0.006363655,-0.02985776,4769.0,73105,3,0.2,0.1,0.1,0,2,0.5,True
413,413,413,0.0,-0.29219925,-0.017315026,0.0,0.43589747,0.33333337,-1.0,-0.012644107,-0.02985776,5473.0,73105,3,0.2,0.1,0.1,0,2,0.5,True
414,414,414,0.0,-0.29219925,-0.017315026,0.0,0.0769231,0.1794872,-1.0,-0.024136364,-0.02985776,5115.0,73105,3,0.2,0.1,0.1,0,2,0.5,True
415,415,415,0.0,-0.29219925,-0.017315026,0.0,0.94871795,0.6923077,-1.0,-0.0063507864,-0.02985776,6591.0,73105,3,0.2,0.1,0.1,0,2,0.5,True
416,416,416,0.0,-0.29226035,-0.017311515,0.0,-0.74358976,-0.2820513,-1.0,-0.022434155,-0.02985777,7509.0,73105,3,0.2,0.1,0.1,0,2,0.5,True
417,417,417,0.0,-0.29219925,-0.017315026,0.0,0.7948718,0.84615386,-1.0,-0.007835077,-0.02985776,6434.0,73105,3,0.2,0.1,0.1,0,2,0.5,True
418,418,418,0.0,-0.29219925,-0.017315026,0.0,0.12820515,-0.33333334,-1.0,-0.010849429,-0.02985776,4888.0,73105,3,0.2,0.1,0.1,0,2,0.5,True
419,419,419,0.0,4.504786,0.014573555,0.0,0.53846157,-0.4871795,-1.0,-0.0048679984,-0.023546686,100001.0,73105,3,0.2,0.1,0.1,0,2,0.5,False
420,420,420,0.0,4.5118847,0.014573505,0.0,0.48717952,-0.23076925,-1.0,-0.007935268,-0.023548711,100001.0,73105,3,0.2,0.1,0.1,0,2,0.5,False
421,421,421,0.0,-0.29226035,-0.017311515,0.0,-0.4871795,0.7948718,-1.0,-0.0070319423,-0.02985777,3477.0,73105,3,0.2,0.1,0.1,0,2,0.5,True
422,422,422,0.0,-0.29219925,-0.017315026,0.0,0.48717952,0.48717952,-1.0,-0.0122926785,-0.02985776,5634.0,73105,3,0.2,0.1,0.1,0,2,0.5,True
423,423,423,0.0,-0.29219925,-0.017315026,0.0,0.23076928,0.025641054,-1.0,-0.015279104,-0.02985776,5113.0,73105,3,0.2,0.1,0.1,0,2,0.5,True
424,424,424,0.0,4.5131006,0.0145735005,0.0,0.48717952,-0.12820509,-1.0,-0.009941685,-0.023549045,100001.0,73105,3,0.2,0.1,0.1,0,2,0.5,False
425,425,425,0.0,-0.29226035,-0.017311515,0.0,-0.7948718,-0.12820509,-1.0,-0.026444329,-0.02985777,8157.0,73105,3,0.2,0.1,0.1,0,2,0.5,True
426,426,426,0.0,-0.29219925,-0.017315026,0.0,-0.3846154,0.8974359,-1.0,-0.006319093,-0.02985776,5527.0,73105,3,0.2,0.1,0.1,0,2,0.5,True
427,427,427,0.0,-0.29219925,-0.017315026,0.0,0.28205132,0.28205132,-1.0,-0.016974874,-0.02985776,5309.0,73105,3,0.2,0.1,0.1,0,2,0.5,True
428,428,428,0.0,4.5171347,0.014573471,0.0,0.6923077,-0.1794872,-1.0,-0.009736492,-0.023550212,100001.0,73105,3,0.2,0.1,0.1,0,2,0.5,False
429,429,429,0.0,4.526172,0.014573407,0.0,1.0,-0.1794872,-1.0,-0.011248963,-0.023552781,100001.0,73105,3,0.2,0.1,0.1,0,2,0.5,False
430,430,430,0.0,-0.29226035,-0.017311515,0.0,-0.7948718,-0.1794872,-1.0,-0.024925618,-0.02985777,8109.0,73105,3,0.2,0.1,0.1,0,2,0.5,True
431,431,431,0.0,-0.29219925,-0.017315026,0.0,0.38461542,-1.0,-1.0,-0.0028644404,-0.02985776,5246.0,73105,3,0.2,0.1,0.1,0,2,0.5,True
432,432,432,0.0,-0.29219925,-0.017315026,0.0,0.38461542,0.0769231,-1.0,-0.011660471,-0.02985776,5296.0,73105,3,0.2,0.1,0.1,0,2,0.5,True
433,433,433,0.0,-0.29226035,-0.017311515,0.0,-1.0,0.23076928,-1.0,-0.020918656,-0.02985777,9963.0,73105,3,0.2,0.1,0.1,0,2,0.5,True
434,434,434,0.0,-0.29219925,-0.017315026,0.0,0.64102566,-0.8974359,-1.0,-0.002612167,-0.02985776,7138.0,73105,3,0.2,0.1,0.1,0,2,0.5,True
435,435,435,0.0,-0.29219925,-0.017315026,0.0,0.43589747,-0.94871795,-1.0,-0.0028916711,-0.02985776,5781.0,73105,3,0.2,0.1,0.1,0,2,0.5,True
436,436,436,0.0,-0.29226035,-0.017311515,0.0,0.0769231,-0.94871795,-1.0,-0.0044378056,-0.02985777,4865.0,73105,3,0.2,0.1,0.1,0,2,0.5,True
437,437,437,0.0,-0.29226035,-0.017311515,0.0,-0.7948718,0.12820515,-1.0,-0.026263049,-0.02985777,8210.0,73105,3,0.2,0.1,0.1,0,2,0.5,True
438,438,438,0.0,4.5207605,0.014573448,0.0,0.84615386,-0.23076925,-1.0,-0.008819486,-0.023551246,100001.0,73105,3,0.2,0.1,0.1,0,2,0.5,False
439,439,439,0.0,-0.29219925,-0.017315026,0.0,0.7948718,0.64102566,-1.0,-0.007728887,-0.02985776,6200.0,73105,3,0.2,0.1,0.1,0,2,0.5,True
440,440,440,0.0,4.5093594,0.014573522,0.0,1.0,-0.74358976,-1.0,-0.0027395643,-0.023547998,100001.0,73105,3,0.2,0.1,0.1,0,2,0.5,False
441,441,441,0.0,-0.29226032,-0.017311534,0.0,0.12820515,-0.84615386,-1.0,-0.0047464427,-0.029857768,3604.0,73105,3,0.2,0.1,0.1,0,2,0.5,True
442,442,442,0.0,4.5129123,0.014573497,0.0,0.64102566,-0.3846154,-1.0,-0.005637507,-0.023549018,100001.0,73105,3,0.2,0.1,0.1,0,2,0.5,False
443,443,443,0.0,4.51839,0.014573464,0.0,0.94871795,-0.53846157,-1.0,-0.0039618947,-0.023550576,100001.0,73105,3,0.2,0.1,0.1,0,2,0.5,False
444,444,444,0.0,-0.29226035,-0.017311515,0.0,-1.0,0.64102566,-1.0,-0.0073514762,-0.02985777,9797.0,73105,3,0.2,0.1,0.1,0,2,0.5,True
445,445,445,0.0,-0.29219925,-0.017315026,0.0,0.23076928,0.7948718,-1.0,-0.012421622,-0.02985776,5731.0,73105,3,0.2,0.1,0.1,0,2,0.5,True
446,446,446,0.0,-0.29219925,-0.017315026,0.0,0.025641054,-0.2820513,-1.0,-0.015970105,-0.02985776,4811.0,73105,3,0.2,0.1,0.1,0,2,0.5,True
447,447,447,0.0,-0.29219925,-0.017315026,0.0,1.0,0.5897436,-1.0,-0.006134114,-0.02985776,6725.0,73105,3,0.2,0.1,0.1,0,2,0.5,True
448,448,448,0.0,-0.29226035,-0.017311515,0.0,-0.3846154,-0.6923077,-1.0,-0.015130142,-0.02985777,4881.0,73105,3,0.2,0.1,0.1,0,2,0.5,True
449,449,449,0.0,4.5149927,0.014573483,0.0,0.64102566,-0.2820513,-1.0,-0.0071261353,-0.023549592,100001.0,73105,3,0.2,0.1,0.1,0,2,0.5,False
450,450,450,0.0,-0.29226035,-0.017311515,0.0,-1.0,0.0769231,-1.0,-0.027300192,-0.02985777,9990.0,73105,3,0.2,0.1,0.1,0,2,0.5,True
451,451,451,0.0,-0.29226035,-0.017311515,0.0,0.0769231,-0.8974359,-1.0,-0.0047710524,-0.02985777,4571.0,73105,3,0.2,0.1,0.1,0,2,0.5,True
452,452,452,0.0,-0.29219925,-0.017315026,0.0,0.53846157,0.7948718,-1.0,-0.011000021,-0.02985776,5997.0,73105,3,0.2,0.1,0.1,0,2,0.5,True
453,453,453,0.0,4.525138,0.014573423,0.0,1.0,0.33333337,-1.0,-0.008131393,-0.023552487,100001.0,73105,3,0.2,0.1,0.1,0,2,0.5,False
454,454,454,0.0,-0.29219925,-0.017315026,0.0,0.53846157,0.23076928,-1.0,-0.010413566,-0.02985776,5578.0,73105,3,0.2,0.1,0.1,0,2,0.5,True
455,455,455,0.0,-0.29219925,-0.017315026,0.0,0.23076928,-0.74358976,-1.0,-0.0047073676,-0.02985776,4736.0,73105,3,0.2,0.1,0.1,0,2,0.5,True
456,456,456,0.0,-0.29219925,-0.017315026,0.0,0.84615386,0.53846157,-1.0,-0.007223319,-0.02985776,6243.0,73105,3,0.2,0.1,0.1,0,2,0.5,True
457,457,457,0.0,-0.29219925,-0.017315026,0.0,0.1794872,0.94871795,-1.0,-0.009466274,-0.02985776,5909.0,73105,3,0.2,0.1,0.1,0,2,0.5,True
458,458,458,0.0,-0.29219925,-0.017315026,0.0,0.0769231,-0.53846157,-1.0,-0.008441492,-0.02985776,4570.0,73105,3,0.2,0.1,0.1,0,2,0.5,True
459,459,459,0.0,-0.29226032,-0.017311534,0.0,-0.1794872,-0.5897436,-1.0,-0.013416429,-0.029857768,3651.0,73105,3,0.2,0.1,0.1,0,2,0.5,True
460,460,460,0.0,4.51337,0.014573494,0.0,0.48717952,-0.07692304,-1.0,-0.011050203,-0.023549153,100001.0,73105,3,0.2,0.1,0.1,0,2,0.5,False
461,461,461,0.0,-0.29226035,-0.017311515,0.0,-0.8974359,-0.53846157,-1.0,-0.015446256,-0.02985777,7603.0,73105,3,0.2,0.1,0.1,0,2,0.5,True
462,462,462,0.0,-0.29219925,-0.017315026,0.0,0.025641054,0.43589747,-1.0,-0.020114643,-0.02985776,5263.0,73105,3,0.2,0.1,0.1,0,2,0.5,True
463,463,463,0.0,-0.29219925,-0.017315026,0.0,0.12820515,0.53846157,-1.0,-0.017654298,-0.02985776,5407.0,73105,3,0.2,0.1,0.1,0,2,0.5,True
464,464,464,0.0,-0.29219925,-0.017315026,0.0,0.0769231,0.94871795,-1.0,-0.00873119,-0.02985776,5856.0,73105,3,0.2,0.1,0.1,0,2,0.5,True
465,465,465,0.0,4.491039,0.014573635,0.0,0.64102566,-0.74358976,-1.0,-0.0031584443,-0.02354273,100001.0,73105,3,0.2,0.1,0.1,0,2,0.5,False
466,466,466,0.0,-0.29219925,-0.017315026,0.0,0.0769231,0.5897436,-1.0,-0.016160414,-0.02985776,5423.0,73105,3,0.2,0.1,0.1,0,2,0.5,True
467,467,467,0.0,4.5214086,0.014573444,0.0,0.8974359,-0.33333334,-1.0,-0.006490992,-0.023551442,100001.0,73105,3,0.2,0.1,0.1,0,2,0.5,False
468,468,468,0.0,-0.29226035,-0.017311515,0.0,-0.94871795,-0.94871795,-1.0,-0.010810613,-0.02985777,6016.0,73105,3,0.2,0.1,0.1,0,2,0.5,True
469,469,469,0.0,-0.29219925,-0.017315026,0.0,0.025641054,1.0,-1.0,-0.0076522045,-0.02985776,5920.0,73105,3,0.2,0.1,0.1,0,2,0.5,True
470,470,470,0.0,-0.29226035,-0.017311515,0.0,-0.5897436,-0.64102566,-1.0,-0.017704017,-0.02985777,5226.0,73105,3,0.2,0.1,0.1,0,2,0.5,True
471,471,471,0.0,-0.29226035,-0.017311515,0.0,-0.4871795,-1.0,-1.0,-0.009620297,-0.02985777,5539.0,73105,3,0.2,0.1,0.1,0,2,0.5,True
472,472,472,0.0,-0.29219925,-0.017315026,0.0,1.0,0.7948718,-1.0,-0.005965623,-0.02985776,6829.0,73105,3,0.2,0.1,0.1,0,2,0.5,True
473,473,473,0.0,-0.29226035,-0.017311515,0.0,-0.8974359,-0.8974359,-1.0,-0.011692383,-0.02985777,5895.0,73105,3,0.2,0.1,0.1,0,2,0.5,True
474,474,474,0.0,-0.29219925,-0.017315026,0.0,-0.23076925,0.1794872,-1.0,-0.026951665,-0.02985776,4600.0,73105,3,0.2,0.1,0.1,0,2,0.5,True
475,475,475,0.0,-0.29226035,-0.017311515,0.0,-0.94871795,0.94871795,-1.0,-0.004115598,-0.02985777,9261.0,73105,3,0.2,0.1,0.1,0,2,0.5,True
476,476,476,0.0,-0.29226035,-0.017311515,0.0,-0.84615386,-0.07692304,-1.0,-0.02753148,-0.02985777,8602.0,73105,3,0.2,0.1,0.1,0,2,0.5,True
477,477,477,0.0,-0.29219925,-0.017315026,0.0,0.025641054,0.12820515,-1.0,-0.025834048,-0.02985776,5053.0,73105,3,0.2,0.1,0.1,0,2,0.5,True
478,478,478,0.0,-0.29219925,-0.017315026,0.0,0.5897436,1.0,-1.0,-0.009184804,-0.02985776,6359.0,73105,3,0.2,0.1,0.1,0,2,0.5,True
479,479,479,0.0,-0.29219925,-0.017315026,0.0,0.6923077,0.8974359,-1.0,-0.008867484,-0.02985776,6338.0,73105,3,0.2,0.1,0.1,0,2,0.5,True
480,480,480,0.0,-0.29219925,-0.017315026,0.0,0.5897436,0.74358976,-1.0,-0.010520614,-0.02985776,5995.0,73105,3,0.2,0.1,0.1,0,2,0.5,True
481,481,481,0.0,-0.29219925,-0.017315026,0.0,0.1794872,0.64102566,-1.0,-0.015384912,-0.02985776,5531.0,73105,3,0.2,0.1,0.1,0,2,0.5,True
482,482,482,0.0,-0.29226035,-0.017311515,0.0,-0.07692304,-0.8974359,-1.0,-0.006134159,-0.02985777,4891.0,73105,3,0.2,0.1,0.1,0,2,0.5,True
483,483,483,0.0,-0.29219925,-0.017315026,0.0,-0.23076925,-0.07692304,-1.0,-0.029578283,-0.02985776,4439.0,73105,3,0.2,0.1,0.1,0,2,0.5,True
484,484,484,0.0,4.522468,0.014573442,0.0,0.8974359,0.23076928,-1.0,-0.010281403,-0.023551742,100001.0,73105,3,0.2,0.1,0.1,0,2,0.5,False
485,485,485,0.0,-0.29219925,-0.017315026,0.0,0.33333337,0.0769231,-1.0,-0.0125065,-0.02985776,5222.0,73105,3,0.2,0.1,0.1,0,2,0.5,True
486,486,486,0.0,-0.29219925,-0.017315026,0.0,-0.2820513,0.64102566,-1.0,-0.011159258,-0.02985776,5177.0,73105,3,0.2,0.1,0.1,0,2,0.5,True
487,487,487,0.0,-0.29226035,-0.017311515,0.0,-0.84615386,-0.7948718,-1.0,-0.013204979,-0.02985777,5769.0,73105,3,0.2,0.1,0.1,0,2,0.5,True
488,488,488,0.0,4.522467,0.014573437,0.0,0.94871795,-0.3846154,-1.0,-0.0056718686,-0.023551723,100001.0,73105,3,0.2,0.1,0.1,0,2,0.5,False
489,489,489,0.0,4.515043,0.014573489,0.0,0.6923077,0.28205132,-1.0,-0.009229497,-0.023549624,100001.0,73105,3,0.2,0.1,0.1,0,2,0.5,False
490,490,490,0.0,4.5175605,0.014573469,0.0,0.6923077,0.025641054,-1.0,-0.014931797,-0.023550345,100001.0,73105,3,0.2,0.1,0.1,0,2,0.5,False
491,491,491,0.0,-0.29219925,-0.017315026,0.0,-0.12820509,0.33333337,-1.0,-0.022429077,-0.02985776,5051.0,73105,3,0.2,0.1,0.1,0,2,0.5,True
492,492,492,0.0,4.5125394,0.014573503,0.0,0.7948718,-0.53846157,-1.0,-0.0040525603,-0.023548907,100001.0,73105,3,0.2,0.1,0.1,0,2,0.5,False
493,493,493,0.0,4.5244656,0.0145734325,0.0,0.94871795,-0.07692304,-1.0,-0.0155861,-0.023552306,100001.0,73105,3,0.2,0.1,0.1,0,2,0.5,False
494,494,494,0.0,-0.29219925,-0.017315026,0.0,0.43589747,-0.3846154,-1.0,-0.0061394917,-0.02985776,5529.0,73105,3,0.2,0.1,0.1,0,2,0.5,True
495,495,495,0.0,-0.29219925,-0.017315026,0.0,-0.33333334,0.8974359,-1.0,-0.006588099,-0.02985776,5593.0,73105,3,0.2,0.1,0.1,0,2,0.5,True
496,496,496,0.0,-0.29219925,-0.017315026,0.0,0.5897436,0.84615386,-1.0,-0.010157631,-0.02985776,6124.0,73105,3,0.2,0.1,0.1,0,2,0.5,True
497,497,497,0.0,-0.29226035,-0.017311515,0.0,-0.4871795,0.28205132,-1.0,-0.021263614,-0.02985777,5899.0,73105,3,0.2,0.1,0.1,0,2,0.5,True
498,498,498,0.0,4.501585,0.014573567,0.0,0.74358976,-0.6923077,-1.0,-0.0032137875,-0.023545777,100001.0,73105,3,0.2,0.1,0.1,0,2,0.5,False
499,499,499,0.0,-0.29219925,-0.017315026,0.0,0.74358976,0.38461542,-1.0,-0.008320629,-0.02985776,6017.0,73105,3,0.2,0.1,0.1,0,2,0.5,True
