,Unnamed: 0.1,Unnamed: 0,e1,e2,e3,e0_1,e0_2,e0_3,power,eta0,eta,count,seed,N,J1,J2,gleak,ex,lk,rate,success
0,0,0,0.0,1.32158975e-05,5.7789834e-06,0.0,0.48717952,0.7948718,-1.0,-0.012237292,-0.02857143,3261.0,5988,3,0.2,0.0,0.1,0,2,0.5,True
1,1,1,0.0,1.3209051e-05,5.7745888e-06,0.0,0.7948718,-0.1794872,-1.0,-0.008532184,-0.02857143,3109.0,5988,3,0.2,0.0,0.1,0,2,0.5,True
2,2,2,0.0,-1.321891e-05,-5.778793e-06,0.0,-0.53846157,0.43589747,-1.0,-0.005924451,-0.02857143,2878.0,5988,3,0.2,0.0,0.1,0,2,0.5,True
3,3,3,0.0,1.3180069e-05,5.7633283e-06,0.0,0.025641054,1.0,-1.0,-0.0053988923,-0.02857143,3407.0,5988,3,0.2,0.0,0.1,0,2,0.5,True
4,4,4,0.0,1.3214239e-05,5.78153e-06,0.0,-0.4871795,0.7948718,-1.0,-0.0033086964,-0.02857143,3130.0,5988,3,0.2,0.0,0.1,0,2,0.5,True
5,5,5,0.0,-1.3182197e-05,-5.770834e-06,0.0,0.23076928,-0.4871795,-1.0,-0.009505953,-0.02857143,2425.0,5988,3,0.2,0.0,0.1,0,2,0.5,True
6,6,6,0.0,1.3199201e-05,5.771704e-06,0.0,0.025641054,0.8974359,-1.0,-0.006495107,-0.02857143,3224.0,5988,3,0.2,0.0,0.1,0,2,0.5,True
7,7,7,0.0,-1.31958295e-05,-5.7704483e-06,0.0,-0.12820509,-0.23076925,-1.0,-0.025495633,-0.02857143,2566.0,5988,3,0.2,0.0,0.1,0,2,0.5,True
8,8,8,0.0,-1.3180335e-05,-5.7634284e-06,0.0,-0.64102566,-0.84615386,-1.0,-0.010608519,-0.02857143,3451.0,5988,3,0.2,0.0,0.1,0,2,0.5,True
9,9,9,0.0,-1.3211082e-05,-5.7848542e-06,0.0,0.28205132,-0.53846157,-1.0,-0.007633965,-0.02857143,2455.0,5988,3,0.2,0.0,0.1,0,2,0.5,True
10,10,10,0.0,-1.3182639e-05,-5.7630486e-06,0.0,-0.74358976,-0.23076925,-1.0,-0.011241358,-0.02857143,3031.0,5988,3,0.2,0.0,0.1,0,2,0.5,True
11,11,11,0.0,1.3211418e-05,5.7756247e-06,0.0,0.6923077,-0.1794872,-1.0,-0.010030455,-0.02857143,2998.0,5988,3,0.2,0.0,0.1,0,2,0.5,True
12,12,12,0.0,-1.3188677e-05,-5.76786e-06,0.0,0.5897436,-1.0,-1.0,-0.00216226,-0.02857143,4173.0,5988,3,0.2,0.0,0.1,0,2,0.5,True
13,13,13,0.0,1.3200877e-05,5.771016e-06,0.0,0.6923077,-0.07692304,-1.0,-0.01449155,-0.02857143,2994.0,5988,3,0.2,0.0,0.1,0,2,0.5,True
14,14,14,0.0,1.3205408e-05,5.7743964e-06,0.0,0.8974359,0.6923077,-1.0,-0.007488202,-0.02857143,3571.0,5988,3,0.2,0.0,0.1,0,2,0.5,True
15,15,15,0.0,1.3203819e-05,5.7719244e-06,0.0,0.1794872,-0.025640994,-1.0,-0.02703662,-0.02857143,2477.0,5988,3,0.2,0.0,0.1,0,2,0.5,True
16,16,16,0.0,1.319913e-05,5.770248e-06,0.0,0.6923077,-0.33333334,-1.0,-0.0059025735,-0.02857143,3036.0,5988,3,0.2,0.0,0.1,0,2,0.5,True
17,17,17,0.0,-1.3212316e-05,-5.776012e-06,0.0,-0.64102566,0.0769231,-1.0,-0.01552698,-0.02857143,2944.0,5988,3,0.2,0.0,0.1,0,2,0.5,True
18,18,18,0.0,1.3214515e-05,5.77862e-06,0.0,0.12820515,0.28205132,-1.0,-0.024241531,-0.02857143,2608.0,5988,3,0.2,0.0,0.1,0,2,0.5,True
19,19,19,0.0,1.321659e-05,5.7778852e-06,0.0,0.6923077,0.0769231,-1.0,-0.015646016,-0.02857143,2991.0,5988,3,0.2,0.0,0.1,0,2,0.5,True
20,20,20,0.0,1.3193618e-05,5.7692378e-06,0.0,0.6923077,1.0,-1.0,-0.0089331735,-0.02857143,3731.0,5988,3,0.2,0.0,0.1,0,2,0.5,True
21,21,21,0.0,-1.3214634e-05,-5.777463e-06,0.0,-0.3846154,-0.1794872,-1.0,-0.0213242,-0.02857143,2709.0,5988,3,0.2,0.0,0.1,0,2,0.5,True
22,22,22,0.0,1.3203076e-05,5.7719767e-06,0.0,0.84615386,0.0769231,-1.0,-0.01271867,-0.02857143,3158.0,5988,3,0.2,0.0,0.1,0,2,0.5,True
23,23,23,0.0,1.32164605e-05,5.7791735e-06,0.0,0.7948718,0.43589747,-1.0,-0.009004221,-0.02857143,3166.0,5988,3,0.2,0.0,0.1,0,2,0.5,True
24,24,24,0.0,1.319286e-05,5.7672273e-06,0.0,0.28205132,-0.12820509,-1.0,-0.021944573,-0.02857143,2589.0,5988,3,0.2,0.0,0.1,0,2,0.5,True
25,25,25,0.0,-1.3224558e-05,-5.784326e-06,0.0,0.33333337,-0.6923077,-1.0,-0.00508125,-0.02857143,2852.0,5988,3,0.2,0.0,0.1,0,2,0.5,True
26,26,26,0.0,1.330288e-05,6.0571033e-06,0.0,-0.64102566,0.84615386,-1.0,-0.002448405,-0.02857143,3030.0,5988,3,0.2,0.0,0.1,0,2,0.5,True
27,27,27,0.0,-1.3181953e-05,-5.764112e-06,0.0,-0.64102566,-0.4871795,-1.0,-0.012161194,-0.02857143,3075.0,5988,3,0.2,0.0,0.1,0,2,0.5,True
28,28,28,0.0,-1.31934885e-05,-5.749619e-06,0.0,-0.4871795,0.64102566,-1.0,-0.004261469,-0.02857143,2595.0,5988,3,0.2,0.0,0.1,0,2,0.5,True
29,29,29,0.0,-1.3214239e-05,-5.78153e-06,0.0,0.48717952,-0.7948718,-1.0,-0.0033086964,-0.02857143,3130.0,5988,3,0.2,0.0,0.1,0,2,0.5,True
30,30,30,0.0,-1.3196319e-05,-5.770513e-06,0.0,-0.07692304,-0.5897436,-1.0,-0.013272263,-0.02857143,2849.0,5988,3,0.2,0.0,0.1,0,2,0.5,True
31,31,31,0.0,1.3196949e-05,5.7706925e-06,0.0,0.94871795,0.6923077,-1.0,-0.006807485,-0.02857143,3653.0,5988,3,0.2,0.0,0.1,0,2,0.5,True
32,32,32,0.0,1.3177879e-05,5.7614275e-06,0.0,0.1794872,0.0769231,-1.0,-0.027067518,-0.02857143,2518.0,5988,3,0.2,0.0,0.1,0,2,0.5,True
33,33,33,0.0,1.3215143e-05,5.7784855e-06,0.0,0.48717952,0.33333337,-1.0,-0.016746944,-0.02857143,2842.0,5988,3,0.2,0.0,0.1,0,2,0.5,True
34,34,34,0.0,1.3184839e-05,5.765376e-06,0.0,0.7948718,0.48717952,-1.0,-0.008975991,-0.02857143,3221.0,5988,3,0.2,0.0,0.1,0,2,0.5,True
35,35,35,0.0,-1.3183314e-05,-5.763337e-06,0.0,-0.74358976,0.33333337,-1.0,-0.00541371,-0.02857143,3099.0,5988,3,0.2,0.0,0.1,0,2,0.5,True
36,36,36,0.0,1.3188125e-05,5.7654406e-06,0.0,0.74358976,0.12820515,-1.0,-0.01330964,-0.02857143,3042.0,5988,3,0.2,0.0,0.1,0,2,0.5,True
37,37,37,0.0,-1.3178132e-05,-5.7624543e-06,0.0,-0.94871795,-0.53846157,-1.0,-0.0066535748,-0.02857143,3483.0,5988,3,0.2,0.0,0.1,0,2,0.5,True
38,38,38,0.0,-1.3218225e-05,-5.780246e-06,0.0,0.1794872,-0.74358976,-1.0,-0.0060895435,-0.02857143,2986.0,5988,3,0.2,0.0,0.1,0,2,0.5,True
39,39,39,0.0,1.3200482e-05,5.771131e-06,0.0,0.23076928,0.0769231,-1.0,-0.026237104,-0.02857143,2574.0,5988,3,0.2,0.0,0.1,0,2,0.5,True
40,40,40,0.0,1.3179197e-05,5.762863e-06,0.0,0.48717952,0.38461542,-1.0,-0.01645858,-0.02857143,2884.0,5988,3,0.2,0.0,0.1,0,2,0.5,True
41,41,41,0.0,-1.3195318e-05,-5.768585e-06,0.0,-0.8974359,0.23076928,-1.0,-0.0059551066,-0.02857143,3248.0,5988,3,0.2,0.0,0.1,0,2,0.5,True
42,42,42,0.0,-1.3214511e-05,-5.7768953e-06,0.0,-0.64102566,0.53846157,-1.0,-0.003976859,-0.02857143,3112.0,5988,3,0.2,0.0,0.1,0,2,0.5,True
43,43,43,0.0,1.3187146e-05,5.7649945e-06,0.0,0.38461542,-0.025640994,-1.0,-0.022977842,-0.02857143,2715.0,5988,3,0.2,0.0,0.1,0,2,0.5,True
44,44,44,0.0,1.3193894e-05,5.7679913e-06,0.0,0.74358976,0.28205132,-1.0,-0.010646719,-0.02857143,3010.0,5988,3,0.2,0.0,0.1,0,2,0.5,True
45,45,45,0.0,1.318944e-05,5.767416e-06,0.0,0.33333337,0.53846157,-1.0,-0.017552737,-0.02857143,2921.0,5988,3,0.2,0.0,0.1,0,2,0.5,True
46,46,46,0.0,1.3208923e-05,5.7774027e-06,0.0,-0.53846157,0.8974359,-1.0,-0.0026455938,-0.02857143,3600.0,5988,3,0.2,0.0,0.1,0,2,0.5,True
47,47,47,0.0,1.3191743e-05,5.765417e-06,0.0,0.38461542,-0.43589744,-1.0,-0.007927658,-0.02857143,2585.0,5988,3,0.2,0.0,0.1,0,2,0.5,True
48,48,48,0.0,1.3191115e-05,5.76675e-06,0.0,0.94871795,-0.23076925,-1.0,-0.0055156904,-0.02857143,3319.0,5988,3,0.2,0.0,0.1,0,2,0.5,True
49,49,49,0.0,1.31857905e-05,5.766042e-06,0.0,0.0769231,0.43589747,-1.0,-0.018342372,-0.02857143,2706.0,5988,3,0.2,0.0,0.1,0,2,0.5,True
50,50,50,0.0,-1.3219298e-05,-5.781866e-06,0.0,0.025641054,-0.33333334,-1.0,-0.019849366,-0.02857143,2505.0,5988,3,0.2,0.0,0.1,0,2,0.5,True
51,51,51,0.0,-1.3185086e-05,-5.764115e-06,0.0,-0.4871795,0.025641054,-1.0,-0.020611089,-0.02857143,2806.0,5988,3,0.2,0.0,0.1,0,2,0.5,True
52,52,52,0.0,-1.3189685e-05,-5.766126e-06,0.0,-1.0,0.23076928,-1.0,-0.0051192767,-0.02857143,3395.0,5988,3,0.2,0.0,0.1,0,2,0.5,True
53,53,53,0.0,1.3194285e-05,5.767162e-06,0.0,0.33333337,-0.33333334,-1.0,-0.011508168,-0.02857143,2562.0,5988,3,0.2,0.0,0.1,0,2,0.5,True
54,54,54,0.0,-1.3186629e-05,-5.7661973e-06,0.0,-0.2820513,-0.4871795,-1.0,-0.018898325,-0.02857143,2854.0,5988,3,0.2,0.0,0.1,0,2,0.5,True
55,55,55,0.0,1.3222118e-05,5.7803045e-06,0.0,0.6923077,0.1794872,-1.0,-0.013200618,-0.02857143,2983.0,5988,3,0.2,0.0,0.1,0,2,0.5,True
56,56,56,0.0,1.3190767e-05,5.7639363e-06,0.0,0.0769231,-0.025640994,-1.0,-0.028207993,-0.02857143,2221.0,5988,3,0.2,0.0,0.1,0,2,0.5,True
57,57,57,0.0,1.3203369e-05,5.7719735e-06,0.0,0.48717952,-0.3846154,-1.0,-0.0074148388,-0.02857143,2797.0,5988,3,0.2,0.0,0.1,0,2,0.5,True
58,58,58,0.0,1.31838e-05,5.7649318e-06,0.0,0.84615386,0.6923077,-1.0,-0.008232563,-0.02857143,3498.0,5988,3,0.2,0.0,0.1,0,2,0.5,True
59,59,59,0.0,1.3181388e-05,5.7628313e-06,0.0,0.64102566,0.28205132,-1.0,-0.012920181,-0.02857143,2894.0,5988,3,0.2,0.0,0.1,0,2,0.5,True
60,60,60,0.0,-1.3182604e-05,-5.7627935e-06,0.0,-0.3846154,0.28205132,-1.0,-0.012108291,-0.02857143,2674.0,5988,3,0.2,0.0,0.1,0,2,0.5,True
61,61,61,0.0,-1.3226063e-05,-5.792303e-06,0.0,0.64102566,-0.8974359,-1.0,-0.0022908852,-0.02857143,3651.0,5988,3,0.2,0.0,0.1,0,2,0.5,True
62,62,62,0.0,-1.3191328e-05,-5.766841e-06,0.0,-1.0,0.43589747,-1.0,-0.002832236,-0.02857143,3626.0,5988,3,0.2,0.0,0.1,0,2,0.5,True
63,63,63,0.0,1.3196319e-05,5.770513e-06,0.0,0.0769231,0.5897436,-1.0,-0.013272268,-0.02857143,2849.0,5988,3,0.2,0.0,0.1,0,2,0.5,True
64,64,64,0.0,-1.3186841e-05,-5.7100647e-06,0.0,-0.84615386,1.0,-1.0,-0.0015688926,-0.02857143,4732.0,5988,3,0.2,0.0,0.1,0,2,0.5,True
65,65,65,0.0,1.3205231e-05,5.7720454e-06,0.0,0.12820515,-0.025640994,-1.0,-0.027720273,-0.02857143,2377.0,5988,3,0.2,0.0,0.1,0,2,0.5,True
66,66,66,0.0,-1.320079e-05,-5.7753605e-06,0.0,0.5897436,-0.8974359,-1.0,-0.0024596292,-0.02857143,3646.0,5988,3,0.2,0.0,0.1,0,2,0.5,True
67,67,67,0.0,-1.3180835e-05,-5.763615e-06,0.0,-0.23076925,-0.2820513,-1.0,-0.023650607,-0.02857143,2676.0,5988,3,0.2,0.0,0.1,0,2,0.5,True
68,68,68,0.0,-1.3215522e-05,-5.778812e-06,0.0,-0.8974359,-0.74358976,-1.0,-0.007525572,-0.02857143,3632.0,5988,3,0.2,0.0,0.1,0,2,0.5,True
69,69,69,0.0,-1.321659e-05,-5.7778852e-06,0.0,-0.6923077,-0.07692304,-1.0,-0.015646016,-0.02857143,2991.0,5988,3,0.2,0.0,0.1,0,2,0.5,True
70,70,70,0.0,-1.3185398e-05,-5.764251e-06,0.0,-0.6923077,0.28205132,-1.0,-0.0069164946,-0.02857143,3017.0,5988,3,0.2,0.0,0.1,0,2,0.5,True
71,71,71,0.0,-1.3185744e-05,-5.764402e-06,0.0,-0.7948718,0.025641054,-1.0,-0.014197962,-0.02857143,3101.0,5988,3,0.2,0.0,0.1,0,2,0.5,True
72,72,72,0.0,-1.317786e-05,-5.760954e-06,0.0,-0.74358976,0.025641054,-1.0,-0.015137983,-0.02857143,3046.0,5988,3,0.2,0.0,0.1,0,2,0.5,True
73,73,73,0.0,1.3185744e-05,5.764402e-06,0.0,0.7948718,-0.025640994,-1.0,-0.014197963,-0.02857143,3101.0,5988,3,0.2,0.0,0.1,0,2,0.5,True
74,74,74,0.0,1.3219702e-05,5.7806938e-06,0.0,0.12820515,0.64102566,-1.0,-0.012831636,-0.02857143,2919.0,5988,3,0.2,0.0,0.1,0,2,0.5,True
75,75,75,0.0,-1.3207207e-05,-5.7854213e-06,0.0,0.38461542,-0.64102566,-1.0,-0.005100099,-0.02857143,2590.0,5988,3,0.2,0.0,0.1,0,2,0.5,True
76,76,76,0.0,1.3184417e-05,5.7651064e-06,0.0,0.38461542,0.33333337,-1.0,-0.019674728,-0.02857143,2791.0,5988,3,0.2,0.0,0.1,0,2,0.5,True
77,77,77,0.0,-1.3178581e-05,-5.7627253e-06,0.0,0.0769231,-0.84615386,-1.0,-0.0060182842,-0.02857143,3149.0,5988,3,0.2,0.0,0.1,0,2,0.5,True
78,78,78,0.0,-1.3191035e-05,-5.7679745e-06,0.0,-0.74358976,-0.3846154,-1.0,-0.0100740325,-0.02857143,3058.0,5988,3,0.2,0.0,0.1,0,2,0.5,True
79,79,79,0.0,1.3179089e-05,5.7628804e-06,0.0,0.8974359,0.8974359,-1.0,-0.007490415,-0.02857143,3844.0,5988,3,0.2,0.0,0.1,0,2,0.5,True
80,80,80,0.0,-1.3181409e-05,-5.763895e-06,0.0,-0.43589744,-1.0,-1.0,-0.0089143235,-0.02857143,3508.0,5988,3,0.2,0.0,0.1,0,2,0.5,True
81,81,81,0.0,1.3207248e-05,5.775198e-06,0.0,0.6923077,0.84615386,-1.0,-0.01007437,-0.02857143,3502.0,5988,3,0.2,0.0,0.1,0,2,0.5,True
82,82,82,0.0,1.3182006e-05,5.7627603e-06,0.0,0.5897436,-0.33333334,-1.0,-0.0070695006,-0.02857143,2917.0,5988,3,0.2,0.0,0.1,0,2,0.5,True
83,83,83,0.0,-1.3211339e-05,-5.7775433e-06,0.0,0.28205132,-0.74358976,-1.0,-0.005069447,-0.02857143,2988.0,5988,3,0.2,0.0,0.1,0,2,0.5,True
84,84,84,0.0,1.3177669e-05,5.762261e-06,0.0,0.5897436,1.0,-1.0,-0.009272589,-0.02857143,3627.0,5988,3,0.2,0.0,0.1,0,2,0.5,True
85,85,85,0.0,-1.318702e-05,-5.7601383e-06,0.0,-0.8974359,1.0,-1.0,-0.0014780498,-0.02857143,5325.0,5988,3,0.2,0.0,0.1,0,2,0.5,True
86,86,86,0.0,-1.3216463e-05,-5.7793104e-06,0.0,-0.1794872,-0.43589744,-1.0,-0.019969016,-0.02857143,2762.0,5988,3,0.2,0.0,0.1,0,2,0.5,True
87,87,87,0.0,-1.3209988e-05,-5.777958e-06,0.0,0.43589747,-0.7948718,-1.0,-0.0035887149,-0.02857143,3139.0,5988,3,0.2,0.0,0.1,0,2,0.5,True
88,88,88,0.0,1.3218865e-05,5.7800357e-06,0.0,0.38461542,0.28205132,-1.0,-0.02014525,-0.02857143,2754.0,5988,3,0.2,0.0,0.1,0,2,0.5,True
89,89,89,0.0,-1.3216569e-05,-5.7806114e-06,0.0,0.1794872,-0.53846157,-1.0,-0.00934272,-0.02857143,2639.0,5988,3,0.2,0.0,0.1,0,2,0.5,True
90,90,90,0.0,1.3208023e-05,5.7741368e-06,0.0,0.8974359,-0.025640994,-1.0,-0.012492927,-0.02857143,3222.0,5988,3,0.2,0.0,0.1,0,2,0.5,True
91,91,91,0.0,-1.3177879e-05,-5.7614275e-06,0.0,-0.1794872,-0.07692304,-1.0,-0.027067516,-0.02857143,2518.0,5988,3,0.2,0.0,0.1,0,2,0.5,True
92,92,92,0.0,1.31825755e-05,5.7644047e-06,0.0,0.53846157,0.94871795,-1.0,-0.009946283,-0.02857143,3503.0,5988,3,0.2,0.0,0.1,0,2,0.5,True
93,93,93,0.0,-1.3270413e-05,-5.945891e-06,0.0,0.6923077,-0.8974359,-1.0,-0.0021375357,-0.02857143,3440.0,5988,3,0.2,0.0,0.1,0,2,0.5,True
94,94,94,0.0,1.3216569e-05,5.7806114e-06,0.0,-0.1794872,0.53846157,-1.0,-0.00934272,-0.02857143,2639.0,5988,3,0.2,0.0,0.1,0,2,0.5,True
95,95,95,0.0,1.3227414e-05,5.7873444e-06,0.0,-0.43589744,0.74358976,-1.0,-0.0038966802,-0.02857143,2948.0,5988,3,0.2,0.0,0.1,0,2,0.5,True
96,96,96,0.0,1.3185067e-05,5.7640814e-06,0.0,0.5897436,-0.3846154,-1.0,-0.006136166,-0.02857143,2933.0,5988,3,0.2,0.0,0.1,0,2,0.5,True
97,97,97,0.0,-1.3201075e-05,-5.774006e-06,0.0,0.28205132,-0.64102566,-1.0,-0.0061548194,-0.02857143,2758.0,5988,3,0.2,0.0,0.1,0,2,0.5,True
98,98,98,0.0,1.3190537e-05,5.766493e-06,0.0,0.7948718,-0.4871795,-1.0,-0.003440513,-0.02857143,3329.0,5988,3,0.2,0.0,0.1,0,2,0.5,True
99,99,99,0.0,1.3195882e-05,5.7696775e-06,0.0,0.53846157,0.28205132,-1.0,-0.015632262,-0.02857143,2828.0,5988,3,0.2,0.0,0.1,0,2,0.5,True
100,100,100,0.0,1.3222713e-05,5.7819207e-06,0.0,0.38461542,0.38461542,-1.0,-0.019185172,-0.02857143,2828.0,5988,3,0.2,0.0,0.1,0,2,0.5,True
101,101,101,0.0,-1.3186012e-05,-5.7477882e-06,0.0,-0.5897436,0.74358976,-1.0,-0.0030510162,-0.02857143,2959.0,5988,3,0.2,0.0,0.1,0,2,0.5,True
102,102,102,0.0,-1.3184613e-05,-5.763911e-06,0.0,-0.84615386,-0.025640994,-1.0,-0.013596291,-0.02857143,3159.0,5988,3,0.2,0.0,0.1,0,2,0.5,True
103,103,103,0.0,1.3225639e-05,5.7812344e-06,0.0,0.43589747,-0.43589744,-1.0,-0.0071779997,-0.02857143,2702.0,5988,3,0.2,0.0,0.1,0,2,0.5,True
104,104,104,0.0,-1.3202098e-05,-5.772927e-06,0.0,-0.4871795,-0.4871795,-1.0,-0.015868217,-0.02857143,2966.0,5988,3,0.2,0.0,0.1,0,2,0.5,True
105,105,105,0.0,1.3182588e-05,5.7644975e-06,0.0,-0.025640994,0.74358976,-1.0,-0.0080352435,-0.02857143,2996.0,5988,3,0.2,0.0,0.1,0,2,0.5,True
106,106,106,0.0,-1.3213197e-05,-5.8416686e-06,0.0,0.12820515,-0.2820513,-1.0,-0.019144485,-0.02857143,2009.0,5988,3,0.2,0.0,0.1,0,2,0.5,True
107,107,107,0.0,-1.3203075e-05,-5.7719785e-06,0.0,-0.84615386,-0.07692304,-1.0,-0.012718673,-0.02857143,3158.0,5988,3,0.2,0.0,0.1,0,2,0.5,True
108,108,108,0.0,1.31992165e-05,5.7702896e-06,0.0,0.7948718,0.025641054,-1.0,-0.014496743,-0.02857143,3100.0,5988,3,0.2,0.0,0.1,0,2,0.5,True
109,109,109,0.0,1.31822135e-05,5.763139e-06,0.0,0.33333337,0.12820515,-1.0,-0.023434766,-0.02857143,2670.0,5988,3,0.2,0.0,0.1,0,2,0.5,True
110,110,110,0.0,-1.3178629e-05,-5.762747e-06,0.0,-0.1794872,-0.4871795,-1.0,-0.018345542,-0.02857143,2804.0,5988,3,0.2,0.0,0.1,0,2,0.5,True
111,111,111,0.0,-1.3180819e-05,-5.7641882e-06,0.0,0.38461542,-0.84615386,-1.0,-0.0035966027,-0.02857143,3280.0,5988,3,0.2,0.0,0.1,0,2,0.5,True
112,112,112,0.0,1.3183687e-05,5.7634975e-06,0.0,0.8974359,-0.07692304,-1.0,-0.011012319,-0.02857143,3224.0,5988,3,0.2,0.0,0.1,0,2,0.5,True
113,113,113,0.0,1.321507e-05,5.7786146e-06,0.0,0.94871795,0.64102566,-1.0,-0.006748865,-0.02857143,3594.0,5988,3,0.2,0.0,0.1,0,2,0.5,True
114,114,114,0.0,-1.321714e-05,-5.7781235e-06,0.0,-0.94871795,0.5897436,-1.0,-0.0022980631,-0.02857143,3907.0,5988,3,0.2,0.0,0.1,0,2,0.5,True
115,115,115,0.0,1.31871e-05,5.7672605e-06,0.0,-0.2820513,0.6923077,-1.0,-0.0055724015,-0.02857143,2876.0,5988,3,0.2,0.0,0.1,0,2,0.5,True
116,116,116,0.0,-1.31839815e-05,-5.7650286e-06,0.0,-0.33333334,-0.4871795,-1.0,-0.01859456,-0.02857143,2880.0,5988,3,0.2,0.0,0.1,0,2,0.5,True
117,117,117,0.0,-1.3181475e-05,-5.7648144e-06,0.0,0.38461542,-0.7948718,-1.0,-0.0039001629,-0.02857143,3131.0,5988,3,0.2,0.0,0.1,0,2,0.5,True
118,118,118,0.0,-1.3210408e-05,-5.7765697e-06,0.0,-0.8974359,-0.53846157,-1.0,-0.00734611,-0.02857143,3404.0,5988,3,0.2,0.0,0.1,0,2,0.5,True
119,119,119,0.0,-1.3222898e-05,-5.780641e-06,0.0,-1.0,0.74358976,-1.0,-0.0017392874,-0.02857143,4714.0,5988,3,0.2,0.0,0.1,0,2,0.5,True
120,120,120,0.0,-1.3199518e-05,-5.7719776e-06,0.0,-0.12820509,-0.1794872,-1.0,-0.026479155,-0.02857143,2524.0,5988,3,0.2,0.0,0.1,0,2,0.5,True
121,121,121,0.0,1.3210199e-05,5.7746483e-06,0.0,0.53846157,-0.53846157,-1.0,-0.004734252,-0.02857143,2901.0,5988,3,0.2,0.0,0.1,0,2,0.5,True
122,122,122,0.0,1.3221114e-05,5.779862e-06,0.0,0.84615386,-0.025640994,-1.0,-0.013316514,-0.02857143,3159.0,5988,3,0.2,0.0,0.1,0,2,0.5,True
123,123,123,0.0,-1.3186929e-05,-5.7649136e-06,0.0,-0.6923077,0.43589747,-1.0,-0.00452833,-0.02857143,3103.0,5988,3,0.2,0.0,0.1,0,2,0.5,True
124,124,124,0.0,1.3185831e-05,5.765826e-06,0.0,1.0,0.64102566,-1.0,-0.0061290204,-0.02857143,3685.0,5988,3,0.2,0.0,0.1,0,2,0.5,True
125,125,125,0.0,-1.3219581e-05,-5.779207e-06,0.0,-0.53846157,-0.12820509,-1.0,-0.018029971,-0.02857143,2842.0,5988,3,0.2,0.0,0.1,0,2,0.5,True
126,126,126,0.0,1.31960205e-05,5.7688712e-06,0.0,0.53846157,-0.2820513,-1.0,-0.009082799,-0.02857143,2852.0,5988,3,0.2,0.0,0.1,0,2,0.5,True
127,127,127,0.0,-1.3341501e-05,-6.181953e-06,0.0,0.43589747,-0.64102566,-1.0,-0.004656697,-0.02857143,2163.0,5988,3,0.2,0.0,0.1,0,2,0.5,True
128,128,128,0.0,-1.3178966e-05,-5.761432e-06,0.0,-0.4871795,0.0769231,-1.0,-0.018998524,-0.02857143,2805.0,5988,3,0.2,0.0,0.1,0,2,0.5,True
129,129,129,0.0,1.3193912e-05,5.7642574e-06,0.0,0.43589747,-0.53846157,-1.0,-0.0056932373,-0.02857143,2609.0,5988,3,0.2,0.0,0.1,0,2,0.5,True
130,130,130,0.0,-1.3209838e-05,-5.7749394e-06,0.0,-0.6923077,-0.23076925,-1.0,-0.012318925,-0.02857143,2972.0,5988,3,0.2,0.0,0.1,0,2,0.5,True
131,131,131,0.0,-1.3210711e-05,-5.775314e-06,0.0,-1.0,-0.23076925,-1.0,-0.007257834,-0.02857143,3371.0,5988,3,0.2,0.0,0.1,0,2,0.5,True
132,132,132,0.0,1.3341501e-05,6.181953e-06,0.0,-0.43589744,0.64102566,-1.0,-0.004656697,-0.02857143,2163.0,5988,3,0.2,0.0,0.1,0,2,0.5,True
133,133,133,0.0,1.3224587e-05,5.7813354e-06,0.0,0.43589747,-0.1794872,-1.0,-0.015285055,-0.02857143,2750.0,5988,3,0.2,0.0,0.1,0,2,0.5,True
134,134,134,0.0,-1.3222933e-05,-5.782043e-06,0.0,-1.0,-0.53846157,-1.0,-0.0060377005,-0.02857143,3570.0,5988,3,0.2,0.0,0.1,0,2,0.5,True
135,135,135,0.0,1.3218503e-05,5.779403e-06,0.0,0.43589747,0.23076928,-1.0,-0.01916158,-0.02857143,2750.0,5988,3,0.2,0.0,0.1,0,2,0.5,True
136,136,136,0.0,1.3192369e-05,5.7672537e-06,0.0,0.48717952,-0.2820513,-1.0,-0.009984691,-0.02857143,2797.0,5988,3,0.2,0.0,0.1,0,2,0.5,True
137,137,137,0.0,1.317648e-05,5.760291e-06,0.0,0.84615386,-0.74358976,-1.0,-0.002116625,-0.02857143,4090.0,5988,3,0.2,0.0,0.1,0,2,0.5,True
138,138,138,0.0,-1.3199265e-05,-5.7719753e-06,0.0,-0.025640994,-0.4871795,-1.0,-0.015335314,-0.02857143,2724.0,5988,3,0.2,0.0,0.1,0,2,0.5,True
139,139,139,0.0,-1.3187335e-05,-5.666089e-06,0.0,-0.07692304,0.12820515,-1.0,-0.026507825,-0.02857143,1873.0,5988,3,0.2,0.0,0.1,0,2,0.5,True
140,140,140,0.0,1.320325e-05,5.771029e-06,0.0,0.53846157,-0.5897436,-1.0,-0.0042872634,-0.02857143,2901.0,5988,3,0.2,0.0,0.1,0,2,0.5,True
141,141,141,0.0,-1.318953e-05,-5.7674492e-06,0.0,-0.94871795,-0.8974359,-1.0,-0.0069147088,-0.02857143,3930.0,5988,3,0.2,0.0,0.1,0,2,0.5,True
142,142,142,0.0,1.3180835e-05,5.763615e-06,0.0,0.23076928,0.28205132,-1.0,-0.023650607,-0.02857143,2676.0,5988,3,0.2,0.0,0.1,0,2,0.5,True
143,143,143,0.0,-1.3205387e-05,-5.774363e-06,0.0,-0.53846157,-0.4871795,-1.0,-0.014638175,-0.02857143,2999.0,5988,3,0.2,0.0,0.1,0,2,0.5,True
144,144,144,0.0,1.3207859e-05,5.774057e-06,0.0,0.53846157,-0.23076925,-1.0,-0.010776778,-0.02857143,2849.0,5988,3,0.2,0.0,0.1,0,2,0.5,True
145,145,145,0.0,-1.3205215e-05,-5.7720404e-06,0.0,-0.12820509,0.025641054,-1.0,-0.027720273,-0.02857143,2377.0,5988,3,0.2,0.0,0.1,0,2,0.5,True
146,146,146,0.0,-1.3179183e-05,-5.7628545e-06,0.0,-0.4871795,-0.3846154,-1.0,-0.01645858,-0.02857143,2884.0,5988,3,0.2,0.0,0.1,0,2,0.5,True
147,147,147,0.0,-1.3194729e-05,-5.768398e-06,0.0,-0.84615386,-0.33333334,-1.0,-0.008442337,-0.02857143,3115.0,5988,3,0.2,0.0,0.1,0,2,0.5,True
148,148,148,0.0,1.3215804e-05,5.778937e-06,0.0,0.74358976,0.74358976,-1.0,-0.009797282,-0.02857143,3430.0,5988,3,0.2,0.0,0.1,0,2,0.5,True
149,149,149,0.0,1.3208384e-05,5.7742773e-06,0.0,0.48717952,-0.1794872,-1.0,-0.014046341,-0.02857143,2800.0,5988,3,0.2,0.0,0.1,0,2,0.5,True
150,150,150,0.0,-1.3201998e-05,-5.772915e-06,0.0,-0.12820509,-1.0,-1.0,-0.006306057,-0.02857143,3399.0,5988,3,0.2,0.0,0.1,0,2,0.5,True
151,151,151,0.0,-1.3189563e-05,-5.7653288e-06,0.0,-0.2820513,0.23076928,-1.0,-0.016959535,-0.02857143,2540.0,5988,3,0.2,0.0,0.1,0,2,0.5,True
152,152,152,0.0,-1.3189405e-05,-5.762485e-06,0.0,-0.7948718,0.8974359,-1.0,-0.001870675,-0.02857143,4275.0,5988,3,0.2,0.0,0.1,0,2,0.5,True
153,153,153,0.0,1.32138275e-05,5.7780703e-06,0.0,0.43589747,0.53846157,-1.0,-0.016419306,-0.02857143,2977.0,5988,3,0.2,0.0,0.1,0,2,0.5,True
154,154,154,0.0,-1.3214052e-05,-5.778179e-06,0.0,-0.1794872,-1.0,-1.0,-0.0067865155,-0.02857143,3404.0,5988,3,0.2,0.0,0.1,0,2,0.5,True
155,155,155,0.0,1.3216425e-05,5.7792013e-06,0.0,0.84615386,0.53846157,-1.0,-0.008122165,-0.02857143,3334.0,5988,3,0.2,0.0,0.1,0,2,0.5,True
156,156,156,0.0,-1.3199899e-05,-5.770697e-06,0.0,-0.6923077,-0.2820513,-1.0,-0.011726827,-0.02857143,2946.0,5988,3,0.2,0.0,0.1,0,2,0.5,True
157,157,157,0.0,-1.318944e-05,-5.767416e-06,0.0,-0.33333334,-0.53846157,-1.0,-0.017552735,-0.02857143,2921.0,5988,3,0.2,0.0,0.1,0,2,0.5,True
158,158,158,0.0,1.3185171e-05,5.767791e-06,0.0,-0.025640994,0.28205132,-1.0,-0.021969948,-0.02857143,2430.0,5988,3,0.2,0.0,0.1,0,2,0.5,True
159,159,159,0.0,-1.3204475e-05,-5.7725592e-06,0.0,-0.4871795,0.23076928,-1.0,-0.011805815,-0.02857143,2798.0,5988,3,0.2,0.0,0.1,0,2,0.5,True
160,160,160,0.0,-1.3215143e-05,-5.7784855e-06,0.0,-0.4871795,-0.33333334,-1.0,-0.016746944,-0.02857143,2842.0,5988,3,0.2,0.0,0.1,0,2,0.5,True
161,161,161,0.0,1.3176994e-05,5.7605466e-06,0.0,0.74358976,-0.5897436,-1.0,-0.0030813224,-0.02857143,3397.0,5988,3,0.2,0.0,0.1,0,2,0.5,True
162,162,162,0.0,-1.3211418e-05,-5.7756247e-06,0.0,-0.6923077,0.1794872,-1.0,-0.010030455,-0.02857143,2998.0,5988,3,0.2,0.0,0.1,0,2,0.5,True
163,163,163,0.0,-1.3225811e-05,-5.7838347e-06,0.0,-0.07692304,-0.2820513,-1.0,-0.023867246,-0.02857143,2564.0,5988,3,0.2,0.0,0.1,0,2,0.5,True
164,164,164,0.0,1.3184909e-05,5.7640577e-06,0.0,0.23076928,0.025641054,-1.0,-0.026478788,-0.02857143,2564.0,5988,3,0.2,0.0,0.1,0,2,0.5,True
165,165,165,0.0,1.3201998e-05,5.772915e-06,0.0,0.12820515,1.0,-1.0,-0.006306056,-0.02857143,3399.0,5988,3,0.2,0.0,0.1,0,2,0.5,True
166,166,166,0.0,1.3186884e-05,5.766283e-06,0.0,0.53846157,0.53846157,-1.0,-0.014391566,-0.02857143,3043.0,5988,3,0.2,0.0,0.1,0,2,0.5,True
167,167,167,0.0,1.3182174e-05,5.7638927e-06,0.0,0.8974359,0.38461542,-1.0,-0.007464319,-0.02857143,3199.0,5988,3,0.2,0.0,0.1,0,2,0.5,True
168,168,168,0.0,-1.3189186e-05,-5.7653715e-06,0.0,-0.33333334,0.28205132,-1.0,-0.013339094,-0.02857143,2597.0,5988,3,0.2,0.0,0.1,0,2,0.5,True
169,169,169,0.0,1.3180335e-05,5.7634284e-06,0.0,0.64102566,0.84615386,-1.0,-0.010608519,-0.02857143,3451.0,5988,3,0.2,0.0,0.1,0,2,0.5,True
170,170,170,0.0,-1.3198381e-05,-5.7911598e-06,0.0,0.0769231,-0.23076925,-1.0,-0.022829311,-0.02857143,2139.0,5988,3,0.2,0.0,0.1,0,2,0.5,True
171,171,171,0.0,-1.3194229e-05,-5.7695283e-06,0.0,-0.1794872,-0.74358976,-1.0,-0.011144533,-0.02857143,3046.0,5988,3,0.2,0.0,0.1,0,2,0.5,True
172,172,172,0.0,-1.3201051e-05,-5.7710904e-06,0.0,-0.8974359,-0.07692304,-1.0,-0.0118754925,-0.02857143,3221.0,5988,3,0.2,0.0,0.1,0,2,0.5,True
173,173,173,0.0,1.3184912e-05,5.7610737e-06,0.0,0.53846157,-0.64102566,-1.0,-0.0039089425,-0.02857143,2874.0,5988,3,0.2,0.0,0.1,0,2,0.5,True
174,174,174,0.0,-1.3217844e-05,-5.778413e-06,0.0,-0.64102566,0.43589747,-1.0,-0.0049396832,-0.02857143,3028.0,5988,3,0.2,0.0,0.1,0,2,0.5,True
175,175,175,0.0,-1.3184077e-05,-5.765055e-06,0.0,-0.4871795,-0.53846157,-1.0,-0.015476654,-0.02857143,3009.0,5988,3,0.2,0.0,0.1,0,2,0.5,True
176,176,176,0.0,1.3213231e-05,5.776414e-06,0.0,0.6923077,-0.3846154,-1.0,-0.005129813,-0.02857143,3064.0,5988,3,0.2,0.0,0.1,0,2,0.5,True
177,177,177,0.0,-1.3193258e-05,-5.769108e-06,0.0,0.025641054,-0.94871795,-1.0,-0.0054460783,-0.02857143,3320.0,5988,3,0.2,0.0,0.1,0,2,0.5,True
178,178,178,0.0,1.3211594e-05,5.7756984e-06,0.0,0.74358976,-0.2820513,-1.0,-0.006344127,-0.02857143,3075.0,5988,3,0.2,0.0,0.1,0,2,0.5,True
179,179,179,0.0,-1.3181682e-05,-5.762725e-06,0.0,-0.33333334,-0.07692304,-1.0,-0.024113236,-0.02857143,2670.0,5988,3,0.2,0.0,0.1,0,2,0.5,True
180,180,180,0.0,-1.3196857e-05,-5.7695192e-06,0.0,-0.07692304,-0.025640994,-1.0,-0.028320218,-0.02857143,2293.0,5988,3,0.2,0.0,0.1,0,2,0.5,True
181,181,181,0.0,-1.3226105e-05,-5.7834413e-06,0.0,-0.84615386,-0.8974359,-1.0,-0.008080325,-0.02857143,3765.0,5988,3,0.2,0.0,0.1,0,2,0.5,True
182,182,182,0.0,-1.3183128e-05,-5.7632565e-06,0.0,-0.94871795,-0.23076925,-1.0,-0.0078929905,-0.02857143,3295.0,5988,3,0.2,0.0,0.1,0,2,0.5,True
183,183,183,0.0,-1.3209433e-05,-5.774372e-06,0.0,-0.64102566,0.64102566,-1.0,-0.0033124778,-0.02857143,3213.0,5988,3,0.2,0.0,0.1,0,2,0.5,True
184,184,184,0.0,1.3182956e-05,5.7631783e-06,0.0,0.94871795,-0.6923077,-1.0,-0.0019812589,-0.02857143,4279.0,5988,3,0.2,0.0,0.1,0,2,0.5,True
185,185,185,0.0,-1.31823035e-05,-5.7644625e-06,0.0,-0.12820509,-0.3846154,-1.0,-0.021072533,-0.02857143,2693.0,5988,3,0.2,0.0,0.1,0,2,0.5,True
186,186,186,0.0,1.3177374e-05,5.762131e-06,0.0,0.94871795,0.7948718,-1.0,-0.006899822,-0.02857143,3782.0,5988,3,0.2,0.0,0.1,0,2,0.5,True
187,187,187,0.0,-1.3178649e-05,-5.7626794e-06,0.0,-0.6923077,-0.5897436,-1.0,-0.010943714,-0.02857143,3215.0,5988,3,0.2,0.0,0.1,0,2,0.5,True
188,188,188,0.0,1.3223551e-05,5.7823318e-06,0.0,0.28205132,0.8974359,-1.0,-0.0093560675,-0.02857143,3275.0,5988,3,0.2,0.0,0.1,0,2,0.5,True
189,189,189,0.0,1.3206925e-05,5.7753973e-06,0.0,-0.12820509,0.64102566,-1.0,-0.008235709,-0.02857143,2834.0,5988,3,0.2,0.0,0.1,0,2,0.5,True
190,190,190,0.0,-1.32087425e-05,-5.776107e-06,0.0,0.28205132,-0.84615386,-1.0,-0.004249129,-0.02857143,3217.0,5988,3,0.2,0.0,0.1,0,2,0.5,True
191,191,191,0.0,-1.3177396e-05,-5.760117e-06,0.0,-0.23076925,0.12820515,-1.0,-0.023275673,-0.02857143,2513.0,5988,3,0.2,0.0,0.1,0,2,0.5,True
192,192,192,0.0,1.3226105e-05,5.7834413e-06,0.0,0.84615386,0.8974359,-1.0,-0.008080325,-0.02857143,3765.0,5988,3,0.2,0.0,0.1,0,2,0.5,True
193,193,193,0.0,1.3219941e-05,5.779325e-06,0.0,0.8974359,-0.74358976,-1.0,-0.0019789862,-0.02857143,4288.0,5988,3,0.2,0.0,0.1,0,2,0.5,True
194,194,194,0.0,-1.3201743e-05,-5.771392e-06,0.0,-1.0,0.12820515,-1.0,-0.007861905,-0.02857143,3368.0,5988,3,0.2,0.0,0.1,0,2,0.5,True
195,195,195,0.0,-1.31910965e-05,-5.766741e-06,0.0,-0.8974359,0.5897436,-1.0,-0.0024649722,-0.02857143,3770.0,5988,3,0.2,0.0,0.1,0,2,0.5,True
196,196,196,0.0,-1.28458505e-05,-4.67622e-06,0.0,-0.23076925,0.38461542,-1.0,-0.012266175,-0.02857143,1705.0,5988,3,0.2,0.0,0.1,0,2,0.5,True
197,197,197,0.0,-1.3182733e-05,-5.7630837e-06,0.0,-0.8974359,0.33333337,-1.0,-0.00423951,-0.02857143,3308.0,5988,3,0.2,0.0,0.1,0,2,0.5,True
198,198,198,0.0,-1.3209185e-05,-5.780172e-06,0.0,0.12820515,-0.3846154,-1.0,-0.0149350185,-0.02857143,2410.0,5988,3,0.2,0.0,0.1,0,2,0.5,True
199,199,199,0.0,1.31845545e-05,5.7652687e-06,0.0,0.6923077,0.74358976,-1.0,-0.010591801,-0.02857143,3376.0,5988,3,0.2,0.0,0.1,0,2,0.5,True
200,200,200,0.0,-1.32017285e-05,-5.772778e-06,0.0,-0.64102566,-1.0,-1.0,-0.0091579445,-0.02857143,3676.0,5988,3,0.2,0.0,0.1,0,2,0.5,True
201,201,201,0.0,-1.3214443e-05,-5.7769475e-06,0.0,-0.64102566,-0.025640994,-1.0,-0.017541891,-0.02857143,2943.0,5988,3,0.2,0.0,0.1,0,2,0.5,True
202,202,202,0.0,-1.3199168e-05,-5.7716647e-06,0.0,-0.8974359,-0.84615386,-1.0,-0.0075321235,-0.02857143,3768.0,5988,3,0.2,0.0,0.1,0,2,0.5,True
203,203,203,0.0,1.3214936e-05,5.778607e-06,0.0,0.025641054,0.7948718,-1.0,-0.007918235,-0.02857143,3071.0,5988,3,0.2,0.0,0.1,0,2,0.5,True
204,204,204,0.0,1.32210125e-05,5.781194e-06,0.0,0.94871795,0.48717952,-1.0,-0.0066419705,-0.02857143,3424.0,5988,3,0.2,0.0,0.1,0,2,0.5,True
205,205,205,0.0,-1.322142e-05,-5.791219e-06,0.0,0.5897436,-0.84615386,-1.0,-0.0026340117,-0.02857143,3329.0,5988,3,0.2,0.0,0.1,0,2,0.5,True
206,206,206,0.0,-1.3196407e-05,-5.7690595e-06,0.0,-0.94871795,0.64102566,-1.0,-0.0021276602,-0.02857143,4082.0,5988,3,0.2,0.0,0.1,0,2,0.5,True
207,207,207,0.0,-1.3200587e-05,-5.770914e-06,0.0,-0.64102566,-0.23076925,-1.0,-0.013503323,-0.02857143,2916.0,5988,3,0.2,0.0,0.1,0,2,0.5,True
208,208,208,0.0,1.3207742e-05,5.775968e-06,0.0,-0.33333334,0.7948718,-1.0,-0.004246672,-0.02857143,3116.0,5988,3,0.2,0.0,0.1,0,2,0.5,True
209,209,209,0.0,-1.3191582e-05,-5.768345e-06,0.0,-0.8974359,-1.0,-1.0,-0.0073042633,-0.02857143,4013.0,5988,3,0.2,0.0,0.1,0,2,0.5,True
210,210,210,0.0,1.3220832e-05,5.7811394e-06,0.0,0.5897436,0.7948718,-1.0,-0.011567378,-0.02857143,3340.0,5988,3,0.2,0.0,0.1,0,2,0.5,True
211,211,211,0.0,-1.3216425e-05,-5.7792013e-06,0.0,-0.84615386,-0.53846157,-1.0,-0.008122165,-0.02857143,3334.0,5988,3,0.2,0.0,0.1,0,2,0.5,True
212,212,212,0.0,-1.3193618e-05,-5.7692378e-06,0.0,-0.6923077,-1.0,-1.0,-0.0089331735,-0.02857143,3731.0,5988,3,0.2,0.0,0.1,0,2,0.5,True
213,213,213,0.0,1.3219304e-05,5.7790435e-06,0.0,0.6923077,-0.53846157,-1.0,-0.0036588225,-0.02857143,3211.0,5988,3,0.2,0.0,0.1,0,2,0.5,True
214,214,214,0.0,1.319621e-05,5.7703755e-06,0.0,0.28205132,1.0,-1.0,-0.0077465335,-0.02857143,3431.0,5988,3,0.2,0.0,0.1,0,2,0.5,True
215,215,215,0.0,1.3179874e-05,5.7618363e-06,0.0,0.5897436,-0.025640994,-1.0,-0.01829198,-0.02857143,2897.0,5988,3,0.2,0.0,0.1,0,2,0.5,True
216,216,216,0.0,1.3188086e-05,5.7654242e-06,0.0,0.8974359,0.1794872,-1.0,-0.009447872,-0.02857143,3222.0,5988,3,0.2,0.0,0.1,0,2,0.5,True
217,217,217,0.0,-1.31899005e-05,-5.7675966e-06,0.0,-0.64102566,-0.53846157,-1.0,-0.012089725,-0.02857143,3121.0,5988,3,0.2,0.0,0.1,0,2,0.5,True
218,218,218,0.0,1.319826e-05,5.771285e-06,0.0,0.28205132,0.53846157,-1.0,-0.01762177,-0.02857143,2895.0,5988,3,0.2,0.0,0.1,0,2,0.5,True
219,219,219,0.0,1.3218921e-05,5.7787975e-06,0.0,0.53846157,-0.43589744,-1.0,-0.005924451,-0.02857143,2878.0,5988,3,0.2,0.0,0.1,0,2,0.5,True
220,220,220,0.0,1.3194729e-05,5.768398e-06,0.0,0.84615386,0.33333337,-1.0,-0.008442335,-0.02857143,3115.0,5988,3,0.2,0.0,0.1,0,2,0.5,True
221,221,221,0.0,1.3210883e-05,5.77683e-06,0.0,0.0769231,0.74358976,-1.0,-0.009571483,-0.02857143,3015.0,5988,3,0.2,0.0,0.1,0,2,0.5,True
222,222,222,0.0,-1.32118075e-05,-5.7757966e-06,0.0,-1.0,0.48717952,-1.0,-0.0025554139,-0.02857143,3741.0,5988,3,0.2,0.0,0.1,0,2,0.5,True
223,223,223,0.0,1.3218862e-05,5.7777365e-06,0.0,0.48717952,-0.53846157,-1.0,-0.0051852223,-0.02857143,2774.0,5988,3,0.2,0.0,0.1,0,2,0.5,True
224,224,224,0.0,-1.3202338e-05,-5.773052e-06,0.0,-0.43589744,-0.84615386,-1.0,-0.0113916835,-0.02857143,3289.0,5988,3,0.2,0.0,0.1,0,2,0.5,True
225,225,225,0.0,1.3194752e-05,5.768338e-06,0.0,0.7948718,0.1794872,-1.0,-0.011146541,-0.02857143,3096.0,5988,3,0.2,0.0,0.1,0,2,0.5,True
226,226,226,0.0,-1.3202745e-05,-5.771832e-06,0.0,-0.94871795,0.12820515,-1.0,-0.008433788,-0.02857143,3295.0,5988,3,0.2,0.0,0.1,0,2,0.5,True
227,227,227,0.0,1.341389e-05,6.4831356e-06,0.0,-0.1794872,0.33333337,-1.0,-0.015458616,-0.02857143,1732.0,5988,3,0.2,0.0,0.1,0,2,0.5,True
228,228,228,0.0,-1.31875495e-05,-5.7665384e-06,0.0,-0.6923077,-0.43589744,-1.0,-0.011054168,-0.02857143,3070.0,5988,3,0.2,0.0,0.1,0,2,0.5,True
229,229,229,0.0,-1.3209243e-05,-5.7760994e-06,0.0,-0.12820509,-0.74358976,-1.0,-0.010368053,-0.02857143,3029.0,5988,3,0.2,0.0,0.1,0,2,0.5,True
230,230,230,0.0,-1.321195e-05,-5.7772627e-06,0.0,-0.23076925,-0.84615386,-1.0,-0.009716218,-0.02857143,3187.0,5988,3,0.2,0.0,0.1,0,2,0.5,True
231,231,231,0.0,-1.3214911e-05,-5.778544e-06,0.0,-0.33333334,-0.43589744,-1.0,-0.01951602,-0.02857143,2840.0,5988,3,0.2,0.0,0.1,0,2,0.5,True
232,232,232,0.0,-1.3183471e-05,-5.7648085e-06,0.0,-0.07692304,-1.0,-1.0,-0.005841061,-0.02857143,3400.0,5988,3,0.2,0.0,0.1,0,2,0.5,True
233,233,233,0.0,-1.3180131e-05,-5.7635e-06,0.0,0.0769231,-0.6923077,-1.0,-0.008139146,-0.02857143,2919.0,5988,3,0.2,0.0,0.1,0,2,0.5,True
234,234,234,0.0,1.3208917e-05,5.7759516e-06,0.0,0.23076928,0.33333337,-1.0,-0.022686828,-0.02857143,2712.0,5988,3,0.2,0.0,0.1,0,2,0.5,True
235,235,235,0.0,-1.3188354e-05,-5.76694e-06,0.0,-0.33333334,-1.0,-1.0,-0.008192989,-0.02857143,3452.0,5988,3,0.2,0.0,0.1,0,2,0.5,True
236,236,236,0.0,1.3223949e-05,5.7808475e-06,0.0,0.48717952,-0.43589744,-1.0,-0.0065133134,-0.02857143,2796.0,5988,3,0.2,0.0,0.1,0,2,0.5,True
237,237,237,0.0,-1.3184485e-05,-5.7636717e-06,0.0,-0.5897436,0.53846157,-1.0,-0.004333515,-0.02857143,3011.0,5988,3,0.2,0.0,0.1,0,2,0.5,True
238,238,238,0.0,1.3273249e-05,6.0447605e-06,0.0,-0.025640994,0.0769231,-1.0,-0.02804094,-0.02857143,1693.0,5988,3,0.2,0.0,0.1,0,2,0.5,True
239,239,239,0.0,1.3199798e-05,5.771936e-06,0.0,1.0,0.84615386,-1.0,-0.0063442583,-0.02857143,3947.0,5988,3,0.2,0.0,0.1,0,2,0.5,True
240,240,240,0.0,1.3220697e-05,5.779701e-06,0.0,0.43589747,0.0769231,-1.0,-0.02165161,-0.02857143,2758.0,5988,3,0.2,0.0,0.1,0,2,0.5,True
241,241,241,0.0,-1.3190043e-05,-5.766312e-06,0.0,-0.4871795,-0.12820509,-1.0,-0.019372173,-0.02857143,2797.0,5988,3,0.2,0.0,0.1,0,2,0.5,True
242,242,242,0.0,-1.3205473e-05,-5.774445e-06,0.0,-0.025640994,-0.94871795,-1.0,-0.0059120688,-0.02857143,3311.0,5988,3,0.2,0.0,0.1,0,2,0.5,True
243,243,243,0.0,-1.3214008e-05,-5.7784027e-06,0.0,0.23076928,-0.7948718,-1.0,-0.00506,-0.02857143,3087.0,5988,3,0.2,0.0,0.1,0,2,0.5,True
244,244,244,0.0,-1.32089035e-05,-5.7760462e-06,0.0,0.23076928,-0.8974359,-1.0,-0.0042506102,-0.02857143,3304.0,5988,3,0.2,0.0,0.1,0,2,0.5,True
245,245,245,0.0,1.3193181e-05,5.7690468e-06,0.0,0.38461542,0.6923077,-1.0,-0.014212622,-0.02857143,3087.0,5988,3,0.2,0.0,0.1,0,2,0.5,True
246,246,246,0.0,-1.3325952e-05,-6.206939e-06,0.0,0.5897436,-0.7948718,-1.0,-0.0028297275,-0.02857143,2691.0,5988,3,0.2,0.0,0.1,0,2,0.5,True
247,247,247,0.0,-1.3184986e-05,-5.76112e-06,0.0,-0.6923077,0.7948718,-1.0,-0.0024397937,-0.02857143,3544.0,5988,3,0.2,0.0,0.1,0,2,0.5,True
248,248,248,0.0,-1.3211987e-05,-5.77727e-06,0.0,-0.3846154,-0.8974359,-1.0,-0.010242552,-0.02857143,3325.0,5988,3,0.2,0.0,0.1,0,2,0.5,True
249,249,249,0.0,-1.3225411e-05,-5.78318e-06,0.0,-0.23076925,-0.4871795,-1.0,-0.01881182,-0.02857143,2828.0,5988,3,0.2,0.0,0.1,0,2,0.5,True
250,250,250,0.0,-1.3199635e-05,-5.7704688e-06,0.0,-0.64102566,0.025641054,-1.0,-0.017188905,-0.02857143,2944.0,5988,3,0.2,0.0,0.1,0,2,0.5,True
251,251,251,0.0,-1.3177374e-05,-5.762131e-06,0.0,-0.94871795,-0.7948718,-1.0,-0.006899822,-0.02857143,3782.0,5988,3,0.2,0.0,0.1,0,2,0.5,True
252,252,252,0.0,-1.32000705e-05,-5.770661e-06,0.0,-0.64102566,-0.12820509,-1.0,-0.015518668,-0.02857143,2938.0,5988,3,0.2,0.0,0.1,0,2,0.5,True
253,253,253,0.0,-1.3220627e-05,-5.7810466e-06,0.0,-0.8974359,-0.64102566,-1.0,-0.00743857,-0.02857143,3513.0,5988,3,0.2,0.0,0.1,0,2,0.5,True
254,254,254,0.0,1.3181475e-05,5.7648144e-06,0.0,-0.3846154,0.7948718,-1.0,-0.0039001617,-0.02857143,3131.0,5988,3,0.2,0.0,0.1,0,2,0.5,True
255,255,255,0.0,1.3214655e-05,5.7770408e-06,0.0,0.94871795,-0.1794872,-1.0,-0.0067781606,-0.02857143,3303.0,5988,3,0.2,0.0,0.1,0,2,0.5,True
256,256,256,0.0,1.3211987e-05,5.77727e-06,0.0,0.38461542,0.8974359,-1.0,-0.010242553,-0.02857143,3325.0,5988,3,0.2,0.0,0.1,0,2,0.5,True
257,257,257,0.0,-1.3203389e-05,-5.7720245e-06,0.0,-0.5897436,0.48717952,-1.0,-0.0048144804,-0.02857143,2981.0,5988,3,0.2,0.0,0.1,0,2,0.5,True
258,258,258,0.0,1.3220117e-05,5.78091e-06,0.0,0.1794872,0.28205132,-1.0,-0.024166582,-0.02857143,2644.0,5988,3,0.2,0.0,0.1,0,2,0.5,True
259,259,259,0.0,-1.3184198e-05,-5.765196e-06,0.0,-0.025640994,-0.6923077,-1.0,-0.009780758,-0.02857143,2942.0,5988,3,0.2,0.0,0.1,0,2,0.5,True
260,260,260,0.0,-1.3184292e-05,-5.763754e-06,0.0,-0.43589744,0.0769231,-1.0,-0.020246265,-0.02857143,2759.0,5988,3,0.2,0.0,0.1,0,2,0.5,True
261,261,261,0.0,-1.3195911e-05,-5.7688458e-06,0.0,-0.8974359,-0.23076925,-1.0,-0.008600782,-0.02857143,3223.0,5988,3,0.2,0.0,0.1,0,2,0.5,True
262,262,262,0.0,-1.3174363e-05,-5.740787e-06,0.0,-0.12820509,0.1794872,-1.0,-0.023697063,-0.02857143,2125.0,5988,3,0.2,0.0,0.1,0,2,0.5,True
263,263,263,0.0,1.31889e-05,5.765775e-06,0.0,0.8974359,0.28205132,-1.0,-0.008030329,-0.02857143,3222.0,5988,3,0.2,0.0,0.1,0,2,0.5,True
264,264,264,0.0,1.3189033e-05,5.767304e-06,0.0,0.0769231,0.64102566,-1.0,-0.011885316,-0.02857143,2901.0,5988,3,0.2,0.0,0.1,0,2,0.5,True
265,265,265,0.0,1.3207237e-05,5.7693305e-06,0.0,0.23076928,-0.2820513,-1.0,-0.01611569,-0.02857143,2354.0,5988,3,0.2,0.0,0.1,0,2,0.5,True
266,266,266,0.0,-1.3194141e-05,-5.7688544e-06,0.0,-0.12820509,-0.07692304,-1.0,-0.02768947,-0.02857143,2448.0,5988,3,0.2,0.0,0.1,0,2,0.5,True
267,267,267,0.0,-1.3202177e-05,-5.7729617e-06,0.0,-0.84615386,-0.4871795,-1.0,-0.008106989,-0.02857143,3281.0,5988,3,0.2,0.0,0.1,0,2,0.5,True
268,268,268,0.0,-1.31836005e-05,-5.7343336e-06,0.0,-0.3846154,0.53846157,-1.0,-0.006265649,-0.02857143,2322.0,5988,3,0.2,0.0,0.1,0,2,0.5,True
269,269,269,0.0,-1.3195179e-05,-5.768523e-06,0.0,-1.0,0.6923077,-1.0,-0.0018563044,-0.02857143,4470.0,5988,3,0.2,0.0,0.1,0,2,0.5,True
270,270,270,0.0,-1.3192369e-05,-5.7672537e-06,0.0,-0.4871795,0.28205132,-1.0,-0.00998469,-0.02857143,2797.0,5988,3,0.2,0.0,0.1,0,2,0.5,True
271,271,271,0.0,1.3220751e-05,5.7811008e-06,0.0,0.5897436,0.6923077,-1.0,-0.012455866,-0.02857143,3226.0,5988,3,0.2,0.0,0.1,0,2,0.5,True
272,272,272,0.0,1.3195912e-05,5.770247e-06,0.0,0.28205132,0.7948718,-1.0,-0.011335204,-0.02857143,3145.0,5988,3,0.2,0.0,0.1,0,2,0.5,True
273,273,273,0.0,-1.3257921e-05,-5.883655e-06,0.0,0.74358976,-0.94871795,-1.0,-0.0018812403,-0.02857143,3921.0,5988,3,0.2,0.0,0.1,0,2,0.5,True
274,274,274,0.0,-1.321169e-05,-5.7771363e-06,0.0,-0.84615386,-0.84615386,-1.0,-0.0081724515,-0.02857143,3691.0,5988,3,0.2,0.0,0.1,0,2,0.5,True
275,275,275,0.0,1.3180657e-05,5.7635357e-06,0.0,0.48717952,0.43589747,-1.0,-0.01618359,-0.02857143,2925.0,5988,3,0.2,0.0,0.1,0,2,0.5,True
276,276,276,0.0,-1.3224937e-05,-5.780524e-06,0.0,-0.7948718,0.84615386,-1.0,-0.001988562,-0.02857143,4170.0,5988,3,0.2,0.0,0.1,0,2,0.5,True
277,277,277,0.0,-1.3221122e-05,-5.779491e-06,0.0,-0.7948718,0.7948718,-1.0,-0.0021201102,-0.02857143,4036.0,5988,3,0.2,0.0,0.1,0,2,0.5,True
278,278,278,0.0,-1.3182291e-05,-5.7642796e-06,0.0,-0.94871795,-0.94871795,-1.0,-0.006881947,-0.02857143,4013.0,5988,3,0.2,0.0,0.1,0,2,0.5,True
279,279,279,0.0,-1.31943525e-05,-5.7681477e-06,0.0,-0.6923077,0.48717952,-1.0,-0.0040491563,-0.02857143,3152.0,5988,3,0.2,0.0,0.1,0,2,0.5,True
280,280,280,0.0,-1.3188211e-05,-5.7668685e-06,0.0,-0.4871795,-0.74358976,-1.0,-0.013011308,-0.02857143,3204.0,5988,3,0.2,0.0,0.1,0,2,0.5,True
281,281,281,0.0,1.3178649e-05,5.7626794e-06,0.0,0.6923077,0.5897436,-1.0,-0.010943714,-0.02857143,3215.0,5988,3,0.2,0.0,0.1,0,2,0.5,True
282,282,282,0.0,1.3184259e-05,5.7608554e-06,0.0,0.28205132,-0.33333334,-1.0,-0.012720148,-0.02857143,2434.0,5988,3,0.2,0.0,0.1,0,2,0.5,True
283,283,283,0.0,-1.3198185e-05,-5.7698303e-06,0.0,-0.94871795,0.74358976,-1.0,-0.0018536531,-0.02857143,4496.0,5988,3,0.2,0.0,0.1,0,2,0.5,True
284,284,284,0.0,-1.3219983e-05,-5.781292e-06,0.0,0.1794872,-0.64102566,-1.0,-0.0074704955,-0.02857143,2815.0,5988,3,0.2,0.0,0.1,0,2,0.5,True
285,285,285,0.0,-1.3220629e-05,-5.7810503e-06,0.0,-0.5897436,-0.94871795,-1.0,-0.009872465,-0.02857143,3546.0,5988,3,0.2,0.0,0.1,0,2,0.5,True
286,286,286,0.0,1.3178132e-05,5.7624543e-06,0.0,0.94871795,0.53846157,-1.0,-0.0066535748,-0.02857143,3483.0,5988,3,0.2,0.0,0.1,0,2,0.5,True
287,287,287,0.0,-1.321153e-05,-5.7768743e-06,0.0,-0.53846157,-0.33333334,-1.0,-0.015273851,-0.02857143,2869.0,5988,3,0.2,0.0,0.1,0,2,0.5,True
288,288,288,0.0,1.3208986e-05,5.7759585e-06,0.0,0.84615386,0.7948718,-1.0,-0.008225793,-0.02857143,3622.0,5988,3,0.2,0.0,0.1,0,2,0.5,True
289,289,289,0.0,-1.31802835e-05,-5.7634097e-06,0.0,-0.4871795,-0.8974359,-1.0,-0.01065458,-0.02857143,3391.0,5988,3,0.2,0.0,0.1,0,2,0.5,True
290,290,290,0.0,1.3196246e-05,5.770387e-06,0.0,0.53846157,0.7948718,-1.0,-0.011987769,-0.02857143,3299.0,5988,3,0.2,0.0,0.1,0,2,0.5,True
291,291,291,0.0,1.3190738e-05,5.7680254e-06,0.0,-0.07692304,0.8974359,-1.0,-0.005483205,-0.02857143,3238.0,5988,3,0.2,0.0,0.1,0,2,0.5,True
292,292,292,0.0,1.31802835e-05,5.7634097e-06,0.0,0.48717952,0.8974359,-1.0,-0.0106545845,-0.02857143,3391.0,5988,3,0.2,0.0,0.1,0,2,0.5,True
293,293,293,0.0,-1.3204436e-05,-5.7739744e-06,0.0,-0.33333334,-0.64102566,-1.0,-0.015249252,-0.02857143,3010.0,5988,3,0.2,0.0,0.1,0,2,0.5,True
294,294,294,0.0,1.32166015e-05,5.779321e-06,0.0,0.025641054,0.84615386,-1.0,-0.007159429,-0.02857143,3144.0,5988,3,0.2,0.0,0.1,0,2,0.5,True
295,295,295,0.0,1.3191228e-05,5.768188e-06,0.0,0.64102566,0.64102566,-1.0,-0.011842959,-0.02857143,3218.0,5988,3,0.2,0.0,0.1,0,2,0.5,True
296,296,296,0.0,-1.320962e-05,-5.7762313e-06,0.0,-1.0,-0.6923077,-1.0,-0.0061907996,-0.02857143,3744.0,5988,3,0.2,0.0,0.1,0,2,0.5,True
297,297,297,0.0,-1.3207248e-05,-5.775198e-06,0.0,-0.6923077,-0.84615386,-1.0,-0.01007437,-0.02857143,3502.0,5988,3,0.2,0.0,0.1,0,2,0.5,True
298,298,298,0.0,1.3212099e-05,5.7783554e-06,0.0,0.025641054,0.28205132,-1.0,-0.023083946,-0.02857143,2508.0,5988,3,0.2,0.0,0.1,0,2,0.5,True
299,299,299,0.0,1.3204469e-05,5.7739794e-06,0.0,0.94871795,0.74358976,-1.0,-0.0068603787,-0.02857143,3715.0,5988,3,0.2,0.0,0.1,0,2,0.5,True
300,300,300,0.0,-1.3180641e-05,-5.763529e-06,0.0,-0.4871795,-0.43589744,-1.0,-0.016183587,-0.02857143,2925.0,5988,3,0.2,0.0,0.1,0,2,0.5,True
301,301,301,0.0,-1.3212944e-05,-5.777697e-06,0.0,-0.33333334,-0.6923077,-1.0,-0.014069244,-0.02857143,3059.0,5988,3,0.2,0.0,0.1,0,2,0.5,True
302,302,302,0.0,-1.3243318e-05,-5.8448804e-06,0.0,0.7948718,-1.0,-1.0,-0.0016677376,-0.02857143,4480.0,5988,3,0.2,0.0,0.1,0,2,0.5,True
303,303,303,0.0,1.3188149e-05,5.767722e-06,0.0,-0.43589744,0.84615386,-1.0,-0.003317677,-0.02857143,3314.0,5988,3,0.2,0.0,0.1,0,2,0.5,True
304,304,304,0.0,-1.3194403e-05,-5.768187e-06,0.0,-0.94871795,0.48717952,-1.0,-0.0027435108,-0.02857143,3629.0,5988,3,0.2,0.0,0.1,0,2,0.5,True
305,305,305,0.0,-1.3209906e-05,-5.774961e-06,0.0,-0.53846157,0.0769231,-1.0,-0.017787589,-0.02857143,2850.0,5988,3,0.2,0.0,0.1,0,2,0.5,True
306,306,306,0.0,-1.32138275e-05,-5.7780703e-06,0.0,-0.43589744,-0.53846157,-1.0,-0.016419312,-0.02857143,2977.0,5988,3,0.2,0.0,0.1,0,2,0.5,True
307,307,307,0.0,-1.3210766e-05,-5.7753e-06,0.0,-0.3846154,0.0769231,-1.0,-0.02151118,-0.02857143,2711.0,5988,3,0.2,0.0,0.1,0,2,0.5,True
308,308,308,0.0,-1.319286e-05,-5.7672273e-06,0.0,-0.2820513,0.12820515,-1.0,-0.021944573,-0.02857143,2589.0,5988,3,0.2,0.0,0.1,0,2,0.5,True
309,309,309,0.0,-1.3216907e-05,-5.7780226e-06,0.0,-0.4871795,-0.025640994,-1.0,-0.020996116,-0.02857143,2805.0,5988,3,0.2,0.0,0.1,0,2,0.5,True
310,310,310,0.0,1.3211535e-05,5.7755406e-06,0.0,0.33333337,-0.12820509,-1.0,-0.020573886,-0.02857143,2651.0,5988,3,0.2,0.0,0.1,0,2,0.5,True
311,311,311,0.0,-1.3182034e-05,-5.764148e-06,0.0,-0.8974359,-0.4871795,-1.0,-0.007331369,-0.02857143,3349.0,5988,3,0.2,0.0,0.1,0,2,0.5,True
312,312,312,0.0,1.32017285e-05,5.772778e-06,0.0,0.64102566,1.0,-1.0,-0.0091579445,-0.02857143,3676.0,5988,3,0.2,0.0,0.1,0,2,0.5,True
313,313,313,0.0,-1.32056975e-05,-5.755134e-06,0.0,-0.64102566,0.7948718,-1.0,-0.00262491,-0.02857143,3198.0,5988,3,0.2,0.0,0.1,0,2,0.5,True
314,314,314,0.0,1.3189685e-05,5.766126e-06,0.0,1.0,-0.23076925,-1.0,-0.005119277,-0.02857143,3395.0,5988,3,0.2,0.0,0.1,0,2,0.5,True
315,315,315,0.0,1.3210218e-05,5.75343e-06,0.0,0.43589747,-0.5897436,-1.0,-0.005132078,-0.02857143,2452.0,5988,3,0.2,0.0,0.1,0,2,0.5,True
316,316,316,0.0,1.3186929e-05,5.7649136e-06,0.0,0.6923077,-0.43589744,-1.0,-0.00452833,-0.02857143,3103.0,5988,3,0.2,0.0,0.1,0,2,0.5,True
317,317,317,0.0,1.3183128e-05,5.7632565e-06,0.0,0.94871795,0.23076928,-1.0,-0.00789299,-0.02857143,3295.0,5988,3,0.2,0.0,0.1,0,2,0.5,True
318,318,318,0.0,-1.3166805e-05,-5.6414447e-06,0.0,-0.2820513,0.43589747,-1.0,-0.009716062,-0.02857143,2022.0,5988,3,0.2,0.0,0.1,0,2,0.5,True
319,319,319,0.0,1.3181829e-05,5.7626876e-06,0.0,0.6923077,0.12820515,-1.0,-0.014373794,-0.02857143,2989.0,5988,3,0.2,0.0,0.1,0,2,0.5,True
320,320,320,0.0,1.3187084e-05,5.7667507e-06,0.0,0.025641054,0.43589747,-1.0,-0.017151527,-0.02857143,2673.0,5988,3,0.2,0.0,0.1,0,2,0.5,True
321,321,321,0.0,1.3178015e-05,5.762414e-06,0.0,0.84615386,0.94871795,-1.0,-0.007948402,-0.02857143,3846.0,5988,3,0.2,0.0,0.1,0,2,0.5,True
322,322,322,0.0,1.3196943e-05,5.769296e-06,0.0,0.7948718,-0.43589744,-1.0,-0.0038352204,-0.02857143,3259.0,5988,3,0.2,0.0,0.1,0,2,0.5,True
323,323,323,0.0,1.3203956e-05,5.7722746e-06,0.0,0.28205132,-0.025640994,-1.0,-0.025203764,-0.02857143,2613.0,5988,3,0.2,0.0,0.1,0,2,0.5,True
324,324,324,0.0,1.3210008e-05,5.7764146e-06,0.0,0.12820515,0.94871795,-1.0,-0.006927512,-0.02857143,3311.0,5988,3,0.2,0.0,0.1,0,2,0.5,True
325,325,325,0.0,1.318346e-05,5.7648035e-06,0.0,0.0769231,1.0,-1.0,-0.0058410624,-0.02857143,3400.0,5988,3,0.2,0.0,0.1,0,2,0.5,True
326,326,326,0.0,-1.3225534e-05,-5.7813427e-06,0.0,-0.2820513,0.1794872,-1.0,-0.01946663,-0.02857143,2568.0,5988,3,0.2,0.0,0.1,0,2,0.5,True
327,327,327,0.0,-1.3224765e-05,-5.7828656e-06,0.0,-0.23076925,-0.8974359,-1.0,-0.008805844,-0.02857143,3256.0,5988,3,0.2,0.0,0.1,0,2,0.5,True
328,328,328,0.0,-1.3202453e-05,-5.773085e-06,0.0,-0.3846154,-0.43589744,-1.0,-0.018617196,-0.02857143,2867.0,5988,3,0.2,0.0,0.1,0,2,0.5,True
329,329,329,0.0,-1.3197645e-05,-5.7709835e-06,0.0,-0.6923077,-0.53846157,-1.0,-0.010980209,-0.02857143,3166.0,5988,3,0.2,0.0,0.1,0,2,0.5,True
330,330,330,0.0,-1.3224414e-05,-5.782544e-06,0.0,-0.1794872,-0.1794872,-1.0,-0.025969714,-0.02857143,2571.0,5988,3,0.2,0.0,0.1,0,2,0.5,True
331,331,331,0.0,-1.3183939e-05,-5.763685e-06,0.0,-0.43589744,-0.12820509,-1.0,-0.020743625,-0.02857143,2753.0,5988,3,0.2,0.0,0.1,0,2,0.5,True
332,332,332,0.0,1.3216372e-05,5.7792736e-06,0.0,-0.07692304,0.7948718,-1.0,-0.0066298167,-0.02857143,3066.0,5988,3,0.2,0.0,0.1,0,2,0.5,True
333,333,333,0.0,1.318091e-05,5.7562306e-06,0.0,0.33333337,-0.43589744,-1.0,-0.008771167,-0.02857143,2414.0,5988,3,0.2,0.0,0.1,0,2,0.5,True
334,334,334,0.0,-1.319826e-05,-5.771285e-06,0.0,-0.2820513,-0.53846157,-1.0,-0.017621763,-0.02857143,2895.0,5988,3,0.2,0.0,0.1,0,2,0.5,True
335,335,335,0.0,1.3181722e-05,5.7626394e-06,0.0,0.64102566,-0.33333334,-1.0,-0.0064517595,-0.02857143,2976.0,5988,3,0.2,0.0,0.1,0,2,0.5,True
336,336,336,0.0,1.3201051e-05,5.7710904e-06,0.0,0.8974359,0.0769231,-1.0,-0.011875492,-0.02857143,3221.0,5988,3,0.2,0.0,0.1,0,2,0.5,True
337,337,337,0.0,-1.322419e-05,-5.782646e-06,0.0,-0.23076925,-0.43589744,-1.0,-0.020233965,-0.02857143,2788.0,5988,3,0.2,0.0,0.1,0,2,0.5,True
338,338,338,0.0,-1.321205e-05,-5.775942e-06,0.0,-0.3846154,-0.07692304,-1.0,-0.02290493,-0.02857143,2714.0,5988,3,0.2,0.0,0.1,0,2,0.5,True
339,339,339,0.0,1.3191035e-05,5.7679745e-06,0.0,0.74358976,0.38461542,-1.0,-0.010074031,-0.02857143,3058.0,5988,3,0.2,0.0,0.1,0,2,0.5,True
340,340,340,0.0,1.3186702e-05,5.7648085e-06,0.0,0.43589747,-0.025640994,-1.0,-0.021798534,-0.02857143,2761.0,5988,3,0.2,0.0,0.1,0,2,0.5,True
341,341,341,0.0,-1.3219895e-05,-5.780704e-06,0.0,-1.0,-0.4871795,-1.0,-0.0060305246,-0.02857143,3509.0,5988,3,0.2,0.0,0.1,0,2,0.5,True
342,342,342,0.0,1.318995e-05,5.7677557e-06,0.0,-0.33333334,1.0,-1.0,-0.0031007654,-0.02857143,3678.0,5988,3,0.2,0.0,0.1,0,2,0.5,True
343,343,343,0.0,-1.3208923e-05,-5.7774027e-06,0.0,0.53846157,-0.8974359,-1.0,-0.0026455938,-0.02857143,3600.0,5988,3,0.2,0.0,0.1,0,2,0.5,True
344,344,344,0.0,1.3200899e-05,5.7757125e-06,0.0,-0.3846154,0.6923077,-1.0,-0.0046419385,-0.02857143,2808.0,5988,3,0.2,0.0,0.1,0,2,0.5,True
345,345,345,0.0,1.3215387e-05,5.7787906e-06,0.0,0.23076928,0.53846157,-1.0,-0.017334938,-0.02857143,2870.0,5988,3,0.2,0.0,0.1,0,2,0.5,True
346,346,346,0.0,1.32128935e-05,5.7762695e-06,0.0,0.74358976,0.1794872,-1.0,-0.012126693,-0.02857143,3038.0,5988,3,0.2,0.0,0.1,0,2,0.5,True
347,347,347,0.0,1.3223753e-05,5.7824677e-06,0.0,0.1794872,0.53846157,-1.0,-0.016725753,-0.02857143,2846.0,5988,3,0.2,0.0,0.1,0,2,0.5,True
348,348,348,0.0,1.3184986e-05,5.76112e-06,0.0,0.6923077,-0.7948718,-1.0,-0.0024397937,-0.02857143,3544.0,5988,3,0.2,0.0,0.1,0,2,0.5,True
349,349,349,0.0,-1.3220549e-05,-5.781018e-06,0.0,-0.33333334,-0.8974359,-1.0,-0.009845151,-0.02857143,3298.0,5988,3,0.2,0.0,0.1,0,2,0.5,True
350,350,350,0.0,1.3215335e-05,5.7788484e-06,0.0,-0.025640994,0.6923077,-1.0,-0.008935535,-0.02857143,2929.0,5988,3,0.2,0.0,0.1,0,2,0.5,True
351,351,351,0.0,-1.3201343e-05,-5.7726115e-06,0.0,-0.8974359,-0.94871795,-1.0,-0.0074146832,-0.02857143,3925.0,5988,3,0.2,0.0,0.1,0,2,0.5,True
352,352,352,0.0,1.3181392e-05,5.764188e-06,0.0,-0.025640994,0.53846157,-1.0,-0.012529186,-0.02857143,2750.0,5988,3,0.2,0.0,0.1,0,2,0.5,True
353,353,353,0.0,1.3204449e-05,5.77399e-06,0.0,0.0769231,0.8974359,-1.0,-0.0070517557,-0.02857143,3225.0,5988,3,0.2,0.0,0.1,0,2,0.5,True
354,354,354,0.0,-1.3188635e-05,-5.7678785e-06,0.0,0.53846157,-0.94871795,-1.0,-0.002472371,-0.02857143,3827.0,5988,3,0.2,0.0,0.1,0,2,0.5,True
355,355,355,0.0,1.3226223e-05,5.7834172e-06,0.0,1.0,0.43589747,-1.0,-0.006069138,-0.02857143,3432.0,5988,3,0.2,0.0,0.1,0,2,0.5,True
356,356,356,0.0,-1.3181087e-05,-5.763582e-06,0.0,-0.33333334,-0.2820513,-1.0,-0.021546043,-0.02857143,2730.0,5988,3,0.2,0.0,0.1,0,2,0.5,True
357,357,357,0.0,1.3192471e-05,5.769546e-06,0.0,-0.1794872,0.5897436,-1.0,-0.008333305,-0.02857143,2730.0,5988,3,0.2,0.0,0.1,0,2,0.5,True
358,358,358,0.0,1.32022615e-05,5.7704187e-06,0.0,0.8974359,-0.94871795,-1.0,-0.0015590469,-0.02857143,5147.0,5988,3,0.2,0.0,0.1,0,2,0.5,True
359,359,359,0.0,-1.3208986e-05,-5.7759585e-06,0.0,-0.84615386,-0.7948718,-1.0,-0.008225793,-0.02857143,3622.0,5988,3,0.2,0.0,0.1,0,2,0.5,True
360,360,360,0.0,-1.3216452e-05,-5.7791717e-06,0.0,-0.7948718,-0.43589744,-1.0,-0.00900422,-0.02857143,3166.0,5988,3,0.2,0.0,0.1,0,2,0.5,True
361,361,361,0.0,1.3196837e-05,5.7692955e-06,0.0,0.53846157,0.1794872,-1.0,-0.016982784,-0.02857143,2832.0,5988,3,0.2,0.0,0.1,0,2,0.5,True
362,362,362,0.0,-1.31998695e-05,-5.771942e-06,0.0,-0.43589744,-0.43589744,-1.0,-0.017473105,-0.02857143,2895.0,5988,3,0.2,0.0,0.1,0,2,0.5,True
363,363,363,0.0,1.3190591e-05,5.767951e-06,0.0,0.23076928,0.38461542,-1.0,-0.021541463,-0.02857143,2750.0,5988,3,0.2,0.0,0.1,0,2,0.5,True
364,364,364,0.0,1.3207604e-05,5.773741e-06,0.0,0.53846157,-0.4871795,-1.0,-0.0052703912,-0.02857143,2891.0,5988,3,0.2,0.0,0.1,0,2,0.5,True
365,365,365,0.0,-1.3185532e-05,-5.7641373e-06,0.0,-0.43589744,0.33333337,-1.0,-0.009426334,-0.02857143,2731.0,5988,3,0.2,0.0,0.1,0,2,0.5,True
366,366,366,0.0,-1.3218865e-05,-5.7800357e-06,0.0,-0.3846154,-0.2820513,-1.0,-0.020145247,-0.02857143,2754.0,5988,3,0.2,0.0,0.1,0,2,0.5,True
367,367,367,0.0,1.3218225e-05,5.780246e-06,0.0,-0.1794872,0.74358976,-1.0,-0.0060895435,-0.02857143,2986.0,5988,3,0.2,0.0,0.1,0,2,0.5,True
368,368,368,0.0,-1.3205013e-05,-5.774258e-06,0.0,0.025641054,-0.8974359,-1.0,-0.005970711,-0.02857143,3228.0,5988,3,0.2,0.0,0.1,0,2,0.5,True
369,369,369,0.0,-1.3217079e-05,-5.7781112e-06,0.0,-0.2820513,-0.025640994,-1.0,-0.025535261,-0.02857143,2619.0,5988,3,0.2,0.0,0.1,0,2,0.5,True
370,370,370,0.0,-1.321073e-05,-5.777077e-06,0.0,0.23076928,-0.74358976,-1.0,-0.0055529457,-0.02857143,2987.0,5988,3,0.2,0.0,0.1,0,2,0.5,True
371,371,371,0.0,-1.3202354e-05,-5.7730563e-06,0.0,-0.74358976,-0.94871795,-1.0,-0.008940434,-0.02857143,3708.0,5988,3,0.2,0.0,0.1,0,2,0.5,True
372,372,372,0.0,-1.3220595e-05,-5.7810253e-06,0.0,-0.43589744,-0.4871795,-1.0,-0.016997747,-0.02857143,2935.0,5988,3,0.2,0.0,0.1,0,2,0.5,True
373,373,373,0.0,1.3207716e-05,5.773978e-06,0.0,0.43589747,-0.12820509,-1.0,-0.017867671,-0.02857143,2755.0,5988,3,0.2,0.0,0.1,0,2,0.5,True
374,374,374,0.0,-1.3190631e-05,-5.7687807e-06,0.0,0.23076928,-0.64102566,-1.0,-0.0067776428,-0.02857143,2792.0,5988,3,0.2,0.0,0.1,0,2,0.5,True
375,375,375,0.0,-1.3220203e-05,-5.779459e-06,0.0,-0.94871795,0.38461542,-1.0,-0.003427184,-0.02857143,3445.0,5988,3,0.2,0.0,0.1,0,2,0.5,True
376,376,376,0.0,1.3208902e-05,5.7760444e-06,0.0,-0.23076925,0.8974359,-1.0,-0.0042506107,-0.02857143,3304.0,5988,3,0.2,0.0,0.1,0,2,0.5,True
377,377,377,0.0,-1.31825755e-05,-5.7644047e-06,0.0,-0.53846157,-0.94871795,-1.0,-0.009946283,-0.02857143,3503.0,5988,3,0.2,0.0,0.1,0,2,0.5,True
378,378,378,0.0,-1.31992165e-05,-5.7702896e-06,0.0,-0.7948718,-0.025640994,-1.0,-0.014496743,-0.02857143,3100.0,5988,3,0.2,0.0,0.1,0,2,0.5,True
379,379,379,0.0,1.3207786e-05,5.7754287e-06,0.0,0.7948718,0.5897436,-1.0,-0.00901234,-0.02857143,3323.0,5988,3,0.2,0.0,0.1,0,2,0.5,True
380,380,380,0.0,1.3211648e-05,5.780277e-06,0.0,-0.53846157,0.84615386,-1.0,-0.0028391334,-0.02857143,3360.0,5988,3,0.2,0.0,0.1,0,2,0.5,True
381,381,381,0.0,1.3210099e-05,5.775045e-06,0.0,0.94871795,-0.2820513,-1.0,-0.0045966166,-0.02857143,3345.0,5988,3,0.2,0.0,0.1,0,2,0.5,True
382,382,382,0.0,1.3188877e-05,5.765778e-06,0.0,0.8974359,0.33333337,-1.0,-0.0076715695,-0.02857143,3203.0,5988,3,0.2,0.0,0.1,0,2,0.5,True
383,383,383,0.0,1.3194944e-05,5.770175e-06,0.0,-0.3846154,0.8974359,-1.0,-0.0033281825,-0.02857143,3431.0,5988,3,0.2,0.0,0.1,0,2,0.5,True
384,384,384,0.0,1.3178075e-05,5.762782e-06,0.0,-0.4871795,1.0,-1.0,-0.002485735,-0.02857143,3944.0,5988,3,0.2,0.0,0.1,0,2,0.5,True
385,385,385,0.0,1.3218744e-05,5.779071e-06,0.0,0.43589747,0.1794872,-1.0,-0.019861538,-0.02857143,2745.0,5988,3,0.2,0.0,0.1,0,2,0.5,True
386,386,386,0.0,-1.31971065e-05,-5.768407e-06,0.0,-0.5897436,0.64102566,-1.0,-0.0035941096,-0.02857143,3059.0,5988,3,0.2,0.0,0.1,0,2,0.5,True
387,387,387,0.0,-1.3223367e-05,-5.7807806e-06,0.0,-0.74358976,0.64102566,-1.0,-0.0028333438,-0.02857143,3492.0,5988,3,0.2,0.0,0.1,0,2,0.5,True
388,388,388,0.0,-1.31891775e-05,-5.7639277e-06,0.0,-0.23076925,0.23076928,-1.0,-0.018456345,-0.02857143,2431.0,5988,3,0.2,0.0,0.1,0,2,0.5,True
389,389,389,0.0,-1.3207786e-05,-5.7754287e-06,0.0,-0.7948718,-0.5897436,-1.0,-0.00901234,-0.02857143,3323.0,5988,3,0.2,0.0,0.1,0,2,0.5,True
390,390,390,0.0,-1.3187249e-05,-5.7664583e-06,0.0,-0.2820513,-0.94871795,-1.0,-0.008507594,-0.02857143,3350.0,5988,3,0.2,0.0,0.1,0,2,0.5,True
391,391,391,0.0,1.31897605e-05,5.766154e-06,0.0,0.7948718,-0.2820513,-1.0,-0.0058327685,-0.02857143,3137.0,5988,3,0.2,0.0,0.1,0,2,0.5,True
392,392,392,0.0,1.3193211e-05,5.7673547e-06,0.0,0.43589747,-0.3846154,-1.0,-0.008179078,-0.02857143,2720.0,5988,3,0.2,0.0,0.1,0,2,0.5,True
393,393,393,0.0,1.3197361e-05,5.7694806e-06,0.0,0.64102566,0.1794872,-1.0,-0.014370319,-0.02857143,2931.0,5988,3,0.2,0.0,0.1,0,2,0.5,True
394,394,394,0.0,1.3185002e-05,5.7640736e-06,0.0,0.74358976,-0.4871795,-1.0,-0.0037277862,-0.02857143,3239.0,5988,3,0.2,0.0,0.1,0,2,0.5,True
395,395,395,0.0,-1.3193317e-05,-5.7691223e-06,0.0,-0.12820509,-0.84615386,-1.0,-0.0084319785,-0.02857143,3158.0,5988,3,0.2,0.0,0.1,0,2,0.5,True
396,396,396,0.0,-1.3215387e-05,-5.7787906e-06,0.0,-0.23076925,-0.53846157,-1.0,-0.017334934,-0.02857143,2870.0,5988,3,0.2,0.0,0.1,0,2,0.5,True
397,397,397,0.0,1.3193827e-05,5.769329e-06,0.0,0.5897436,0.64102566,-1.0,-0.012791224,-0.02857143,3175.0,5988,3,0.2,0.0,0.1,0,2,0.5,True
398,398,398,0.0,1.3204651e-05,5.771316e-06,0.0,0.28205132,-0.2820513,-1.0,-0.014679532,-0.02857143,2498.0,5988,3,0.2,0.0,0.1,0,2,0.5,True
399,399,399,0.0,1.3210172e-05,5.7763623e-06,0.0,0.6923077,0.38461542,-1.0,-0.011156952,-0.02857143,3017.0,5988,3,0.2,0.0,0.1,0,2,0.5,True
400,400,400,0.0,-1.3220832e-05,-5.7811394e-06,0.0,-0.5897436,-0.7948718,-1.0,-0.011567378,-0.02857143,3340.0,5988,3,0.2,0.0,0.1,0,2,0.5,True
401,401,401,0.0,1.319641e-05,5.7705215e-06,0.0,-0.025640994,0.7948718,-1.0,-0.0072517954,-0.02857143,3067.0,5988,3,0.2,0.0,0.1,0,2,0.5,True
402,402,402,0.0,-1.3205148e-05,-5.7750117e-06,0.0,-0.07692304,-0.1794872,-1.0,-0.026618937,-0.02857143,2462.0,5988,3,0.2,0.0,0.1,0,2,0.5,True
403,403,403,0.0,-1.3186705e-05,-5.763971e-06,0.0,-0.1794872,0.0769231,-1.0,-0.02613373,-0.02857143,2450.0,5988,3,0.2,0.0,0.1,0,2,0.5,True
404,404,404,0.0,1.3189295e-05,5.7671814e-06,0.0,0.7948718,0.38461542,-1.0,-0.009101927,-0.02857143,3102.0,5988,3,0.2,0.0,0.1,0,2,0.5,True
405,405,405,0.0,-1.3191115e-05,-5.76675e-06,0.0,-0.94871795,0.23076928,-1.0,-0.00551569,-0.02857143,3319.0,5988,3,0.2,0.0,0.1,0,2,0.5,True
406,406,406,0.0,1.3188232e-05,5.7668753e-06,0.0,0.48717952,0.74358976,-1.0,-0.0130113065,-0.02857143,3204.0,5988,3,0.2,0.0,0.1,0,2,0.5,True
407,407,407,0.0,-1.3220675e-05,-5.7810093e-06,0.0,-0.43589744,-0.3846154,-1.0,-0.017870644,-0.02857143,2855.0,5988,3,0.2,0.0,0.1,0,2,0.5,True
408,408,408,0.0,-1.3223551e-05,-5.7823318e-06,0.0,-0.2820513,-0.8974359,-1.0,-0.009356068,-0.02857143,3275.0,5988,3,0.2,0.0,0.1,0,2,0.5,True
409,409,409,0.0,1.3209193e-05,5.7801763e-06,0.0,-0.12820509,0.38461542,-1.0,-0.0149350185,-0.02857143,2410.0,5988,3,0.2,0.0,0.1,0,2,0.5,True
410,410,410,0.0,-1.3201248e-05,-5.7702505e-06,0.0,-0.64102566,0.6923077,-1.0,-0.0030511909,-0.02857143,3256.0,5988,3,0.2,0.0,0.1,0,2,0.5,True
411,411,411,0.0,1.3204514e-05,5.773902e-06,0.0,0.12820515,0.12820515,-1.0,-0.027204363,-0.02857143,2484.0,5988,3,0.2,0.0,0.1,0,2,0.5,True
412,412,412,0.0,1.3185744e-05,5.765733e-06,0.0,0.8974359,0.43589747,-1.0,-0.0073622963,-0.02857143,3286.0,5988,3,0.2,0.0,0.1,0,2,0.5,True
413,413,413,0.0,-1.3188664e-05,-5.7670295e-06,0.0,-0.5897436,-0.43589744,-1.0,-0.01350604,-0.02857143,2991.0,5988,3,0.2,0.0,0.1,0,2,0.5,True
414,414,414,0.0,-1.3201714e-05,-5.7727775e-06,0.0,-0.64102566,-0.8974359,-1.0,-0.010156554,-0.02857143,3520.0,5988,3,0.2,0.0,0.1,0,2,0.5,True
415,415,415,0.0,-1.319928e-05,-5.7720645e-06,0.0,0.1794872,-0.6923077,-1.0,-0.0067294235,-0.02857143,2900.0,5988,3,0.2,0.0,0.1,0,2,0.5,True
416,416,416,0.0,1.3213316e-05,5.7778184e-06,0.0,0.28205132,0.33333337,-1.0,-0.022001987,-0.02857143,2739.0,5988,3,0.2,0.0,0.1,0,2,0.5,True
417,417,417,0.0,-1.3210198e-05,-5.776373e-06,0.0,-0.6923077,-0.3846154,-1.0,-0.011156952,-0.02857143,3017.0,5988,3,0.2,0.0,0.1,0,2,0.5,True
418,418,418,0.0,1.32056975e-05,5.755134e-06,0.0,0.64102566,-0.7948718,-1.0,-0.00262491,-0.02857143,3198.0,5988,3,0.2,0.0,0.1,0,2,0.5,True
419,419,419,0.0,1.3257921e-05,5.883655e-06,0.0,-0.74358976,0.94871795,-1.0,-0.0018812403,-0.02857143,3921.0,5988,3,0.2,0.0,0.1,0,2,0.5,True
420,420,420,0.0,-1.3204457e-05,-5.7739717e-06,0.0,-0.94871795,-0.5897436,-1.0,-0.0066938177,-0.02857143,3538.0,5988,3,0.2,0.0,0.1,0,2,0.5,True
421,421,421,0.0,1.3214503e-05,5.7798966e-06,0.0,-0.4871795,0.84615386,-1.0,-0.003066146,-0.02857143,3344.0,5988,3,0.2,0.0,0.1,0,2,0.5,True
422,422,422,0.0,1.3198185e-05,5.7698303e-06,0.0,0.94871795,-0.74358976,-1.0,-0.0018536531,-0.02857143,4496.0,5988,3,0.2,0.0,0.1,0,2,0.5,True
423,423,423,0.0,1.3205013e-05,5.774258e-06,0.0,-0.025640994,0.8974359,-1.0,-0.005970712,-0.02857143,3228.0,5988,3,0.2,0.0,0.1,0,2,0.5,True
424,424,424,0.0,1.3208344e-05,5.775678e-06,0.0,0.43589747,0.74358976,-1.0,-0.01320402,-0.02857143,3170.0,5988,3,0.2,0.0,0.1,0,2,0.5,True
425,425,425,0.0,1.3206412e-05,5.7734105e-06,0.0,0.84615386,-0.6923077,-1.0,-0.0022695458,-0.02857143,3925.0,5988,3,0.2,0.0,0.1,0,2,0.5,True
426,426,426,0.0,1.3212776e-05,5.778039e-06,0.0,-0.025640994,0.48717952,-1.0,-0.014086272,-0.02857143,2692.0,5988,3,0.2,0.0,0.1,0,2,0.5,True
427,427,427,0.0,-1.3220181e-05,-5.7810685e-06,0.0,0.025641054,-0.5897436,-1.0,-0.011162762,-0.02857143,2807.0,5988,3,0.2,0.0,0.1,0,2,0.5,True
428,428,428,0.0,1.3189021e-05,5.767765e-06,0.0,-0.23076925,0.6923077,-1.0,-0.006120366,-0.02857143,2890.0,5988,3,0.2,0.0,0.1,0,2,0.5,True
429,429,429,0.0,1.3194149e-05,5.768856e-06,0.0,0.12820515,0.0769231,-1.0,-0.027689466,-0.02857143,2448.0,5988,3,0.2,0.0,0.1,0,2,0.5,True
430,430,430,0.0,1.3211426e-05,5.777879e-06,0.0,-0.4871795,0.8974359,-1.0,-0.0028508108,-0.02857143,3543.0,5988,3,0.2,0.0,0.1,0,2,0.5,True
431,431,431,0.0,1.3194998e-05,5.768448e-06,0.0,0.84615386,-0.33333334,-1.0,-0.0045883027,-0.02857143,3234.0,5988,3,0.2,0.0,0.1,0,2,0.5,True
432,432,432,0.0,1.3179275e-05,5.763087e-06,0.0,-0.12820509,0.7948718,-1.0,-0.0060568894,-0.02857143,3070.0,5988,3,0.2,0.0,0.1,0,2,0.5,True
433,433,433,0.0,-1.3189791e-05,-5.767561e-06,0.0,-0.7948718,-0.74358976,-1.0,-0.009006366,-0.02857143,3491.0,5988,3,0.2,0.0,0.1,0,2,0.5,True
434,434,434,0.0,1.3186629e-05,5.7661973e-06,0.0,0.28205132,0.48717952,-1.0,-0.018898325,-0.02857143,2854.0,5988,3,0.2,0.0,0.1,0,2,0.5,True
435,435,435,0.0,1.321205e-05,5.775942e-06,0.0,0.38461542,0.0769231,-1.0,-0.022904929,-0.02857143,2714.0,5988,3,0.2,0.0,0.1,0,2,0.5,True
436,436,436,0.0,1.3188874e-05,5.7689967e-06,0.0,0.025641054,0.025641054,-1.0,-0.028515344,-0.02857143,2063.0,5988,3,0.2,0.0,0.1,0,2,0.5,True
437,437,437,0.0,1.3204891e-05,5.7722536e-06,0.0,1.0,-1.0,-1.0,-0.0013173339,-0.02857143,6206.0,5988,3,0.2,0.0,0.1,0,2,0.5,True
438,438,438,0.0,-1.3180405e-05,-5.7634593e-06,0.0,-0.43589744,-0.64102566,-1.0,-0.014952557,-0.02857143,3068.0,5988,3,0.2,0.0,0.1,0,2,0.5,True
439,439,439,0.0,1.3179116e-05,5.761409e-06,0.0,0.38461542,-0.1794872,-1.0,-0.016612295,-0.02857143,2698.0,5988,3,0.2,0.0,0.1,0,2,0.5,True
440,440,440,0.0,1.3204457e-05,5.7739717e-06,0.0,0.94871795,0.5897436,-1.0,-0.0066938177,-0.02857143,3538.0,5988,3,0.2,0.0,0.1,0,2,0.5,True
441,441,441,0.0,1.3178581e-05,5.7627253e-06,0.0,-0.07692304,0.84615386,-1.0,-0.006018286,-0.02857143,3149.0,5988,3,0.2,0.0,0.1,0,2,0.5,True
442,442,442,0.0,-1.3217628e-05,-5.777975e-06,0.0,-0.6923077,0.6923077,-1.0,-0.0028245305,-0.02857143,3431.0,5988,3,0.2,0.0,0.1,0,2,0.5,True
443,443,443,0.0,1.32046225e-05,5.772592e-06,0.0,0.7948718,-0.6923077,-1.0,-0.0024361776,-0.02857143,3759.0,5988,3,0.2,0.0,0.1,0,2,0.5,True
444,444,444,0.0,1.3187249e-05,5.7664583e-06,0.0,0.28205132,0.94871795,-1.0,-0.008507594,-0.02857143,3350.0,5988,3,0.2,0.0,0.1,0,2,0.5,True
445,445,445,0.0,1.3199224e-05,5.7702896e-06,0.0,0.5897436,-0.2820513,-1.0,-0.008276916,-0.02857143,2906.0,5988,3,0.2,0.0,0.1,0,2,0.5,True
446,446,446,0.0,-1.3193211e-05,-5.7673547e-06,0.0,-0.43589744,0.38461542,-1.0,-0.008179078,-0.02857143,2720.0,5988,3,0.2,0.0,0.1,0,2,0.5,True
447,447,447,0.0,1.3220627e-05,5.7810466e-06,0.0,0.8974359,0.64102566,-1.0,-0.00743857,-0.02857143,3513.0,5988,3,0.2,0.0,0.1,0,2,0.5,True
448,448,448,0.0,-1.3182174e-05,-5.7638927e-06,0.0,-0.8974359,-0.3846154,-1.0,-0.0074643195,-0.02857143,3199.0,5988,3,0.2,0.0,0.1,0,2,0.5,True
449,449,449,0.0,-1.3210522e-05,-5.7752322e-06,0.0,-1.0,0.38461542,-1.0,-0.0031841628,-0.02857143,3536.0,5988,3,0.2,0.0,0.1,0,2,0.5,True
450,450,450,0.0,1.3182297e-05,5.7644606e-06,0.0,0.12820515,0.38461542,-1.0,-0.021072539,-0.02857143,2693.0,5988,3,0.2,0.0,0.1,0,2,0.5,True
451,451,451,0.0,1.3209174e-05,5.776037e-06,0.0,1.0,0.74358976,-1.0,-0.0062517263,-0.02857143,3807.0,5988,3,0.2,0.0,0.1,0,2,0.5,True
452,452,452,0.0,-1.3187049e-05,-5.766361e-06,0.0,-0.8974359,-0.7948718,-1.0,-0.007542349,-0.02857143,3698.0,5988,3,0.2,0.0,0.1,0,2,0.5,True
453,453,453,0.0,1.320137e-05,5.7727207e-06,0.0,0.1794872,0.33333337,-1.0,-0.02294428,-0.02857143,2683.0,5988,3,0.2,0.0,0.1,0,2,0.5,True
454,454,454,0.0,1.32232435e-05,5.7805883e-06,0.0,0.33333337,-0.1794872,-1.0,-0.018014155,-0.02857143,2638.0,5988,3,0.2,0.0,0.1,0,2,0.5,True
455,455,455,0.0,1.321265e-05,5.7759876e-06,0.0,0.94871795,-0.8974359,-1.0,-0.0015505338,-0.02857143,5247.0,5988,3,0.2,0.0,0.1,0,2,0.5,True
456,456,456,0.0,1.3211103e-05,5.776887e-06,0.0,0.33333337,0.7948718,-1.0,-0.01182049,-0.02857143,3169.0,5988,3,0.2,0.0,0.1,0,2,0.5,True
457,457,457,0.0,-1.31888555e-05,-5.765599e-06,0.0,-0.8974359,0.84615386,-1.0,-0.0017464322,-0.02857143,4711.0,5988,3,0.2,0.0,0.1,0,2,0.5,True
458,458,458,0.0,1.3201343e-05,5.7726115e-06,0.0,0.8974359,0.94871795,-1.0,-0.0074146832,-0.02857143,3925.0,5988,3,0.2,0.0,0.1,0,2,0.5,True
459,459,459,0.0,1.3176493e-05,5.7603525e-06,0.0,0.7948718,-0.3846154,-1.0,-0.004333191,-0.02857143,3205.0,5988,3,0.2,0.0,0.1,0,2,0.5,True
460,460,460,0.0,1.3217079e-05,5.7781112e-06,0.0,0.28205132,0.025641054,-1.0,-0.025535261,-0.02857143,2619.0,5988,3,0.2,0.0,0.1,0,2,0.5,True
461,461,461,0.0,-1.3194752e-05,-5.768338e-06,0.0,-0.7948718,-0.1794872,-1.0,-0.011146541,-0.02857143,3096.0,5988,3,0.2,0.0,0.1,0,2,0.5,True
462,462,462,0.0,1.32201485e-05,5.780877e-06,0.0,-0.12820509,1.0,-1.0,-0.0042431853,-0.02857143,3470.0,5988,3,0.2,0.0,0.1,0,2,0.5,True
463,463,463,0.0,1.3219983e-05,5.781292e-06,0.0,-0.1794872,0.64102566,-1.0,-0.0074704955,-0.02857143,2815.0,5988,3,0.2,0.0,0.1,0,2,0.5,True
464,464,464,0.0,1.31839815e-05,5.7650286e-06,0.0,0.33333337,0.48717952,-1.0,-0.018594556,-0.02857143,2880.0,5988,3,0.2,0.0,0.1,0,2,0.5,True
465,465,465,0.0,1.3223315e-05,5.782311e-06,0.0,-0.23076925,0.94871795,-1.0,-0.003916188,-0.02857143,3424.0,5988,3,0.2,0.0,0.1,0,2,0.5,True
466,466,466,0.0,-1.3190738e-05,-5.7680254e-06,0.0,0.0769231,-0.8974359,-1.0,-0.005483204,-0.02857143,3238.0,5988,3,0.2,0.0,0.1,0,2,0.5,True
467,467,467,0.0,1.3182615e-05,5.764599e-06,0.0,-0.1794872,0.7948718,-1.0,-0.0055340487,-0.02857143,3077.0,5988,3,0.2,0.0,0.1,0,2,0.5,True
468,468,468,0.0,-1.319299e-05,-5.7696207e-06,0.0,-0.07692304,-0.12820509,-1.0,-0.027506223,-0.02857143,2408.0,5988,3,0.2,0.0,0.1,0,2,0.5,True
469,469,469,0.0,-1.3187142e-05,-5.7663965e-06,0.0,-0.74358976,-0.64102566,-1.0,-0.0099307485,-0.02857143,3318.0,5988,3,0.2,0.0,0.1,0,2,0.5,True
470,470,470,0.0,-1.321745e-05,-5.778262e-06,0.0,-1.0,0.1794872,-1.0,-0.0063001052,-0.02857143,3377.0,5988,3,0.2,0.0,0.1,0,2,0.5,True
471,471,471,0.0,-1.3211261e-05,-5.778282e-06,0.0,0.64102566,-1.0,-1.0,-0.002021563,-0.02857143,4297.0,5988,3,0.2,0.0,0.1,0,2,0.5,True
472,472,472,0.0,1.3202453e-05,5.773085e-06,0.0,0.38461542,0.43589747,-1.0,-0.018617194,-0.02857143,2867.0,5988,3,0.2,0.0,0.1,0,2,0.5,True
473,473,473,0.0,-1.3220135e-05,-5.779386e-06,0.0,-0.5897436,0.43589747,-1.0,-0.005402617,-0.02857143,2954.0,5988,3,0.2,0.0,0.1,0,2,0.5,True
474,474,474,0.0,1.321714e-05,5.7781235e-06,0.0,0.94871795,-0.5897436,-1.0,-0.0022980631,-0.02857143,3907.0,5988,3,0.2,0.0,0.1,0,2,0.5,True
475,475,475,0.0,-1.318789e-05,-5.766463e-06,0.0,-0.2820513,-0.23076925,-1.0,-0.023402994,-0.02857143,2671.0,5988,3,0.2,0.0,0.1,0,2,0.5,True
476,476,476,0.0,1.3189791e-05,5.767561e-06,0.0,0.7948718,0.74358976,-1.0,-0.009006366,-0.02857143,3491.0,5988,3,0.2,0.0,0.1,0,2,0.5,True
477,477,477,0.0,1.3220595e-05,5.7810253e-06,0.0,0.43589747,0.48717952,-1.0,-0.016997747,-0.02857143,2935.0,5988,3,0.2,0.0,0.1,0,2,0.5,True
478,478,478,0.0,-1.3194323e-05,-5.7681505e-06,0.0,-0.84615386,-0.1794872,-1.0,-0.010255602,-0.02857143,3157.0,5988,3,0.2,0.0,0.1,0,2,0.5,True
479,479,479,0.0,-1.3191741e-05,-5.7684124e-06,0.0,-0.53846157,-0.64102566,-1.0,-0.013667679,-0.02857143,3136.0,5988,3,0.2,0.0,0.1,0,2,0.5,True
480,480,480,0.0,-1.3213973e-05,-5.7782277e-06,0.0,-0.1794872,-0.3846154,-1.0,-0.02152611,-0.02857143,2722.0,5988,3,0.2,0.0,0.1,0,2,0.5,True
481,481,481,0.0,1.3195934e-05,5.77049e-06,0.0,-0.43589744,1.0,-1.0,-0.0026716543,-0.02857143,3844.0,5988,3,0.2,0.0,0.1,0,2,0.5,True
482,482,482,0.0,-1.3214075e-05,-5.779089e-06,0.0,0.025641054,-0.3846154,-1.0,-0.01777598,-0.02857143,2572.0,5988,3,0.2,0.0,0.1,0,2,0.5,True
483,483,483,0.0,1.3178936e-05,5.761417e-06,0.0,0.8974359,-0.6923077,-1.0,-0.0021184934,-0.02857143,4098.0,5988,3,0.2,0.0,0.1,0,2,0.5,True
484,484,484,0.0,-1.3204469e-05,-5.7739794e-06,0.0,-0.94871795,-0.74358976,-1.0,-0.0068603787,-0.02857143,3715.0,5988,3,0.2,0.0,0.1,0,2,0.5,True
485,485,485,0.0,-1.32201485e-05,-5.780877e-06,0.0,0.12820515,-1.0,-1.0,-0.0042431834,-0.02857143,3470.0,5988,3,0.2,0.0,0.1,0,2,0.5,True
486,486,486,0.0,1.3191802e-05,5.7684433e-06,0.0,0.7948718,0.84615386,-1.0,-0.008825268,-0.02857143,3622.0,5988,3,0.2,0.0,0.1,0,2,0.5,True
487,487,487,0.0,1.3210845e-05,5.7752254e-06,0.0,0.38461542,-0.23076925,-1.0,-0.014182085,-0.02857143,2687.0,5988,3,0.2,0.0,0.1,0,2,0.5,True
488,488,488,0.0,-1.3205361e-05,-5.774376e-06,0.0,-0.3846154,-0.53846157,-1.0,-0.01713606,-0.02857143,2948.0,5988,3,0.2,0.0,0.1,0,2,0.5,True
489,489,489,0.0,1.3205459e-05,5.7744387e-06,0.0,0.025641054,0.94871795,-1.0,-0.0059120706,-0.02857143,3311.0,5988,3,0.2,0.0,0.1,0,2,0.5,True
490,490,490,0.0,-1.3214929e-05,-5.777311e-06,0.0,-0.3846154,-0.12820509,-1.0,-0.02211183,-0.02857143,2710.0,5988,3,0.2,0.0,0.1,0,2,0.5,True
491,491,491,0.0,-1.3209051e-05,-5.7745888e-06,0.0,-0.7948718,0.1794872,-1.0,-0.008532184,-0.02857143,3109.0,5988,3,0.2,0.0,0.1,0,2,0.5,True
492,492,492,0.0,-1.3394971e-05,-6.3642187e-06,0.0,0.53846157,-0.74358976,-1.0,-0.003303139,-0.02857143,2429.0,5988,3,0.2,0.0,0.1,0,2,0.5,True
493,493,493,0.0,1.32185e-05,5.780074e-06,0.0,0.64102566,0.43589747,-1.0,-0.012235306,-0.02857143,3028.0,5988,3,0.2,0.0,0.1,0,2,0.5,True
494,494,494,0.0,-1.3189283e-05,-5.7671764e-06,0.0,-0.7948718,-0.3846154,-1.0,-0.009101925,-0.02857143,3102.0,5988,3,0.2,0.0,0.1,0,2,0.5,True
495,495,495,0.0,1.3190587e-05,5.766363e-06,0.0,0.6923077,-0.64102566,-1.0,-0.003060059,-0.02857143,3355.0,5988,3,0.2,0.0,0.1,0,2,0.5,True
496,496,496,0.0,1.3180021e-05,5.7618377e-06,0.0,0.94871795,-0.84615386,-1.0,-0.001640736,-0.02857143,4984.0,5988,3,0.2,0.0,0.1,0,2,0.5,True
497,497,497,0.0,1.3177396e-05,5.760117e-06,0.0,0.23076928,-0.12820509,-1.0,-0.023275677,-0.02857143,2513.0,5988,3,0.2,0.0,0.1,0,2,0.5,True
498,498,498,0.0,-1.3299146e-05,-6.0152543e-06,0.0,0.38461542,-0.5897436,-1.0,-0.0056348634,-0.02857143,2130.0,5988,3,0.2,0.0,0.1,0,2,0.5,True
499,499,499,0.0,-1.3181046e-05,-5.763738e-06,0.0,-0.53846157,-0.84615386,-1.0,-0.011322286,-0.02857143,3362.0,5988,3,0.2,0.0,0.1,0,2,0.5,True
