,Unnamed: 0.1,Unnamed: 0,e1,e2,e3,e4,e5,e0_1,e0_2,e0_3,e0_4,e0_5,power,eta0,eta,count,seed,N,Jmax,alpha,gleak,ex,lk,rate,success
0,0,0,0.0,-0.093865894,-0.09126106,-0.08009952,-0.0071866936,0.0,-0.3846154,0.5897436,-0.33333334,1.0,-1.0,-0.0019194762,-0.015548742,1176.0,8225,5,0.2,3.0,0.1,0,4,0.5,True
1,1,1,0.0,-0.09541008,-0.09281375,-0.08156851,-0.00829912,0.0,0.7948718,-0.74358976,-0.33333334,-0.43589744,-1.0,-0.0014644652,-0.0155487405,1021.0,8225,5,0.2,3.0,0.1,0,4,0.5,True
2,2,2,0.0,-0.09540827,-0.09281192,-0.081566766,-0.00829777,0.0,-0.8974359,0.7948718,-0.84615386,-0.74358976,-1.0,-0.00064851966,-0.0155487405,1574.0,8225,5,0.2,3.0,0.1,0,4,0.5,True
3,3,3,0.0,-0.093866386,-0.09126153,-0.08009996,-0.007187007,0.0,0.48717952,0.1794872,-0.12820509,0.33333337,-1.0,-0.0073127234,-0.015548742,986.0,8225,5,0.2,3.0,0.1,0,4,0.5,True
4,4,4,0.0,-0.093864545,-0.09125967,-0.080098234,-0.0071856915,0.0,0.94871795,0.38461542,0.33333337,-0.1794872,-1.0,-0.0030795962,-0.015548739,1106.0,8225,5,0.2,3.0,0.1,0,4,0.5,True
5,5,5,0.0,-0.095399074,-0.09281163,-0.08157011,-0.00830618,0.0,0.12820515,-0.2820513,-0.6923077,0.5897436,-1.0,-0.0022458534,-0.015548739,446.0,8225,5,0.2,3.0,0.1,0,4,0.5,True
6,6,6,0.0,-0.093869135,-0.09126425,-0.08010257,-0.007188987,0.0,0.7948718,0.025641054,-0.07692304,0.43589747,-1.0,-0.003859774,-0.015548739,1058.0,8225,5,0.2,3.0,0.1,0,4,0.5,True
7,7,7,0.0,-0.09540798,-0.09281159,-0.08156644,-0.008297516,0.0,-0.1794872,-0.64102566,-0.43589744,0.48717952,-1.0,-0.0031475741,-0.0155487405,880.0,8225,5,0.2,3.0,0.1,0,4,0.5,True
8,8,8,0.0,-0.095409155,-0.092812635,-0.08156734,-0.00829808,0.0,-0.33333334,-0.43589744,0.12820515,0.1794872,-1.0,-0.008474742,-0.0155487405,661.0,8225,5,0.2,3.0,0.1,0,4,0.5,True
9,9,9,0.0,-0.09540765,-0.09281133,-0.08156622,-0.008297346,0.0,-0.64102566,-0.7948718,0.38461542,-0.84615386,-1.0,-0.0010748723,-0.015548736,1201.0,8225,5,0.2,3.0,0.1,0,4,0.5,True
10,10,10,0.0,-0.0954075,-0.09281114,-0.081566036,-0.00829722,0.0,-0.23076925,-0.84615386,-0.07692304,-0.5897436,-1.0,-0.0045183725,-0.0155487405,975.0,8225,5,0.2,3.0,0.1,0,4,0.5,True
11,11,11,0.0,-0.09540723,-0.09281083,-0.08156574,-0.008296952,0.0,-0.84615386,0.0769231,0.025641054,0.025641054,-1.0,-0.010165869,-0.015548736,910.0,8225,5,0.2,3.0,0.1,0,4,0.5,True
12,12,12,0.0,-0.093866594,-0.09126171,-0.08010015,-0.007187129,0.0,-0.23076925,-0.23076925,-0.23076925,0.94871795,-1.0,-0.0021670775,-0.015548745,978.0,8225,5,0.2,3.0,0.1,0,4,0.5,True
13,13,13,0.0,-0.09386834,-0.09126348,-0.08010185,-0.0071884175,0.0,0.28205132,0.48717952,-0.33333334,0.48717952,-1.0,-0.0057776845,-0.015548739,1057.0,8225,5,0.2,3.0,0.1,0,4,0.5,True
14,14,14,0.0,-0.09386533,-0.0912605,-0.08009904,-0.0071863267,0.0,0.33333337,-0.12820509,-0.07692304,-0.07692304,-1.0,-0.01074309,-0.015548739,754.0,8225,5,0.2,3.0,0.1,0,4,0.5,True
15,15,15,0.0,-0.09540609,-0.09280976,-0.08156472,-0.008296231,0.0,-0.12820509,0.12820515,-0.84615386,-0.6923077,-1.0,-0.0029940715,-0.015548739,1035.0,8225,5,0.2,3.0,0.1,0,4,0.5,True
16,16,16,0.0,-0.09386859,-0.091263756,-0.0801021,-0.007188623,0.0,0.5897436,0.53846157,0.23076928,-0.74358976,-1.0,-0.0021202534,-0.015548742,995.0,8225,5,0.2,3.0,0.1,0,4,0.5,True
17,17,17,0.0,-0.095407695,-0.09281133,-0.0815662,-0.008297329,0.0,-0.84615386,0.33333337,-0.84615386,0.7948718,-1.0,-0.0014222269,-0.015548735,1190.0,8225,5,0.2,3.0,0.1,0,4,0.5,True
18,18,18,0.0,-0.09386533,-0.09126046,-0.080099,-0.007186274,0.0,0.94871795,0.38461542,0.8974359,0.94871795,-1.0,-0.004909665,-0.015548736,1453.0,8225,5,0.2,3.0,0.1,0,4,0.5,True
19,19,19,0.0,-0.09386832,-0.0912635,-0.08010186,-0.007188482,0.0,0.84615386,-0.1794872,-0.33333334,0.23076928,-1.0,-0.002873758,-0.015548739,846.0,8225,5,0.2,3.0,0.1,0,4,0.5,True
20,20,20,0.0,-0.09386875,-0.09126391,-0.08010222,-0.007188699,0.0,0.0769231,-0.7948718,0.48717952,0.28205132,-1.0,-0.0033813764,-0.015548739,1045.0,8225,5,0.2,3.0,0.1,0,4,0.5,True
21,21,21,0.0,-0.09541087,-0.092814535,-0.08156924,-0.008299636,0.0,0.5897436,-0.7948718,-0.84615386,-0.5897436,-1.0,-0.0017979961,-0.0155487405,1176.0,8225,5,0.2,3.0,0.1,0,4,0.5,True
22,22,22,0.0,-0.09541099,-0.09281465,-0.081569344,-0.008299724,0.0,-0.4871795,-0.6923077,-0.5897436,-0.7948718,-1.0,-0.009223134,-0.0155487405,1155.0,8225,5,0.2,3.0,0.1,0,4,0.5,True
23,23,23,0.0,-0.09540636,-0.092810035,-0.08156499,-0.00829643,0.0,0.0769231,0.23076928,-0.43589744,-0.8974359,-1.0,-0.0035340998,-0.015548731,956.0,8225,5,0.2,3.0,0.1,0,4,0.5,True
24,24,24,0.0,-0.095406905,-0.092810534,-0.08156544,-0.008296748,0.0,0.1794872,-0.64102566,-0.07692304,-0.23076925,-1.0,-0.00572736,-0.015548739,829.0,8225,5,0.2,3.0,0.1,0,4,0.5,True
25,25,25,0.0,-0.09540934,-0.09281313,-0.08156793,-0.008298719,0.0,0.8974359,0.025641054,-0.6923077,-0.53846157,-1.0,-0.002605154,-0.015548742,943.0,8225,5,0.2,3.0,0.1,0,4,0.5,True
26,26,26,0.0,-0.093867704,-0.091262855,-0.08010127,-0.0071879984,0.0,-0.5897436,0.025641054,0.84615386,1.0,-1.0,-0.0030220419,-0.015548736,1187.0,8225,5,0.2,3.0,0.1,0,4,0.5,True
27,27,27,0.0,-0.09399388,-0.091423444,-0.080171704,-0.007207195,0.0,0.74358976,-0.6923077,1.0,-0.53846157,-1.0,-0.00082038157,-0.015548739,955.0,8225,5,0.2,3.0,0.1,0,4,0.5,True
28,28,28,0.0,-0.09540879,-0.09281246,-0.08156727,-0.00829814,0.0,-0.94871795,0.48717952,-0.6923077,-0.1794872,-1.0,-0.0012466069,-0.015548739,1145.0,8225,5,0.2,3.0,0.1,0,4,0.5,True
29,29,29,0.0,-0.09540858,-0.09281224,-0.08156706,-0.008297966,0.0,0.7948718,-0.7948718,0.94871795,-0.6923077,-1.0,-0.00083184225,-0.0155487405,1537.0,8225,5,0.2,3.0,0.1,0,4,0.5,True
30,30,30,0.0,-0.0954105,-0.0928137,-0.08156822,-0.008298568,0.0,-0.6923077,-0.1794872,-0.2820513,0.7948718,-1.0,-0.0024949734,-0.0155487405,821.0,8225,5,0.2,3.0,0.1,0,4,0.5,True
31,31,31,0.0,-0.09386614,-0.09126128,-0.08009977,-0.007186851,0.0,0.74358976,0.23076928,-0.23076925,-0.33333334,-1.0,-0.004234454,-0.0155487405,869.0,8225,5,0.2,3.0,0.1,0,4,0.5,True
32,32,32,0.0,-0.09541036,-0.09281413,-0.08156891,-0.008299462,0.0,0.53846157,-0.53846157,0.38461542,-0.8974359,-1.0,-0.0013076803,-0.015548739,1005.0,8225,5,0.2,3.0,0.1,0,4,0.5,True
33,33,33,0.0,-0.09387102,-0.09126429,-0.08010178,-0.007187102,0.0,-0.4871795,-0.43589744,0.1794872,0.5897436,-1.0,-0.0055285823,-0.015548735,651.0,8225,5,0.2,3.0,0.1,0,4,0.5,True
34,34,34,0.0,-0.093864866,-0.091259986,-0.08009854,-0.007185913,0.0,0.12820515,0.94871795,1.0,0.8974359,-1.0,-0.0044044442,-0.0155487405,1451.0,8225,5,0.2,3.0,0.1,0,4,0.5,True
35,35,35,0.0,-0.0938694,-0.09126457,-0.08010287,-0.007189207,0.0,0.64102566,1.0,0.48717952,0.38461542,-1.0,-0.0056976457,-0.0155487405,1315.0,8225,5,0.2,3.0,0.1,0,4,0.5,True
36,36,36,0.0,-0.093869284,-0.09126443,-0.08010274,-0.007189119,0.0,0.6923077,0.0769231,0.48717952,0.0769231,-1.0,-0.0063140923,-0.015548736,1045.0,8225,5,0.2,3.0,0.1,0,4,0.5,True
37,37,37,0.0,-0.095404804,-0.0928119,-0.081568226,-0.008301158,0.0,0.74358976,-0.64102566,-0.2820513,-0.025640994,-1.0,-0.0017692285,-0.015548736,704.0,8225,5,0.2,3.0,0.1,0,4,0.5,True
38,38,38,0.0,-0.095408805,-0.09281244,-0.08156724,-0.008298116,0.0,-0.025640994,-0.3846154,-0.2820513,-0.84615386,-1.0,-0.005594324,-0.015548739,1011.0,8225,5,0.2,3.0,0.1,0,4,0.5,True
39,39,39,0.0,-0.09540952,-0.09281312,-0.08156791,-0.008298626,0.0,-0.7948718,-0.43589744,0.1794872,-0.025640994,-1.0,-0.004697313,-0.015548743,927.0,8225,5,0.2,3.0,0.1,0,4,0.5,True
40,40,40,0.0,-0.095409274,-0.09281294,-0.08156776,-0.008298512,0.0,-0.84615386,-0.64102566,-0.94871795,-0.23076925,-1.0,-0.0047457917,-0.015548735,1161.0,8225,5,0.2,3.0,0.1,0,4,0.5,True
41,41,41,0.0,-0.09386963,-0.091264784,-0.08010308,-0.007189364,0.0,-0.07692304,0.48717952,0.38461542,-0.3846154,-1.0,-0.003181671,-0.015548739,932.0,8225,5,0.2,3.0,0.1,0,4,0.5,True
42,42,42,0.0,-0.09540706,-0.0928107,-0.0815656,-0.008296887,0.0,0.43589747,-0.94871795,-0.23076925,-0.74358976,-1.0,-0.0021604337,-0.015548742,1114.0,8225,5,0.2,3.0,0.1,0,4,0.5,True
43,43,43,0.0,-0.09386708,-0.09126222,-0.08010065,-0.0071875188,0.0,0.7948718,0.53846157,0.12820515,0.0769231,-1.0,-0.00484404,-0.0155487405,1097.0,8225,5,0.2,3.0,0.1,0,4,0.5,True
44,44,44,0.0,-0.09386723,-0.091262355,-0.08010079,-0.0071876277,0.0,0.64102566,0.1794872,0.5897436,0.38461542,-1.0,-0.007016353,-0.015548742,1150.0,8225,5,0.2,3.0,0.1,0,4,0.5,True
45,45,45,0.0,-0.0953791,-0.092769,-0.08152048,-0.008253693,0.0,-0.8974359,0.48717952,0.84615386,-0.4871795,-1.0,-0.0010040497,-0.015548742,968.0,8225,5,0.2,3.0,0.1,0,4,0.5,True
46,46,46,0.0,-0.09386678,-0.09126191,-0.08010035,-0.0071872836,0.0,-0.2820513,0.12820515,0.94871795,0.7948718,-1.0,-0.003156152,-0.015548745,1215.0,8225,5,0.2,3.0,0.1,0,4,0.5,True
47,47,47,0.0,-0.095410086,-0.09281373,-0.08156849,-0.00829908,0.0,0.53846157,-0.64102566,-0.94871795,-0.33333334,-1.0,-0.0020764745,-0.015548739,1063.0,8225,5,0.2,3.0,0.1,0,4,0.5,True
48,48,48,0.0,-0.093865305,-0.091260426,-0.08009892,-0.0071861907,0.0,0.64102566,0.8974359,0.025641054,-0.3846154,-1.0,-0.0022856926,-0.015548739,1146.0,8225,5,0.2,3.0,0.1,0,4,0.5,True
49,49,49,0.0,-0.095407255,-0.092810914,-0.081565775,-0.008297027,0.0,0.0769231,-0.33333334,-0.2820513,-0.7948718,-1.0,-0.006042631,-0.015548739,977.0,8225,5,0.2,3.0,0.1,0,4,0.5,True
50,50,50,0.0,-0.093865484,-0.09126059,-0.080099106,-0.0071863513,0.0,0.12820515,0.64102566,0.6923077,-0.07692304,-1.0,-0.0030998362,-0.0155487405,1143.0,8225,5,0.2,3.0,0.1,0,4,0.5,True
51,51,51,0.0,-0.09540923,-0.09281316,-0.08156806,-0.008298927,0.0,0.64102566,-0.12820509,-0.74358976,0.23076928,-1.0,-0.002800272,-0.0155487405,861.0,8225,5,0.2,3.0,0.1,0,4,0.5,True
52,52,52,0.0,-0.09541008,-0.09281391,-0.081568696,-0.008299336,0.0,0.1794872,0.23076928,-0.84615386,0.1794872,-1.0,-0.0052239746,-0.015548742,880.0,8225,5,0.2,3.0,0.1,0,4,0.5,True
53,53,53,0.0,-0.095409654,-0.09281266,-0.08156719,-0.008297678,0.0,-0.74358976,0.33333337,0.33333337,-0.2820513,-1.0,-0.0034630336,-0.015548735,766.0,8225,5,0.2,3.0,0.1,0,4,0.5,True
54,54,54,0.0,-0.095409535,-0.092813194,-0.08156796,-0.00829867,0.0,-0.3846154,-0.94871795,0.7948718,-0.5897436,-1.0,-0.00058191933,-0.015548739,1495.0,8225,5,0.2,3.0,0.1,0,4,0.5,True
55,55,55,0.0,-0.093865186,-0.09126033,-0.08009884,-0.007186144,0.0,-0.1794872,0.23076928,1.0,-0.8974359,-1.0,-0.0006583804,-0.015548745,1524.0,8225,5,0.2,3.0,0.1,0,4,0.5,True
56,56,56,0.0,-0.09540942,-0.092813164,-0.08156798,-0.008298722,0.0,0.8974359,0.28205132,-0.64102566,-0.6923077,-1.0,-0.0019020016,-0.015548739,1058.0,8225,5,0.2,3.0,0.1,0,4,0.5,True
57,57,57,0.0,-0.09540728,-0.092810914,-0.08156581,-0.008297031,0.0,0.84615386,-0.94871795,1.0,-0.64102566,-1.0,-0.00081667333,-0.015548739,1726.0,8225,5,0.2,3.0,0.1,0,4,0.5,True
58,58,58,0.0,-0.09541007,-0.0928138,-0.081568524,-0.008299145,0.0,0.0769231,0.43589747,-0.7948718,-0.43589744,-1.0,-0.0018994313,-0.015548739,907.0,8225,5,0.2,3.0,0.1,0,4,0.5,True
59,59,59,0.0,-0.09540886,-0.09281251,-0.081567325,-0.008298174,0.0,0.025641054,-0.94871795,0.94871795,-0.53846157,-1.0,-0.00051982695,-0.015548739,1584.0,8225,5,0.2,3.0,0.1,0,4,0.5,True
60,60,60,0.0,-0.09394669,-0.091371454,-0.080236696,-0.007321886,0.0,-0.1794872,0.53846157,-0.53846157,0.025641054,-1.0,-0.0023480412,-0.015548745,325.0,8225,5,0.2,3.0,0.1,0,4,0.5,True
61,61,61,0.0,-0.09386606,-0.09126122,-0.08009971,-0.0071868366,0.0,0.48717952,0.53846157,-0.5897436,0.025641054,-1.0,-0.002578496,-0.0155487405,869.0,8225,5,0.2,3.0,0.1,0,4,0.5,True
62,62,62,0.0,-0.09540859,-0.09281223,-0.081567034,-0.008297982,0.0,0.025641054,-0.53846157,-0.53846157,-0.23076925,-1.0,-0.009415712,-0.0155487405,953.0,8225,5,0.2,3.0,0.1,0,4,0.5,True
63,63,63,0.0,-0.09541092,-0.09281465,-0.08156932,-0.00829975,0.0,1.0,-0.33333334,-0.025640994,-0.8974359,-1.0,-0.0011945947,-0.015548742,1130.0,8225,5,0.2,3.0,0.1,0,4,0.5,True
64,64,64,0.0,-0.093866825,-0.09126196,-0.0801004,-0.007187321,0.0,0.74358976,0.28205132,0.94871795,-1.0,-1.0,-0.0006793922,-0.0155487405,1808.0,8225,5,0.2,3.0,0.1,0,4,0.5,True
65,65,65,0.0,-0.09386647,-0.09126165,-0.080100134,-0.0071871486,0.0,0.6923077,0.12820515,0.43589747,-0.8974359,-1.0,-0.0013283475,-0.015548739,1080.0,8225,5,0.2,3.0,0.1,0,4,0.5,True
66,66,66,0.0,-0.09386506,-0.09126018,-0.08009872,-0.00718605,0.0,-0.12820509,0.8974359,0.12820515,-0.07692304,-1.0,-0.002484386,-0.015548742,1028.0,8225,5,0.2,3.0,0.1,0,4,0.5,True
67,67,67,0.0,-0.095406994,-0.09281409,-0.08157027,-0.008302711,0.0,0.0769231,0.43589747,-0.23076925,-0.5897436,-1.0,-0.0045850715,-0.0155487405,630.0,8225,5,0.2,3.0,0.1,0,4,0.5,True
68,68,68,0.0,-0.0938665,-0.09126159,-0.08010001,-0.007187013,0.0,-0.64102566,1.0,-0.1794872,0.0769231,-1.0,-0.0009128963,-0.015548736,1088.0,8225,5,0.2,3.0,0.1,0,4,0.5,True
69,69,69,0.0,-0.09386831,-0.091263436,-0.080101795,-0.007188375,0.0,-0.5897436,0.38461542,1.0,0.12820515,-1.0,-0.002005686,-0.0155487405,1034.0,8225,5,0.2,3.0,0.1,0,4,0.5,True
70,70,70,0.0,-0.0954103,-0.09281398,-0.0815687,-0.008299248,0.0,-0.64102566,0.1794872,-0.7948718,-1.0,-1.0,-0.0028104635,-0.015548739,1215.0,8225,5,0.2,3.0,0.1,0,4,0.5,True
71,71,71,0.0,-0.09541022,-0.09281388,-0.0815686,-0.008299149,0.0,0.12820515,-1.0,-1.0,0.1794872,-1.0,-0.0024496943,-0.015548736,1141.0,8225,5,0.2,3.0,0.1,0,4,0.5,True
72,72,72,0.0,-0.09541044,-0.092814066,-0.08156878,-0.0082992725,0.0,-0.7948718,-1.0,0.53846157,-0.025640994,-1.0,-0.0010239959,-0.015548742,1115.0,8225,5,0.2,3.0,0.1,0,4,0.5,True
73,73,73,0.0,-0.09540731,-0.09281095,-0.08156586,-0.008297088,0.0,-0.2820513,-0.5897436,-0.94871795,-0.23076925,-1.0,-0.0068040653,-0.015548743,1091.0,8225,5,0.2,3.0,0.1,0,4,0.5,True
74,74,74,0.0,-0.0954078,-0.09281149,-0.08156635,-0.008297459,0.0,0.43589747,-0.025640994,-0.53846157,-0.94871795,-1.0,-0.004045311,-0.0155487405,1007.0,8225,5,0.2,3.0,0.1,0,4,0.5,True
75,75,75,0.0,-0.09386595,-0.09126102,-0.08009951,-0.0071866335,0.0,-0.64102566,-0.33333334,1.0,0.23076928,-1.0,-0.001081659,-0.0155487405,1068.0,8225,5,0.2,3.0,0.1,0,4,0.5,True
76,76,76,0.0,-0.09386699,-0.091262,-0.08010038,-0.00718722,0.0,-0.64102566,-0.1794872,1.0,-0.07692304,-1.0,-0.0011915269,-0.015548736,960.0,8225,5,0.2,3.0,0.1,0,4,0.5,True
77,77,77,0.0,-0.09386625,-0.09126104,-0.08009937,-0.007186317,0.0,-0.53846157,0.48717952,0.7948718,-0.64102566,-1.0,-0.0010678465,-0.015548739,1038.0,8225,5,0.2,3.0,0.1,0,4,0.5,True
78,78,78,0.0,-0.093866274,-0.091261394,-0.080099866,-0.0071869004,0.0,-0.5897436,0.0769231,0.38461542,0.43589747,-1.0,-0.008504048,-0.015548743,892.0,8225,5,0.2,3.0,0.1,0,4,0.5,True
79,79,79,0.0,-0.09540677,-0.09281047,-0.08156545,-0.008296793,0.0,0.1794872,0.23076928,-0.5897436,-0.53846157,-1.0,-0.0038288,-0.015548735,846.0,8225,5,0.2,3.0,0.1,0,4,0.5,True
80,80,80,0.0,-0.0954078,-0.092811555,-0.08156647,-0.008297602,0.0,1.0,0.12820515,-0.94871795,0.025641054,-1.0,-0.002703158,-0.0155487405,1037.0,8225,5,0.2,3.0,0.1,0,4,0.5,True
81,81,81,0.0,-0.09541017,-0.09281401,-0.08156879,-0.008299419,0.0,0.5897436,-0.53846157,0.0769231,-0.4871795,-1.0,-0.002410704,-0.015548736,834.0,8225,5,0.2,3.0,0.1,0,4,0.5,True
82,82,82,0.0,-0.0938685,-0.09126364,-0.080101974,-0.007188519,0.0,0.94871795,0.94871795,0.7948718,-0.74358976,-1.0,-0.0009963032,-0.0155487405,1779.0,8225,5,0.2,3.0,0.1,0,4,0.5,True
83,83,83,0.0,-0.093868025,-0.09126316,-0.080101535,-0.007188163,0.0,0.6923077,0.84615386,-0.2820513,0.1794872,-1.0,-0.0020854734,-0.015548742,1161.0,8225,5,0.2,3.0,0.1,0,4,0.5,True
84,84,84,0.0,-0.09386678,-0.09126194,-0.080100395,-0.0071873106,0.0,-0.23076925,-0.6923077,0.84615386,0.6923077,-1.0,-0.0012076125,-0.0155487405,1183.0,8225,5,0.2,3.0,0.1,0,4,0.5,True
85,85,85,0.0,-0.093868375,-0.09126368,-0.080102116,-0.0071887355,0.0,0.6923077,0.38461542,0.025641054,-1.0,-1.0,-0.0018986649,-0.015548743,968.0,8225,5,0.2,3.0,0.1,0,4,0.5,True
86,86,86,0.0,-0.09386542,-0.09126053,-0.08009907,-0.007186317,0.0,0.94871795,-0.5897436,0.43589747,0.12820515,-1.0,-0.0014579506,-0.015548739,1090.0,8225,5,0.2,3.0,0.1,0,4,0.5,True
87,87,87,0.0,-0.09540884,-0.09281261,-0.08156743,-0.008298318,0.0,0.6923077,-0.23076925,-0.025640994,-0.6923077,-1.0,-0.002430166,-0.0155487405,915.0,8225,5,0.2,3.0,0.1,0,4,0.5,True
88,88,88,0.0,-0.09386819,-0.09126333,-0.08010173,-0.0071883346,0.0,0.0769231,-0.07692304,0.84615386,-0.74358976,-1.0,-0.00084930117,-0.015548739,1167.0,8225,5,0.2,3.0,0.1,0,4,0.5,True
89,89,89,0.0,-0.09386626,-0.091261394,-0.08009986,-0.0071869073,0.0,0.28205132,-0.33333334,-0.4871795,0.6923077,-1.0,-0.0023398586,-0.015548742,887.0,8225,5,0.2,3.0,0.1,0,4,0.5,True
90,90,90,0.0,-0.09540783,-0.09281147,-0.08156633,-0.008297427,0.0,-0.5897436,-0.33333334,-0.2820513,-0.43589744,-1.0,-0.010816696,-0.015548742,930.0,8225,5,0.2,3.0,0.1,0,4,0.5,True
91,91,91,0.0,-0.0953794,-0.09277014,-0.08152198,-0.008255402,0.0,-0.6923077,-0.6923077,0.84615386,0.1794872,-1.0,-0.0009367969,-0.015548742,832.0,8225,5,0.2,3.0,0.1,0,4,0.5,True
92,92,92,0.0,-0.09386491,-0.09126003,-0.08009859,-0.007185955,0.0,0.23076928,0.84615386,0.0769231,0.53846157,-1.0,-0.0036810823,-0.015548736,1174.0,8225,5,0.2,3.0,0.1,0,4,0.5,True
93,93,93,0.0,-0.09541075,-0.09281449,-0.0815692,-0.008299678,0.0,0.6923077,-0.33333334,-0.4871795,-0.53846157,-1.0,-0.0032434238,-0.015548742,890.0,8225,5,0.2,3.0,0.1,0,4,0.5,True
94,94,94,0.0,-0.09386462,-0.091259725,-0.08009829,-0.0071857404,0.0,-0.2820513,0.6923077,-0.23076925,0.0769231,-1.0,-0.0025082065,-0.0155487405,873.0,8225,5,0.2,3.0,0.1,0,4,0.5,True
95,95,95,0.0,-0.09386755,-0.09126269,-0.08010108,-0.0071878526,0.0,0.12820515,0.5897436,0.38461542,-0.43589744,-1.0,-0.0029572106,-0.015548742,1016.0,8225,5,0.2,3.0,0.1,0,4,0.5,True
96,96,96,0.0,-0.095407896,-0.09281155,-0.08156643,-0.008297518,0.0,0.0769231,-0.53846157,-0.12820509,-0.84615386,-1.0,-0.0039291694,-0.015548742,1028.0,8225,5,0.2,3.0,0.1,0,4,0.5,True
97,97,97,0.0,-0.09523429,-0.09271978,-0.08152016,-0.008320878,0.0,-0.33333334,0.43589747,0.48717952,-0.94871795,-1.0,-0.0011698928,-0.015548742,632.0,8225,5,0.2,3.0,0.1,0,4,0.5,True
98,98,98,0.0,-0.095405854,-0.09280949,-0.081564486,-0.008296067,0.0,0.6923077,-0.64102566,-0.53846157,-0.74358976,-1.0,-0.0019087455,-0.0155487405,1062.0,8225,5,0.2,3.0,0.1,0,4,0.5,True
99,99,99,0.0,-0.09540803,-0.09281162,-0.08156645,-0.0082975,0.0,-0.84615386,-0.84615386,-0.33333334,0.6923077,-1.0,-0.0019380791,-0.015548742,1061.0,8225,5,0.2,3.0,0.1,0,4,0.5,True
