,Unnamed: 0.1,Unnamed: 0,e1,e2,e3,e4,e5,e0_1,e0_2,e0_3,e0_4,e0_5,power,eta0,eta,count,seed,N,Jmax,alpha,gleak,ex,lk,rate,success
0,0,0,0.0,-0.79974526,-0.4733642,-0.41344488,-0.02409684,0.0,-0.07692304,-0.64102566,0.12820515,0.64102566,-1.0,-0.009468223,-0.017841186,4284.0,30151,5,0.2,1.0,0.1,0,4,0.5,True
1,1,1,0.0,-0.79972297,-0.47336158,-0.413443,-0.024096215,0.0,-0.6923077,-0.23076925,-0.33333334,0.025641054,-1.0,-0.017306766,-0.017841183,3172.0,30151,5,0.2,1.0,0.1,0,4,0.5,True
2,2,2,0.0,-0.7997305,-0.47336248,-0.41344368,-0.02409642,0.0,0.7948718,0.5897436,0.5897436,0.94871795,-1.0,-0.0063041225,-0.017841192,4744.0,30151,5,0.2,1.0,0.1,0,4,0.5,True
3,3,3,0.0,-0.7997362,-0.47335526,-0.4134423,-0.024096072,0.0,-0.7948718,0.23076928,-0.64102566,-0.23076925,-1.0,-0.0067731813,-0.017841186,1620.0,30151,5,0.2,1.0,0.1,0,4,0.5,True
4,4,4,0.0,6.4937434,-0.32637346,-0.5062292,-0.07388763,0.0,0.7948718,-0.53846157,0.0769231,0.025641054,-1.0,-0.0064614005,-0.016757635,100001.0,30151,5,0.2,1.0,0.1,0,4,0.5,False
5,5,5,0.0,-0.7997415,-0.4733638,-0.41344458,-0.024096718,0.0,-0.53846157,0.23076928,-0.53846157,-0.43589744,-1.0,-0.0069236704,-0.017841194,3633.0,30151,5,0.2,1.0,0.1,0,4,0.5,True
6,6,6,0.0,-0.8099149,-0.47432357,-0.41425738,-0.024370639,0.0,-0.6923077,-0.12820509,-0.8974359,-0.3846154,-1.0,-0.009519571,-0.017841192,1142.0,30151,5,0.2,1.0,0.1,0,4,0.5,True
7,7,7,0.0,-0.7997425,-0.47336388,-0.4134447,-0.024096766,0.0,-0.1794872,-0.33333334,-0.4871795,-1.0,-1.0,-0.005177538,-0.017841196,4066.0,30151,5,0.2,1.0,0.1,0,4,0.5,True
8,8,8,0.0,6.4908977,-0.32636705,-0.50623375,-0.0738914,0.0,0.28205132,-0.3846154,-0.1794872,-0.3846154,-1.0,-0.006814661,-0.016757516,100001.0,30151,5,0.2,1.0,0.1,0,4,0.5,False
9,9,9,0.0,-0.8100974,-0.47460276,-0.41432554,-0.024391823,0.0,-0.74358976,0.0769231,-0.8974359,0.48717952,-1.0,-0.009215047,-0.017841198,2456.0,30151,5,0.2,1.0,0.1,0,4,0.5,True
10,10,10,0.0,-0.79974025,-0.47336367,-0.41344446,-0.024096698,0.0,0.84615386,0.1794872,-1.0,0.74358976,-1.0,-0.00568513,-0.017841203,4085.0,30151,5,0.2,1.0,0.1,0,4,0.5,True
11,11,11,0.0,-0.7997407,-0.47336364,-0.41344443,-0.024096685,0.0,-0.6923077,0.48717952,0.7948718,1.0,-1.0,-0.0047945664,-0.017841196,4367.0,30151,5,0.2,1.0,0.1,0,4,0.5,True
12,12,12,0.0,-0.79973525,-0.47336307,-0.41344404,-0.024096536,0.0,-0.07692304,-0.12820509,-0.64102566,1.0,-1.0,-0.0036117309,-0.017841194,4213.0,30151,5,0.2,1.0,0.1,0,4,0.5,True
13,13,13,0.0,-0.7997421,-0.47336388,-0.41344452,-0.024096757,0.0,-0.23076925,0.64102566,0.48717952,0.0769231,-1.0,-0.0055815345,-0.01784119,4469.0,30151,5,0.2,1.0,0.1,0,4,0.5,True
14,14,14,0.0,9.1026745,4.3583593,-0.28240195,-0.09113594,0.0,0.33333337,0.6923077,-0.33333334,-0.74358976,-1.0,-0.002825108,-0.01385055,100001.0,30151,5,0.2,1.0,0.1,0,4,0.5,False
15,15,15,0.0,-0.799721,-0.47333148,-0.4134366,-0.024094263,0.0,-0.84615386,-0.12820509,0.28205132,-0.1794872,-1.0,-0.0052448222,-0.017841198,1498.0,30151,5,0.2,1.0,0.1,0,4,0.5,True
16,16,16,0.0,-0.7997297,-0.47336233,-0.4134436,-0.02409641,0.0,-0.53846157,-0.3846154,0.0769231,-0.4871795,-1.0,-0.0052022785,-0.017841183,3590.0,30151,5,0.2,1.0,0.1,0,4,0.5,True
17,17,17,0.0,-0.799734,-0.473363,-0.41344398,-0.024096511,0.0,-0.23076925,-0.2820513,0.33333337,-0.74358976,-1.0,-0.002354686,-0.017841194,4266.0,30151,5,0.2,1.0,0.1,0,4,0.5,True
18,18,18,0.0,-0.7997295,-0.47336245,-0.4134435,-0.024096394,0.0,-0.2820513,-0.33333334,-0.33333334,-0.7948718,-1.0,-0.0060413172,-0.017841183,4035.0,30151,5,0.2,1.0,0.1,0,4,0.5,True
19,19,19,0.0,-0.81010175,-0.4746006,-0.4143253,-0.024391761,0.0,-0.8974359,0.28205132,-0.74358976,-0.33333334,-1.0,-0.0059770495,-0.017841194,1917.0,30151,5,0.2,1.0,0.1,0,4,0.5,True
20,20,20,0.0,-0.7997396,-0.47336358,-0.41344437,-0.024096647,0.0,0.7948718,0.48717952,0.5897436,0.7948718,-1.0,-0.00632842,-0.01784119,4678.0,30151,5,0.2,1.0,0.1,0,4,0.5,True
21,21,21,0.0,6.4942775,-0.32637465,-0.5062285,-0.07388693,0.0,0.8974359,0.025641054,0.28205132,0.23076928,-1.0,-0.0069717257,-0.01675768,100001.0,30151,5,0.2,1.0,0.1,0,4,0.5,False
22,22,22,0.0,-0.7997425,-0.47336394,-0.4134447,-0.024096757,0.0,-0.64102566,0.12820515,-0.74358976,-0.53846157,-1.0,-0.0069089304,-0.017841192,3039.0,30151,5,0.2,1.0,0.1,0,4,0.5,True
23,23,23,0.0,-0.7997276,-0.473362,-0.41344348,-0.024096327,0.0,-0.84615386,-0.53846157,-0.5897436,1.0,-1.0,-0.0025434606,-0.017841188,2691.0,30151,5,0.2,1.0,0.1,0,4,0.5,True
24,24,24,0.0,8.375317,-0.12834881,6.2399855,0.0102479085,0.0,0.84615386,-0.43589744,1.0,-0.53846157,-1.0,-0.0033774201,-0.013375531,100001.0,30151,5,0.2,1.0,0.1,0,4,0.5,False
25,25,25,0.0,-0.79973936,-0.4733635,-0.4134444,-0.024096657,0.0,0.23076928,0.12820515,-0.3846154,0.6923077,-1.0,-0.009531799,-0.017841194,4327.0,30151,5,0.2,1.0,0.1,0,4,0.5,True
26,26,26,0.0,-1.2694446,-0.16302122,8.036822,0.05966284,0.0,-0.1794872,-0.84615386,0.8974359,-0.12820509,-1.0,-0.0051959474,-0.013473277,100001.0,30151,5,0.2,1.0,0.1,0,4,0.5,False
27,27,27,0.0,-0.7997383,-0.47336337,-0.41344434,-0.024096617,0.0,-0.2820513,0.23076928,0.12820515,-0.2820513,-1.0,-0.0059625516,-0.017841186,4129.0,30151,5,0.2,1.0,0.1,0,4,0.5,True
28,28,28,0.0,-0.79974425,-0.47336408,-0.41344473,-0.024096806,0.0,0.8974359,0.0769231,-0.84615386,0.5897436,-1.0,-0.0054362654,-0.017841185,4270.0,30151,5,0.2,1.0,0.1,0,4,0.5,True
29,29,29,0.0,-0.79972744,-0.4733621,-0.41344333,-0.024096336,0.0,0.025641054,-0.7948718,0.28205132,-0.4871795,-1.0,-0.004317969,-0.017841185,4284.0,30151,5,0.2,1.0,0.1,0,4,0.5,True
30,30,30,0.0,6.4890523,-0.326363,-0.5062366,-0.073893875,0.0,0.48717952,-0.6923077,-0.53846157,-0.94871795,-1.0,-0.0039115488,-0.016757479,100001.0,30151,5,0.2,1.0,0.1,0,4,0.5,False
31,31,31,0.0,-0.7997287,-0.47336215,-0.4134435,-0.024096372,0.0,0.53846157,-0.12820509,-1.0,1.0,-1.0,-0.005207271,-0.017841186,4037.0,30151,5,0.2,1.0,0.1,0,4,0.5,True
32,32,32,0.0,6.4935246,-0.32637298,-0.5062296,-0.07388793,0.0,0.64102566,-1.0,-0.8974359,-0.33333334,-1.0,-0.0061141583,-0.01675764,100001.0,30151,5,0.2,1.0,0.1,0,4,0.5,False
33,33,33,0.0,-0.79973406,-0.47336292,-0.4134439,-0.0240965,0.0,-0.1794872,-0.53846157,-0.5897436,-0.23076925,-1.0,-0.015737874,-0.017841194,3991.0,30151,5,0.2,1.0,0.1,0,4,0.5,True
34,34,34,0.0,-0.79972696,-0.4733621,-0.41344333,-0.02409632,0.0,0.48717952,-0.8974359,0.28205132,-0.3846154,-1.0,-0.00405093,-0.017841188,4551.0,30151,5,0.2,1.0,0.1,0,4,0.5,True
35,35,35,0.0,-0.8101047,-0.47460392,-0.41432607,-0.02439203,0.0,-0.8974359,0.1794872,-0.5897436,0.48717952,-1.0,-0.009324666,-0.01784119,3191.0,30151,5,0.2,1.0,0.1,0,4,0.5,True
36,36,36,0.0,-0.79973626,-0.47336322,-0.41344407,-0.024096604,0.0,0.23076928,0.64102566,-0.84615386,-0.6923077,-1.0,-0.0022632794,-0.017841183,4447.0,30151,5,0.2,1.0,0.1,0,4,0.5,True
37,37,37,0.0,-0.31342807,6.8612947,-0.30293298,0.008006429,0.0,-0.4871795,0.7948718,0.025641054,-0.6923077,-1.0,-0.004026963,-0.01568529,100001.0,30151,5,0.2,1.0,0.1,0,4,0.5,False
38,38,38,0.0,-0.7997382,-0.47336346,-0.41344425,-0.024096642,0.0,0.28205132,-0.94871795,-1.0,1.0,-1.0,-0.0031958078,-0.017841192,4573.0,30151,5,0.2,1.0,0.1,0,4,0.5,True
39,39,39,0.0,-0.31342918,6.8620534,-0.30293384,0.008006284,0.0,-0.1794872,0.5897436,-0.43589744,0.025641054,-1.0,-0.009537522,-0.015685318,100001.0,30151,5,0.2,1.0,0.1,0,4,0.5,False
40,40,40,0.0,6.491168,-0.32636762,-0.5062333,-0.07389104,0.0,0.38461542,-0.1794872,-0.3846154,-0.53846157,-1.0,-0.0077539845,-0.016757566,100001.0,30151,5,0.2,1.0,0.1,0,4,0.5,False
41,41,41,0.0,-0.7997398,-0.47336355,-0.41344428,-0.024096677,0.0,0.5897436,-0.94871795,0.23076928,-0.3846154,-1.0,-0.0038369426,-0.017841194,4651.0,30151,5,0.2,1.0,0.1,0,4,0.5,True
42,42,42,0.0,-0.8101093,-0.4746043,-0.41432646,-0.024392119,0.0,-0.8974359,-0.4871795,-0.4871795,-0.025640994,-1.0,-0.01776964,-0.017841201,3265.0,30151,5,0.2,1.0,0.1,0,4,0.5,True
43,43,43,0.0,-0.79973626,-0.4733632,-0.4134441,-0.024096597,0.0,0.28205132,0.28205132,0.5897436,0.53846157,-1.0,-0.008650049,-0.017841196,4475.0,30151,5,0.2,1.0,0.1,0,4,0.5,True
44,44,44,0.0,-0.7997337,-0.47336292,-0.41344395,-0.024096515,0.0,0.38461542,-0.33333334,-0.8974359,0.64102566,-1.0,-0.009140834,-0.017841188,4041.0,30151,5,0.2,1.0,0.1,0,4,0.5,True
45,45,45,0.0,-0.115399115,9.059301,5.023904,0.15826614,0.0,-0.2820513,0.7948718,0.94871795,0.23076928,-1.0,-0.005023262,-0.010933132,100001.0,30151,5,0.2,1.0,0.1,0,4,0.5,False
46,46,46,0.0,-0.3134328,6.8646946,-0.3029369,0.008005846,0.0,0.12820515,0.94871795,-0.3846154,-0.12820509,-1.0,-0.0055454886,-0.01568544,100001.0,30151,5,0.2,1.0,0.1,0,4,0.5,False
47,47,47,0.0,-0.3134194,6.8549995,-0.30292574,0.0080075255,0.0,-0.025640994,0.74358976,0.53846157,-0.84615386,-1.0,-0.0013298951,-0.015685007,100001.0,30151,5,0.2,1.0,0.1,0,4,0.5,False
48,48,48,0.0,-0.79973835,-0.4733634,-0.4134443,-0.02409662,0.0,-0.53846157,-0.53846157,0.0769231,-1.0,-1.0,-0.002482855,-0.017841192,4157.0,30151,5,0.2,1.0,0.1,0,4,0.5,True
49,49,49,0.0,-0.7997337,-0.47336283,-0.41344386,-0.024096513,0.0,-0.025640994,-0.7948718,-0.94871795,0.6923077,-1.0,-0.00490567,-0.017841192,4120.0,30151,5,0.2,1.0,0.1,0,4,0.5,True
50,50,50,0.0,-0.7997342,-0.473363,-0.41344392,-0.024096502,0.0,0.8974359,0.94871795,-0.64102566,0.38461542,-1.0,-0.003279291,-0.017841194,4670.0,30151,5,0.2,1.0,0.1,0,4,0.5,True
51,51,51,0.0,6.4876413,-0.32635972,-0.5062387,-0.07389569,0.0,0.43589747,-0.7948718,-0.8974359,-0.6923077,-1.0,-0.004755618,-0.016757425,100001.0,30151,5,0.2,1.0,0.1,0,4,0.5,False
52,52,52,0.0,-0.79973906,-0.47336358,-0.41344437,-0.024096666,0.0,-0.7948718,-0.1794872,-0.025640994,-0.64102566,-1.0,-0.004867622,-0.01784119,2234.0,30151,5,0.2,1.0,0.1,0,4,0.5,True
53,53,53,0.0,-0.79973835,-0.47336334,-0.41344428,-0.024096617,0.0,-0.64102566,-0.3846154,-0.3846154,-0.4871795,-1.0,-0.012290814,-0.017841196,3458.0,30151,5,0.2,1.0,0.1,0,4,0.5,True
54,54,54,0.0,-0.799736,-0.47336313,-0.4134442,-0.024096591,0.0,0.38461542,-0.23076925,0.0769231,0.6923077,-1.0,-0.009591063,-0.01784119,4326.0,30151,5,0.2,1.0,0.1,0,4,0.5,True
55,55,55,0.0,9.10958,4.361182,-0.2824175,-0.09112962,0.0,0.6923077,0.48717952,-0.12820509,-0.4871795,-1.0,-0.0052557075,-0.013851061,100001.0,30151,5,0.2,1.0,0.1,0,4,0.5,False
56,56,56,0.0,9.119165,4.3651056,-0.2824391,-0.09112077,0.0,0.94871795,0.94871795,0.12820515,-0.3846154,-1.0,-0.0034520251,-0.013851774,100001.0,30151,5,0.2,1.0,0.1,0,4,0.5,False
57,57,57,0.0,-0.11539846,9.058861,5.0237036,0.1582665,0.0,-0.12820509,1.0,0.64102566,-0.025640994,-1.0,-0.0042707534,-0.010933083,100001.0,30151,5,0.2,1.0,0.1,0,4,0.5,False
58,58,58,0.0,-0.81010526,-0.47460374,-0.41432616,-0.024392005,0.0,-1.0,-0.64102566,-0.2820513,-0.94871795,-1.0,-0.0046499735,-0.017841196,3580.0,30151,5,0.2,1.0,0.1,0,4,0.5,True
59,59,59,0.0,-1.2694584,-0.16302338,8.038718,0.05966037,0.0,-0.23076925,-0.33333334,0.64102566,0.28205132,-1.0,-0.0065280176,-0.013473384,100001.0,30151,5,0.2,1.0,0.1,0,4,0.5,False
60,60,60,0.0,-0.7997334,-0.47336268,-0.41344383,-0.02409649,0.0,-0.74358976,0.0769231,-0.94871795,-0.6923077,-1.0,-0.0065966877,-0.017841196,3133.0,30151,5,0.2,1.0,0.1,0,4,0.5,True
61,61,61,0.0,-0.79973507,-0.47336292,-0.413444,-0.02409654,0.0,0.28205132,0.33333337,-0.12820509,-0.53846157,-1.0,-0.0047558607,-0.01784119,4265.0,30151,5,0.2,1.0,0.1,0,4,0.5,True
62,62,62,0.0,8.365025,-0.12833092,6.232712,0.010249948,0.0,0.94871795,-0.94871795,0.5897436,-0.1794872,-1.0,-0.0037785433,-0.0133746965,100001.0,30151,5,0.2,1.0,0.1,0,4,0.5,False
63,63,63,0.0,-0.7997401,-0.4733637,-0.41344452,-0.024096692,0.0,-0.53846157,-1.0,-0.33333334,0.48717952,-1.0,-0.007525319,-0.017841194,4443.0,30151,5,0.2,1.0,0.1,0,4,0.5,True
64,64,64,0.0,-0.79973507,-0.473363,-0.413444,-0.024096552,0.0,-0.025640994,-0.94871795,-0.025640994,0.1794872,-1.0,-0.014994166,-0.01784118,4548.0,30151,5,0.2,1.0,0.1,0,4,0.5,True
65,65,65,0.0,6.491619,-0.32636866,-0.5062327,-0.073890455,0.0,0.74358976,0.1794872,-0.94871795,-0.6923077,-1.0,-0.0030130807,-0.016757559,100001.0,30151,5,0.2,1.0,0.1,0,4,0.5,False
66,66,66,0.0,6.492169,-0.32636994,-0.506232,-0.073889725,0.0,0.48717952,-0.43589744,-0.84615386,-0.23076925,-1.0,-0.009501071,-0.016757596,100001.0,30151,5,0.2,1.0,0.1,0,4,0.5,False
67,67,67,0.0,-0.79974526,-0.47336426,-0.4134449,-0.02409685,0.0,-0.6923077,0.12820515,-0.3846154,0.5897436,-1.0,-0.008490201,-0.017841198,3462.0,30151,5,0.2,1.0,0.1,0,4,0.5,True
68,68,68,0.0,-0.799733,-0.47336286,-0.4134438,-0.024096506,0.0,-0.43589744,-0.5897436,0.33333337,-0.53846157,-1.0,-0.0053548715,-0.017841188,3511.0,30151,5,0.2,1.0,0.1,0,4,0.5,True
69,69,69,0.0,-0.79974246,-0.47336385,-0.41344473,-0.02409677,0.0,0.6923077,0.8974359,-0.3846154,0.74358976,-1.0,-0.005124859,-0.017841192,4651.0,30151,5,0.2,1.0,0.1,0,4,0.5,True
70,70,70,0.0,8.362246,-0.12832612,6.230747,0.010250563,0.0,0.84615386,-0.8974359,0.5897436,0.025641054,-1.0,-0.0056030746,-0.013374445,100001.0,30151,5,0.2,1.0,0.1,0,4,0.5,False
71,71,71,0.0,-0.79974425,-0.47336408,-0.41344473,-0.024096806,0.0,-0.8974359,0.6923077,0.84615386,1.0,-1.0,-0.0035534222,-0.017841185,4140.0,30151,5,0.2,1.0,0.1,0,4,0.5,True
72,72,72,0.0,-1.2694668,-0.16302492,8.040126,0.05965866,0.0,0.23076928,0.33333337,0.84615386,0.53846157,-1.0,-0.0055525624,-0.01347345,100001.0,30151,5,0.2,1.0,0.1,0,4,0.5,False
73,73,73,0.0,-0.7997359,-0.47336298,-0.41344407,-0.02409655,0.0,0.43589747,0.28205132,0.43589747,-0.84615386,-1.0,-0.0015624379,-0.017841196,4513.0,30151,5,0.2,1.0,0.1,0,4,0.5,True
74,74,74,0.0,-0.7997308,-0.47336248,-0.4134437,-0.02409644,0.0,-1.0,-1.0,-0.74358976,-0.6923077,-1.0,-0.010063523,-0.01784118,3497.0,30151,5,0.2,1.0,0.1,0,4,0.5,True
75,75,75,0.0,-0.7997297,-0.47336245,-0.41344362,-0.024096396,0.0,0.12820515,-0.12820509,-0.53846157,0.53846157,-1.0,-0.010429076,-0.017841183,4149.0,30151,5,0.2,1.0,0.1,0,4,0.5,True
76,76,76,0.0,-0.7997403,-0.4733638,-0.41344443,-0.024096705,0.0,-0.025640994,0.53846157,0.28205132,1.0,-1.0,-0.006663564,-0.017841188,4550.0,30151,5,0.2,1.0,0.1,0,4,0.5,True
77,77,77,0.0,-0.8097374,-0.47406584,-0.41419342,-0.024350826,0.0,-0.8974359,0.12820515,-0.12820509,0.64102566,-1.0,-0.008069389,-0.017841203,1126.0,30151,5,0.2,1.0,0.1,0,4,0.5,True
78,78,78,0.0,-0.7997401,-0.47336367,-0.41344443,-0.024096694,0.0,0.38461542,0.43589747,0.48717952,-0.33333334,-1.0,-0.0028799835,-0.01784119,4419.0,30151,5,0.2,1.0,0.1,0,4,0.5,True
79,79,79,0.0,-0.801027,-0.47280094,-0.413404,-0.024087597,0.0,-0.84615386,-0.2820513,-0.33333334,0.43589747,-1.0,-0.009933711,-0.017841203,931.0,30151,5,0.2,1.0,0.1,0,4,0.5,True
80,80,80,0.0,8.373476,-0.12834562,6.238685,0.010248298,0.0,0.64102566,0.025641054,0.6923077,-0.23076925,-1.0,-0.0035240694,-0.013375364,100001.0,30151,5,0.2,1.0,0.1,0,4,0.5,False
81,81,81,0.0,-0.81010264,-0.47460344,-0.41432586,-0.024391953,0.0,-0.7948718,0.12820515,-1.0,-0.43589744,-1.0,-0.0057930513,-0.017841196,3691.0,30151,5,0.2,1.0,0.1,0,4,0.5,True
82,82,82,0.0,-0.7997369,-0.4733631,-0.4134441,-0.024096565,0.0,-0.12820509,0.025641054,0.0769231,0.12820515,-1.0,-0.013966041,-0.017841185,4175.0,30151,5,0.2,1.0,0.1,0,4,0.5,True
83,83,83,0.0,-0.7997316,-0.47336268,-0.41344365,-0.024096437,0.0,-0.07692304,0.5897436,0.33333337,0.7948718,-1.0,-0.007016732,-0.01784119,4509.0,30151,5,0.2,1.0,0.1,0,4,0.5,True
84,84,84,0.0,-1.2694824,-0.1630272,8.042175,0.05965601,0.0,-0.74358976,0.28205132,0.8974359,0.38461542,-1.0,-0.005885336,-0.013473558,100001.0,30151,5,0.2,1.0,0.1,0,4,0.5,False
85,85,85,0.0,-0.3134314,6.8636765,-0.3029357,0.008005991,0.0,-1.0,0.8974359,-0.64102566,-0.1794872,-1.0,-0.008188476,-0.015685385,100001.0,30151,5,0.2,1.0,0.1,0,4,0.5,False
86,86,86,0.0,9.113123,4.3626337,-0.28242546,-0.09112634,0.0,0.6923077,0.8974359,-0.6923077,-0.4871795,-1.0,-0.0026963241,-0.013851314,100001.0,30151,5,0.2,1.0,0.1,0,4,0.5,False
87,87,87,0.0,-0.7997369,-0.47336322,-0.4134441,-0.024096597,0.0,-0.74358976,-0.53846157,0.53846157,0.64102566,-1.0,-0.004402383,-0.017841198,3632.0,30151,5,0.2,1.0,0.1,0,4,0.5,True
88,88,88,0.0,-0.80742157,-0.4750457,-0.41425622,-0.02436264,0.0,-0.84615386,-0.74358976,-0.3846154,0.6923077,-1.0,-0.004672536,-0.017841205,942.0,30151,5,0.2,1.0,0.1,0,4,0.5,True
89,89,89,0.0,-0.7997398,-0.47336364,-0.41344443,-0.024096707,0.0,-0.025640994,0.1794872,-0.1794872,1.0,-1.0,-0.0053745825,-0.01784119,4397.0,30151,5,0.2,1.0,0.1,0,4,0.5,True
90,90,90,0.0,-0.799736,-0.473363,-0.4134441,-0.024096573,0.0,0.6923077,0.38461542,0.43589747,-0.025640994,-1.0,-0.0049968874,-0.017841185,4478.0,30151,5,0.2,1.0,0.1,0,4,0.5,True
91,91,91,0.0,6.495666,-0.32637775,-0.5062261,-0.07388512,0.0,1.0,-0.4871795,0.12820515,-0.33333334,-1.0,-0.004757607,-0.01675775,100001.0,30151,5,0.2,1.0,0.1,0,4,0.5,False
92,92,92,0.0,-0.7997303,-0.47336236,-0.41344354,-0.02409643,0.0,0.84615386,0.6923077,0.6923077,-0.23076925,-1.0,-0.0026886484,-0.0178412,4978.0,30151,5,0.2,1.0,0.1,0,4,0.5,True
93,93,93,0.0,-0.79973286,-0.47336262,-0.4134438,-0.024096476,0.0,-0.12820509,-0.64102566,-0.2820513,0.5897436,-1.0,-0.008003441,-0.017841194,4190.0,30151,5,0.2,1.0,0.1,0,4,0.5,True
94,94,94,0.0,8.375998,-0.12834993,6.2404733,0.0102478,0.0,1.0,-0.23076925,0.53846157,-0.23076925,-1.0,-0.0051798588,-0.01337557,100001.0,30151,5,0.2,1.0,0.1,0,4,0.5,False
95,95,95,0.0,-0.799733,-0.47336274,-0.4134438,-0.024096515,0.0,0.23076928,0.74358976,-0.33333334,0.74358976,-1.0,-0.007109634,-0.017841185,4508.0,30151,5,0.2,1.0,0.1,0,4,0.5,True
96,96,96,0.0,-0.7997395,-0.47336367,-0.41344437,-0.02409667,0.0,0.025641054,-0.7948718,-0.94871795,0.43589747,-1.0,-0.0101118265,-0.017841192,4076.0,30151,5,0.2,1.0,0.1,0,4,0.5,True
97,97,97,0.0,-0.79973197,-0.47336277,-0.41344374,-0.024096461,0.0,0.8974359,0.43589747,0.48717952,0.84615386,-1.0,-0.0057843146,-0.017841192,4683.0,30151,5,0.2,1.0,0.1,0,4,0.5,True
98,98,98,0.0,-0.7997285,-0.47336233,-0.41344345,-0.02409633,0.0,-0.2820513,-0.1794872,-0.5897436,0.28205132,-1.0,-0.0138104325,-0.017841186,3887.0,30151,5,0.2,1.0,0.1,0,4,0.5,True
99,99,99,0.0,-0.11539428,9.055706,5.02227,0.15826863,0.0,-0.64102566,0.84615386,0.94871795,-0.2820513,-1.0,-0.0026118208,-0.01093283,100001.0,30151,5,0.2,1.0,0.1,0,4,0.5,False
