,Unnamed: 0.1,Unnamed: 0,e1,e2,e3,e4,e5,e6,e0_1,e0_2,e0_3,e0_4,e0_5,e0_6,power,eta0,eta,count,seed,N,Jmax,alpha,gleak,ex,lk,rate,success
0,0,0,0.0,-1.0709946,-0.59574765,-0.5173552,-0.4669506,-0.032596868,0.0,0.28205132,-0.07692304,0.43589747,-0.025640994,1.0,-1.0,-0.006082218,-0.014901123,9823.0,34701,6,0.2,1.0,0.1,0,5,0.5,True
1,1,1,0.0,-0.2959862,5.821998,-0.4246567,-0.40203992,-0.016091932,0.0,-0.3846154,0.5897436,-0.64102566,-0.6923077,-0.53846157,-1.0,-0.0070408345,-0.01355923,100001.0,34701,6,0.2,1.0,0.1,0,5,0.5,False
2,2,2,0.0,-1.0709903,-0.59574664,-0.5173554,-0.4669501,-0.03259677,0.0,0.94871795,-0.64102566,0.94871795,0.025641054,0.23076928,-1.0,-0.0044662165,-0.014901121,10265.0,34701,6,0.2,1.0,0.1,0,5,0.5,True
3,3,3,0.0,7.094114,-0.44408092,-0.21802303,5.933408,0.0035226743,0.0,0.5897436,-0.07692304,-0.94871795,0.7948718,-0.8974359,-1.0,-0.002543168,-0.011671525,100001.0,34701,6,0.2,1.0,0.1,0,5,0.5,False
4,4,4,0.0,-1.0709811,-0.5957447,-0.5173557,-0.4669494,-0.032596543,0.0,0.28205132,-0.84615386,0.0769231,-0.43589744,-0.43589744,-1.0,-0.005319685,-0.014901121,9357.0,34701,6,0.2,1.0,0.1,0,5,0.5,True
5,5,5,0.0,-0.90709585,-0.34155235,6.5839734,-0.28521392,-0.018437846,0.0,-0.74358976,-0.23076925,0.33333337,-0.025640994,-0.7948718,-1.0,-0.002705272,-0.013316313,100001.0,34701,6,0.2,1.0,0.1,0,5,0.5,False
6,6,6,0.0,9.276614,5.5187025,3.133298,-0.2559467,-0.1078025,0.0,0.53846157,0.74358976,0.8974359,-0.74358976,-0.12820509,-1.0,-0.003105362,-0.010092217,100001.0,34701,6,0.2,1.0,0.1,0,5,0.5,False
7,7,7,0.0,-0.4852614,7.611109,-0.0752523,5.8395734,0.07292897,0.0,-0.5897436,1.0,-0.43589744,0.64102566,-0.12820509,-1.0,-0.003653797,-0.010450332,100001.0,34701,6,0.2,1.0,0.1,0,5,0.5,False
8,8,8,0.0,-1.070983,-0.59574413,-0.51735574,-0.46694943,-0.03259656,0.0,-0.33333334,-0.1794872,0.23076928,-0.3846154,-0.23076925,-1.0,-0.0055702063,-0.014901123,9170.0,34701,6,0.2,1.0,0.1,0,5,0.5,True
9,9,9,0.0,-1.0709779,-0.59574634,-0.5173552,-0.46694934,-0.032596495,0.0,0.5897436,-1.0,-1.0,0.12820515,-0.07692304,-1.0,-0.00435413,-0.014901121,9321.0,34701,6,0.2,1.0,0.1,0,5,0.5,True
10,10,10,0.0,-0.90713614,-0.34156585,6.593787,-0.28523037,-0.018443342,0.0,0.23076928,-0.1794872,0.8974359,-1.0,0.025641054,-1.0,-0.0033748094,-0.013316728,100001.0,34701,6,0.2,1.0,0.1,0,5,0.5,False
11,11,11,0.0,8.122778,3.9440322,-0.320032,-0.55347645,-0.102949224,0.0,0.8974359,1.0,-0.33333334,-0.07692304,-0.2820513,-1.0,-0.004834952,-0.012511643,100001.0,34701,6,0.2,1.0,0.1,0,5,0.5,False
12,12,12,0.0,-1.0709786,-0.59574336,-0.5173556,-0.466949,-0.032596447,0.0,0.6923077,1.0,1.0,0.0769231,0.23076928,-1.0,-0.0033570062,-0.014901118,10423.0,34701,6,0.2,1.0,0.1,0,5,0.5,True
13,13,13,0.0,-0.9071405,-0.34156767,6.5950756,-0.2852324,-0.018443985,0.0,-0.07692304,-0.23076925,0.94871795,-0.2820513,0.23076928,-1.0,-0.008946835,-0.013316775,100001.0,34701,6,0.2,1.0,0.1,0,5,0.5,False
14,14,14,0.0,-0.90711504,-0.34155843,6.588458,-0.28522143,-0.018440379,0.0,0.0769231,-0.4871795,0.7948718,-0.43589744,-0.43589744,-1.0,-0.004057429,-0.0133165,100001.0,34701,6,0.2,1.0,0.1,0,5,0.5,False
15,15,15,0.0,5.6913147,-0.36126933,-0.57229847,-0.53348136,-0.0803274,0.0,0.7948718,0.28205132,-1.0,-0.6923077,-0.74358976,-1.0,-0.002869888,-0.014315374,100001.0,34701,6,0.2,1.0,0.1,0,5,0.5,False
16,16,16,0.0,-1.0709932,-0.5957467,-0.51735526,-0.46695048,-0.03259679,0.0,0.23076928,0.28205132,-0.5897436,-0.5897436,0.1794872,-1.0,-0.006583471,-0.014901129,9351.0,34701,6,0.2,1.0,0.1,0,5,0.5,True
17,17,17,0.0,-1.0709958,-0.59574753,-0.51735544,-0.46695068,-0.03259691,0.0,0.0769231,0.7948718,0.0769231,-0.12820509,0.94871795,-1.0,-0.0065000816,-0.014901131,9976.0,34701,6,0.2,1.0,0.1,0,5,0.5,True
18,18,18,0.0,-1.0709907,-0.59575015,-0.51735455,-0.46695077,-0.03259679,0.0,-0.23076925,-0.74358976,0.0769231,-1.0,-0.025640994,-1.0,-0.008279297,-0.014901124,8291.0,34701,6,0.2,1.0,0.1,0,5,0.5,True
19,19,19,0.0,-1.0709846,-0.59574527,-0.5173557,-0.46694964,-0.03259662,0.0,-0.2820513,-0.7948718,-0.3846154,0.28205132,0.43589747,-1.0,-0.0077479193,-0.014901119,9401.0,34701,6,0.2,1.0,0.1,0,5,0.5,True
20,20,20,0.0,-1.0709888,-0.59574616,-0.51735526,-0.46695012,-0.032596674,0.0,0.84615386,0.33333337,-0.12820509,-0.23076925,0.94871795,-1.0,-0.005964321,-0.014901133,9951.0,34701,6,0.2,1.0,0.1,0,5,0.5,True
21,21,21,0.0,7.5494323,-0.27275178,5.3183107,-0.2999558,-0.085760824,0.0,0.94871795,-0.2820513,0.6923077,0.0769231,-1.0,-1.0,-0.0015178556,-0.01280452,100001.0,34701,6,0.2,1.0,0.1,0,5,0.5,False
22,22,22,0.0,7.547341,-0.272745,5.3169165,-0.2999519,-0.085762925,0.0,0.7948718,-0.2820513,0.5897436,-0.3846154,-0.94871795,-1.0,-0.002736052,-0.012804352,100001.0,34701,6,0.2,1.0,0.1,0,5,0.5,False
23,23,23,0.0,-1.070985,-0.59574497,-0.5173555,-0.46694967,-0.03259662,0.0,-0.4871795,0.025641054,-0.84615386,-0.53846157,-0.8974359,-1.0,-0.0040945616,-0.014901124,8975.0,34701,6,0.2,1.0,0.1,0,5,0.5,True
24,24,24,0.0,-1.0709871,-0.5957458,-0.5173555,-0.46694988,-0.03259666,0.0,0.28205132,0.1794872,-0.4871795,0.33333337,0.28205132,-1.0,-0.008153292,-0.014901121,9534.0,34701,6,0.2,1.0,0.1,0,5,0.5,True
25,25,25,0.0,-2.4248536,-0.575822,-0.19751601,7.6700115,0.029736537,0.0,-0.94871795,-0.84615386,-0.43589744,0.5897436,-0.74358976,-1.0,-0.0030183706,-0.011686289,100001.0,34701,6,0.2,1.0,0.1,0,5,0.5,False
26,26,26,0.0,5.6950703,-0.36128488,-0.57229686,-0.5334707,-0.08032092,0.0,0.94871795,-0.6923077,-0.8974359,-0.07692304,-0.7948718,-1.0,-0.004213949,-0.01431551,100001.0,34701,6,0.2,1.0,0.1,0,5,0.5,False
27,27,27,0.0,-1.0709963,-0.5957473,-0.5173552,-0.46695077,-0.032596886,0.0,-0.7948718,0.33333337,0.6923077,-0.23076925,0.48717952,-1.0,-0.0045812167,-0.014901126,9144.0,34701,6,0.2,1.0,0.1,0,5,0.5,True
28,28,28,0.0,-0.48491317,7.498989,-0.0749459,5.7607284,0.073042646,0.0,-0.025640994,0.74358976,-0.64102566,0.6923077,-0.2820513,-1.0,-0.0026312303,-0.010441677,100001.0,34701,6,0.2,1.0,0.1,0,5,0.5,False
29,29,29,0.0,8.118722,3.9423184,-0.32002202,-0.5534732,-0.10295509,0.0,0.8974359,0.74358976,0.025641054,-0.5897436,-0.43589744,-1.0,-0.0046391618,-0.012511383,100001.0,34701,6,0.2,1.0,0.1,0,5,0.5,False
30,30,30,0.0,5.692414,-0.36127388,-0.572298,-0.5334782,-0.080325514,0.0,0.48717952,-0.8974359,-1.0,-0.53846157,0.0769231,-1.0,-0.0060508396,-0.014315418,100001.0,34701,6,0.2,1.0,0.1,0,5,0.5,False
31,31,31,0.0,-0.29599193,5.824467,-0.4246626,-0.4020411,-0.016091192,0.0,-0.33333334,0.8974359,0.0769231,0.23076928,0.6923077,-1.0,-0.0054637473,-0.013559329,100001.0,34701,6,0.2,1.0,0.1,0,5,0.5,False
32,32,32,0.0,-1.070988,-0.595746,-0.5173552,-0.46694997,-0.032596678,0.0,0.48717952,0.5897436,0.025641054,0.025641054,0.23076928,-1.0,-0.0061849332,-0.014901123,9708.0,34701,6,0.2,1.0,0.1,0,5,0.5,True
33,33,33,0.0,-1.0709915,-0.59574634,-0.51735556,-0.46695027,-0.03259682,0.0,0.84615386,0.7948718,0.28205132,-0.4871795,0.53846157,-1.0,-0.0044286395,-0.014901119,10071.0,34701,6,0.2,1.0,0.1,0,5,0.5,True
34,34,34,0.0,-1.0709875,-0.5957459,-0.5173555,-0.46694994,-0.032596692,0.0,0.48717952,0.33333337,0.5897436,-0.025640994,0.43589747,-1.0,-0.0061372197,-0.014901121,9864.0,34701,6,0.2,1.0,0.1,0,5,0.5,True
35,35,35,0.0,-1.0709909,-0.5957466,-0.51735526,-0.46695024,-0.03259676,0.0,0.8974359,0.5897436,0.64102566,0.025641054,0.5897436,-1.0,-0.005491473,-0.014901118,10218.0,34701,6,0.2,1.0,0.1,0,5,0.5,True
36,36,36,0.0,-1.0709871,-0.5957458,-0.5173555,-0.46694988,-0.03259666,0.0,0.64102566,0.7948718,-0.53846157,-0.5897436,0.43589747,-1.0,-0.0036072049,-0.014901121,9792.0,34701,6,0.2,1.0,0.1,0,5,0.5,True
37,37,37,0.0,-1.070988,-0.59574556,-0.51735526,-0.46694997,-0.032596678,0.0,0.12820515,0.025641054,-0.5897436,-0.3846154,-0.12820509,-1.0,-0.009884663,-0.014901123,9259.0,34701,6,0.2,1.0,0.1,0,5,0.5,True
38,38,38,0.0,-0.29593784,5.8011675,-0.42460722,-0.40202922,-0.016098002,0.0,-0.3846154,0.1794872,0.74358976,-0.53846157,-0.43589744,-1.0,-0.0032244863,-0.0135584865,100001.0,34701,6,0.2,1.0,0.1,0,5,0.5,False
39,39,39,0.0,5.690467,-0.36126584,-0.5722986,-0.5334839,-0.080328874,0.0,0.53846157,-0.3846154,-0.84615386,0.025641054,-0.6923077,-1.0,-0.0034037333,-0.014315342,100001.0,34701,6,0.2,1.0,0.1,0,5,0.5,False
40,40,40,0.0,5.6951733,-0.36128524,-0.5722967,-0.5334704,-0.08032075,0.0,0.74358976,-0.94871795,-0.94871795,-0.94871795,0.12820515,-1.0,-0.0049821367,-0.014315511,100001.0,34701,6,0.2,1.0,0.1,0,5,0.5,False
41,41,41,0.0,-1.0709817,-0.5957439,-0.51735574,-0.46694928,-0.032596532,0.0,-0.4871795,0.43589747,0.5897436,0.74358976,0.5897436,-1.0,-0.0048409505,-0.014901127,9910.0,34701,6,0.2,1.0,0.1,0,5,0.5,True
42,42,42,0.0,-0.90713286,-0.34156483,6.5930247,-0.28522903,-0.018442893,0.0,-0.33333334,-0.94871795,0.8974359,0.12820515,0.33333337,-1.0,-0.0056079477,-0.013316691,100001.0,34701,6,0.2,1.0,0.1,0,5,0.5,False
43,43,43,0.0,8.116126,3.9412246,-0.32001543,-0.5534712,-0.10295883,0.0,0.53846157,0.8974359,-0.7948718,-0.8974359,-0.33333334,-1.0,-0.0034267183,-0.012511213,100001.0,34701,6,0.2,1.0,0.1,0,5,0.5,False
44,44,44,0.0,-1.0709869,-0.59574556,-0.5173555,-0.46694982,-0.032596663,0.0,-0.3846154,0.33333337,0.33333337,0.0769231,-0.12820509,-1.0,-0.005784649,-0.014901121,9392.0,34701,6,0.2,1.0,0.1,0,5,0.5,True
45,45,45,0.0,-0.9071322,-0.34156513,6.593268,-0.2852294,-0.018442951,0.0,-0.94871795,0.33333337,0.7948718,-0.94871795,0.48717952,-1.0,-0.004104679,-0.013316705,100001.0,34701,6,0.2,1.0,0.1,0,5,0.5,False
46,46,46,0.0,-1.070981,-0.5957445,-0.51735574,-0.46694934,-0.032596547,0.0,-0.1794872,-0.64102566,-0.1794872,0.5897436,-0.8974359,-1.0,-0.0015464897,-0.014901126,10183.0,34701,6,0.2,1.0,0.1,0,5,0.5,True
47,47,47,0.0,-1.0709788,-0.5957435,-0.5173557,-0.46694902,-0.032596454,0.0,0.64102566,0.28205132,-0.6923077,-0.6923077,0.33333337,-1.0,-0.0054359483,-0.014901119,9585.0,34701,6,0.2,1.0,0.1,0,5,0.5,True
48,48,48,0.0,-1.070993,-0.5957466,-0.51735526,-0.46695036,-0.032596793,0.0,-0.7948718,-0.2820513,-0.2820513,-0.5897436,0.5897436,-1.0,-0.005906747,-0.0149011165,8075.0,34701,6,0.2,1.0,0.1,0,5,0.5,True
49,49,49,0.0,-0.062250644,8.864935,5.8283935,3.7518654,0.18291458,0.0,-0.7948718,1.0,0.74358976,0.84615386,-0.2820513,-1.0,-0.001644687,-0.007577105,100001.0,34701,6,0.2,1.0,0.1,0,5,0.5,False
50,50,50,0.0,-1.0709777,-0.5957431,-0.51735574,-0.46694887,-0.032596428,0.0,0.84615386,0.38461542,-0.5897436,-0.4871795,0.33333337,-1.0,-0.0053994167,-0.014901118,9787.0,34701,6,0.2,1.0,0.1,0,5,0.5,True
51,51,51,0.0,-1.0709937,-0.59574705,-0.5173553,-0.46695048,-0.032596823,0.0,-0.1794872,0.6923077,-0.6923077,0.38461542,0.48717952,-1.0,-0.0052605662,-0.014901124,9608.0,34701,6,0.2,1.0,0.1,0,5,0.5,True
52,52,52,0.0,-1.0709817,-0.5957441,-0.51735586,-0.46694922,-0.03259651,0.0,-0.64102566,0.23076928,0.1794872,0.28205132,0.64102566,-1.0,-0.0078101456,-0.014901124,9316.0,34701,6,0.2,1.0,0.1,0,5,0.5,True
53,53,53,0.0,5.692923,-0.36127594,-0.57229745,-0.5334771,-0.08032458,0.0,0.64102566,0.025641054,-0.43589744,-0.64102566,-0.12820509,-1.0,-0.0074901255,-0.014315438,100001.0,34701,6,0.2,1.0,0.1,0,5,0.5,False
54,54,54,0.0,-1.0709829,-0.59574467,-0.5173555,-0.4669495,-0.032596584,0.0,-0.2820513,0.28205132,0.53846157,0.43589747,0.28205132,-1.0,-0.005906896,-0.014901119,9715.0,34701,6,0.2,1.0,0.1,0,5,0.5,True
55,55,55,0.0,-0.90709907,-0.34155333,6.584708,-0.28521514,-0.018438285,0.0,-0.94871795,-0.7948718,0.7948718,0.43589747,-0.43589744,-1.0,-0.0027277616,-0.013316343,100001.0,34701,6,0.2,1.0,0.1,0,5,0.5,False
56,56,56,0.0,-0.2959888,5.823151,-0.42465958,-0.40204045,-0.0160916,0.0,-0.07692304,0.38461542,-0.5897436,-0.6923077,-0.2820513,-1.0,-0.005225143,-0.013559284,100001.0,34701,6,0.2,1.0,0.1,0,5,0.5,False
57,57,57,0.0,-1.0709741,-0.59572804,-0.5173585,-0.4669465,-0.032596268,0.0,-0.94871795,-0.025640994,0.23076928,-0.74358976,-0.23076925,-1.0,-0.004215957,-0.014901123,6508.0,34701,6,0.2,1.0,0.1,0,5,0.5,True
58,58,58,0.0,-1.07099,-0.59574586,-0.51735544,-0.46695006,-0.032596767,0.0,0.38461542,0.43589747,0.64102566,0.94871795,0.74358976,-1.0,-0.00488362,-0.014901118,10283.0,34701,6,0.2,1.0,0.1,0,5,0.5,True
59,59,59,0.0,-1.0709819,-0.5957443,-0.5173558,-0.46694928,-0.03259656,0.0,0.33333337,0.7948718,0.0769231,0.74358976,0.8974359,-1.0,-0.0065354034,-0.014901123,10187.0,34701,6,0.2,1.0,0.1,0,5,0.5,True
60,60,60,0.0,-1.0709784,-0.59574354,-0.51735574,-0.466949,-0.032596473,0.0,0.64102566,-0.43589744,0.94871795,-1.0,1.0,-1.0,-0.004909694,-0.014901114,9723.0,34701,6,0.2,1.0,0.1,0,5,0.5,True
61,61,61,0.0,-1.0709871,-0.59574574,-0.5173555,-0.46694985,-0.032596685,0.0,0.1794872,-0.2820513,0.6923077,0.5897436,-0.23076925,-1.0,-0.0027445143,-0.014901123,9919.0,34701,6,0.2,1.0,0.1,0,5,0.5,True
62,62,62,0.0,-1.0709951,-0.5957476,-0.517355,-0.46695068,-0.032596875,0.0,0.1794872,0.64102566,0.12820515,0.7948718,-0.3846154,-1.0,-0.0016713877,-0.0149011165,10681.0,34701,6,0.2,1.0,0.1,0,5,0.5,True
63,63,63,0.0,-1.0709909,-0.59574676,-0.51735544,-0.46695036,-0.03259677,0.0,-0.07692304,-0.025640994,-0.1794872,-1.0,-1.0,-1.0,-0.0033612405,-0.014901124,9315.0,34701,6,0.2,1.0,0.1,0,5,0.5,True
64,64,64,0.0,-1.0709879,-0.59574646,-0.51735526,-0.4669501,-0.032596722,0.0,0.0769231,-0.8974359,-0.7948718,-0.33333334,-0.5897436,-1.0,-0.0053234114,-0.014901127,8920.0,34701,6,0.2,1.0,0.1,0,5,0.5,True
65,65,65,0.0,-1.0709891,-0.5957458,-0.5173555,-0.46695003,-0.03259673,0.0,-0.6923077,-0.84615386,-1.0,-0.64102566,-0.8974359,-1.0,-0.006596666,-0.014901121,9274.0,34701,6,0.2,1.0,0.1,0,5,0.5,True
66,66,66,0.0,-1.0709999,-0.5957531,-0.5173542,-0.46695182,-0.032597035,0.0,-0.8974359,-0.94871795,0.0769231,0.53846157,-0.53846157,-1.0,-0.0027196717,-0.014901129,8450.0,34701,6,0.2,1.0,0.1,0,5,0.5,True
67,67,67,0.0,-1.070996,-0.5957476,-0.51735497,-0.46695074,-0.032596868,0.0,-0.07692304,0.7948718,-0.1794872,0.43589747,0.7948718,-1.0,-0.005843069,-0.014901121,9952.0,34701,6,0.2,1.0,0.1,0,5,0.5,True
68,68,68,0.0,-1.0709982,-0.595748,-0.5173551,-0.4669509,-0.03259691,0.0,-0.84615386,0.28205132,-0.1794872,0.1794872,0.38461542,-1.0,-0.0075588464,-0.01490113,8398.0,34701,6,0.2,1.0,0.1,0,5,0.5,True
69,69,69,0.0,-1.0709897,-0.5957464,-0.51735544,-0.46695015,-0.032596767,0.0,0.23076928,0.8974359,0.1794872,0.7948718,0.64102566,-1.0,-0.0050314013,-0.014901121,10196.0,34701,6,0.2,1.0,0.1,0,5,0.5,True
70,70,70,0.0,-1.0709982,-0.59574807,-0.517355,-0.4669508,-0.032596916,0.0,1.0,-0.64102566,0.6923077,0.33333337,-0.23076925,-1.0,-0.0028599268,-0.014901127,10110.0,34701,6,0.2,1.0,0.1,0,5,0.5,True
71,71,71,0.0,-1.0709933,-0.5957475,-0.51735514,-0.46695057,-0.032596827,0.0,0.38461542,-0.74358976,-0.74358976,-0.43589744,0.6923077,-1.0,-0.0069211298,-0.014901123,9378.0,34701,6,0.2,1.0,0.1,0,5,0.5,True
72,72,72,0.0,-1.0709903,-0.59574634,-0.5173553,-0.46695027,-0.032596756,0.0,0.33333337,-0.74358976,-0.6923077,0.7948718,-0.64102566,-1.0,-0.0034828112,-0.014901127,9897.0,34701,6,0.2,1.0,0.1,0,5,0.5,True
73,73,73,0.0,-0.90713394,-0.34156513,6.5932684,-0.28522944,-0.018443065,0.0,-0.74358976,-0.64102566,0.7948718,0.12820515,-0.07692304,-1.0,-0.005518773,-0.013316705,100001.0,34701,6,0.2,1.0,0.1,0,5,0.5,False
74,74,74,0.0,-1.0709844,-0.59574485,-0.51735556,-0.46694952,-0.03259662,0.0,0.6923077,-0.2820513,-0.53846157,0.43589747,0.6923077,-1.0,-0.006820032,-0.014901116,9648.0,34701,6,0.2,1.0,0.1,0,5,0.5,True
75,75,75,0.0,5.691438,-0.36126983,-0.5722984,-0.5334811,-0.08032715,0.0,0.53846157,-0.53846157,-0.6923077,-0.2820513,-0.6923077,-1.0,-0.004895346,-0.014315366,100001.0,34701,6,0.2,1.0,0.1,0,5,0.5,False
76,76,76,0.0,8.873231,5.8048167,-0.11003631,4.8859415,-0.0057537714,0.0,0.74358976,0.6923077,-0.12820509,0.8974359,-0.94871795,-1.0,-0.0009441955,-0.010542169,100001.0,34701,6,0.2,1.0,0.1,0,5,0.5,False
77,77,77,0.0,-1.0709977,-0.59574777,-0.5173552,-0.4669508,-0.03259694,0.0,-0.4871795,-0.025640994,0.0769231,0.43589747,-0.5897436,-1.0,-0.002111839,-0.014901127,9275.0,34701,6,0.2,1.0,0.1,0,5,0.5,True
78,78,78,0.0,-1.0709822,-0.5957439,-0.51735574,-0.46694928,-0.032596555,0.0,-0.84615386,-0.53846157,0.94871795,0.1794872,1.0,-1.0,-0.0041014217,-0.014901119,9809.0,34701,6,0.2,1.0,0.1,0,5,0.5,True
79,79,79,0.0,-0.77926666,5.8707447,-0.22837181,-0.74526006,-0.024910506,0.0,-0.53846157,0.84615386,0.28205132,-0.84615386,-0.7948718,-1.0,-0.004056839,-0.013091077,100001.0,34701,6,0.2,1.0,0.1,0,5,0.5,False
80,80,80,0.0,8.111894,3.9394352,-0.320005,-0.5534679,-0.102964915,0.0,0.23076928,0.94871795,-0.3846154,-0.4871795,-0.84615386,-1.0,-0.0029497284,-0.012510932,100001.0,34701,6,0.2,1.0,0.1,0,5,0.5,False
81,81,81,0.0,-0.48488078,7.4885826,-0.07491697,5.753349,0.07305337,0.0,-0.23076925,0.43589747,-0.07692304,0.84615386,-0.84615386,-1.0,-0.0010485379,-0.010440847,100001.0,34701,6,0.2,1.0,0.1,0,5,0.5,False
82,82,82,0.0,-1.07099,-0.5957463,-0.5173552,-0.4669502,-0.032596726,0.0,-0.94871795,0.33333337,0.8974359,-0.74358976,0.5897436,-1.0,-0.0038225793,-0.014901123,8391.0,34701,6,0.2,1.0,0.1,0,5,0.5,True
83,83,83,0.0,-1.0709811,-0.5957448,-0.51735556,-0.46694934,-0.032596547,0.0,0.43589747,0.12820515,0.6923077,0.5897436,0.23076928,-1.0,-0.004344747,-0.014901127,9958.0,34701,6,0.2,1.0,0.1,0,5,0.5,True
84,84,84,0.0,-1.0709916,-0.5957464,-0.51735526,-0.46695033,-0.032596756,0.0,0.74358976,0.64102566,0.33333337,-0.43589744,0.025641054,-1.0,-0.0049661715,-0.014901121,10308.0,34701,6,0.2,1.0,0.1,0,5,0.5,True
85,85,85,0.0,-1.0709896,-0.5957433,-0.517356,-0.46694976,-0.03259672,0.0,-1.0,-0.33333334,0.64102566,-0.64102566,0.7948718,-1.0,-0.0042520836,-0.014901126,7591.0,34701,6,0.2,1.0,0.1,0,5,0.5,True
86,86,86,0.0,-1.0709853,-0.5957474,-0.5173551,-0.46695003,-0.032596663,0.0,0.38461542,-1.0,0.48717952,0.7948718,-0.3846154,-1.0,-0.0016759621,-0.014901124,10035.0,34701,6,0.2,1.0,0.1,0,5,0.5,True
87,87,87,0.0,-1.071001,-0.59574896,-0.5173549,-0.46695122,-0.032597024,0.0,0.025641054,-0.025640994,0.12820515,0.5897436,-0.2820513,-1.0,-0.0022262402,-0.014901133,9621.0,34701,6,0.2,1.0,0.1,0,5,0.5,True
88,88,88,0.0,-1.0709754,-0.59574336,-0.5173558,-0.46694884,-0.0325964,0.0,1.0,-0.5897436,0.48717952,0.7948718,-0.5897436,-1.0,-0.0022012058,-0.014901119,10936.0,34701,6,0.2,1.0,0.1,0,5,0.5,True
89,89,89,0.0,-0.90703225,-0.3415302,6.5679517,-0.2851871,-0.018429104,0.0,-0.74358976,-0.53846157,0.23076928,0.64102566,-0.64102566,-1.0,-0.002462783,-0.013315633,100001.0,34701,6,0.2,1.0,0.1,0,5,0.5,False
90,90,90,0.0,-1.0709835,-0.5957449,-0.51735574,-0.46694952,-0.032596596,0.0,-0.84615386,-0.64102566,-0.4871795,0.38461542,0.84615386,-1.0,-0.004187403,-0.014901123,8324.0,34701,6,0.2,1.0,0.1,0,5,0.5,True
91,91,91,0.0,-1.0709829,-0.59574467,-0.5173555,-0.4669495,-0.032596584,0.0,-0.07692304,0.8974359,0.64102566,-0.5897436,0.94871795,-1.0,-0.0042971796,-0.014901119,10225.0,34701,6,0.2,1.0,0.1,0,5,0.5,True
92,92,92,0.0,5.693893,-0.36127993,-0.5722972,-0.53347397,-0.0803229,0.0,0.84615386,-0.53846157,0.12820515,-0.43589744,-0.3846154,-1.0,-0.0045746197,-0.014315461,100001.0,34701,6,0.2,1.0,0.1,0,5,0.5,False
93,93,93,0.0,-0.5430979,-0.45602742,7.574077,4.661421,-0.34923974,0.0,-1.0,-0.53846157,1.0,0.74358976,-0.53846157,-1.0,-0.0035876792,-0.006017302,100001.0,34701,6,0.2,1.0,0.1,0,5,0.5,False
94,94,94,0.0,-1.0709864,-0.59574544,-0.5173553,-0.46694976,-0.032596648,0.0,0.0769231,0.025641054,-0.64102566,-0.94871795,-0.94871795,-1.0,-0.0045033367,-0.014901119,9293.0,34701,6,0.2,1.0,0.1,0,5,0.5,True
95,95,95,0.0,-1.0709889,-0.59574634,-0.5173551,-0.46695018,-0.032596722,0.0,-0.5897436,0.0769231,0.53846157,0.6923077,0.64102566,-1.0,-0.005493844,-0.014901123,9660.0,34701,6,0.2,1.0,0.1,0,5,0.5,True
96,96,96,0.0,-1.0709875,-0.5957454,-0.51735544,-0.46694988,-0.03259665,0.0,0.53846157,-0.43589744,0.38461542,0.23076928,-0.7948718,-1.0,-0.0018385018,-0.01490113,9917.0,34701,6,0.2,1.0,0.1,0,5,0.5,True
97,97,97,0.0,-1.0709884,-0.5957462,-0.5173554,-0.46694997,-0.032596704,0.0,0.84615386,-0.53846157,0.7948718,0.8974359,-0.025640994,-1.0,-0.0032934013,-0.014901126,12296.0,34701,6,0.2,1.0,0.1,0,5,0.5,True
98,98,98,0.0,-0.90713775,-0.34156668,6.5943675,-0.2852313,-0.018443622,0.0,0.33333337,0.0769231,0.7948718,0.0769231,0.53846157,-1.0,-0.0055201342,-0.013316763,100001.0,34701,6,0.2,1.0,0.1,0,5,0.5,False
99,99,99,0.0,-1.0709914,-0.59574556,-0.5173555,-0.46695,-0.03259678,0.0,-0.025640994,-0.025640994,-0.8974359,0.12820515,0.6923077,-1.0,-0.0077295923,-0.014901114,9373.0,34701,6,0.2,1.0,0.1,0,5,0.5,True
