,Unnamed: 0.1,Unnamed: 0,e1,e2,e3,e4,e5,e6,e0_1,e0_2,e0_3,e0_4,e0_5,e0_6,power,eta0,eta,count,seed,N,Jmax,alpha,gleak,ex,lk,rate,success
0,0,0,0.0,-0.10010478,-0.09962272,-0.094446786,-0.083024964,-0.009907692,0.0,-0.43589744,-0.2820513,-0.94871795,0.38461542,1.0,-1.0,-0.001248122,-0.012379213,1440.0,15221,6,0.2,3.0,0.1,0,5,0.5,True
1,1,1,0.0,-0.097405374,-0.09672273,-0.0914693,-0.08012965,-0.0074517317,0.0,-0.025640994,0.7948718,-0.33333334,-0.4871795,0.7948718,-1.0,-0.0016292309,-0.012379214,1887.0,15221,6,0.2,3.0,0.1,0,5,0.5,True
2,2,2,0.0,-0.09740314,-0.09672035,-0.09146691,-0.08012733,-0.007449811,0.0,0.43589747,0.74358976,0.74358976,-0.7948718,-0.84615386,-1.0,-0.000815541,-0.012379212,1981.0,15221,6,0.2,3.0,0.1,0,5,0.5,True
3,3,3,0.0,-0.10010015,-0.09962136,-0.09444678,-0.0830256,-0.009909635,0.0,-0.025640994,0.28205132,0.84615386,-0.84615386,-0.74358976,-1.0,-0.00066338613,-0.0123792095,1652.0,15221,6,0.2,3.0,0.1,0,5,0.5,True
4,4,4,0.0,-0.09740525,-0.09672294,-0.09146962,-0.080129996,-0.0074521713,0.0,-0.07692304,0.38461542,0.025641054,-0.84615386,0.23076928,-1.0,-0.0029233855,-0.012379213,1250.0,15221,6,0.2,3.0,0.1,0,5,0.5,True
5,5,5,0.0,-0.100101285,-0.0996205,-0.09444509,-0.083023585,-0.009907113,0.0,0.025641054,0.8974359,-0.1794872,-0.8974359,-0.4871795,-1.0,-0.0015449057,-0.012379215,1647.0,15221,6,0.2,3.0,0.1,0,5,0.5,True
6,6,6,0.0,-0.10010169,-0.099620834,-0.094445415,-0.0830239,-0.009907338,0.0,-0.53846157,0.6923077,-0.7948718,-0.64102566,0.7948718,-1.0,-0.0010200161,-0.012379215,1769.0,15221,6,0.2,3.0,0.1,0,5,0.5,True
7,7,7,0.0,-0.09740459,-0.09672188,-0.091468446,-0.08012879,-0.007451019,0.0,-0.4871795,0.5897436,0.48717952,0.7948718,-0.43589744,-1.0,-0.0010647635,-0.012379217,1948.0,15221,6,0.2,3.0,0.1,0,5,0.5,True
8,8,8,0.0,-0.0974057,-0.096723065,-0.09146966,-0.08013,-0.0074520507,0.0,-0.74358976,0.38461542,0.94871795,0.53846157,0.1794872,-1.0,-0.0023499813,-0.012379215,1833.0,15221,6,0.2,3.0,0.1,0,5,0.5,True
9,9,9,0.0,-0.097407125,-0.09672459,-0.09147123,-0.080131516,-0.0074533354,0.0,-0.43589744,-0.2820513,0.6923077,0.74358976,0.5897436,-1.0,-0.0024060446,-0.012379218,1954.0,15221,6,0.2,3.0,0.1,0,5,0.5,True
10,10,10,0.0,-0.100105345,-0.09962477,-0.09444942,-0.08302777,-0.009910633,0.0,-0.64102566,-0.43589744,-0.1794872,-0.4871795,0.6923077,-1.0,-0.0017930683,-0.012379213,1481.0,15221,6,0.2,3.0,0.1,0,5,0.5,True
11,11,11,0.0,-0.10010308,-0.09962239,-0.09444699,-0.083025426,-0.009908661,0.0,-0.4871795,-0.12820509,-1.0,-1.0,-0.84615386,-1.0,-0.0037534286,-0.012379215,2147.0,15221,6,0.2,3.0,0.1,0,5,0.5,True
12,12,12,0.0,-0.10010224,-0.09962135,-0.09444592,-0.083024375,-0.009907729,0.0,-0.84615386,1.0,-0.2820513,0.33333337,-0.74358976,-1.0,-0.0005480568,-0.012379215,2206.0,15221,6,0.2,3.0,0.1,0,5,0.5,True
13,13,13,0.0,-0.09740714,-0.09672442,-0.09147095,-0.08013119,-0.0074529615,0.0,-0.12820509,0.025641054,0.025641054,-0.74358976,0.74358976,-1.0,-0.0013528969,-0.012379216,1058.0,15221,6,0.2,3.0,0.1,0,5,0.5,True
14,14,14,0.0,-0.09740471,-0.096722014,-0.09146857,-0.08012892,-0.00745113,0.0,0.7948718,0.74358976,-0.64102566,0.84615386,-0.3846154,-1.0,-0.000992835,-0.012379213,2454.0,15221,6,0.2,3.0,0.1,0,5,0.5,True
15,15,15,0.0,-0.09996322,-0.0995429,-0.09439359,-0.082987264,-0.009904025,0.0,0.7948718,0.23076928,-0.3846154,-0.12820509,-0.1794872,-1.0,-0.0036555293,-0.012379218,837.0,15221,6,0.2,3.0,0.1,0,5,0.5,True
16,16,16,0.0,-0.100103185,-0.09962283,-0.094447635,-0.08302614,-0.009909405,0.0,0.53846157,-0.7948718,-0.94871795,0.8974359,0.12820515,-1.0,-0.00052222813,-0.012379213,1735.0,15221,6,0.2,3.0,0.1,0,5,0.5,True
17,17,17,0.0,-0.09740609,-0.09672346,-0.09147008,-0.08013038,-0.007452375,0.0,0.23076928,-0.33333334,0.025641054,0.28205132,0.43589747,-1.0,-0.0071496814,-0.012379216,1568.0,15221,6,0.2,3.0,0.1,0,5,0.5,True
18,18,18,0.0,-0.10010359,-0.09962289,-0.09444752,-0.08302595,-0.009909093,0.0,-0.64102566,-0.23076925,0.6923077,-1.0,-0.33333334,-1.0,-0.0006095324,-0.012379213,1905.0,15221,6,0.2,3.0,0.1,0,5,0.5,True
19,19,19,0.0,-0.09740661,-0.096724056,-0.091470666,-0.08013097,-0.0074528614,0.0,1.0,0.74358976,-0.5897436,0.23076928,0.53846157,-1.0,-0.0022604745,-0.012379215,2163.0,15221,6,0.2,3.0,0.1,0,5,0.5,True
20,20,20,0.0,-0.09740282,-0.09672236,-0.09146992,-0.08013069,-0.007453567,0.0,0.33333337,0.025641054,0.1794872,0.28205132,-0.8974359,-1.0,-0.0014281298,-0.012379214,1184.0,15221,6,0.2,3.0,0.1,0,5,0.5,True
21,21,21,0.0,-0.097406864,-0.09672433,-0.09147096,-0.08013125,-0.0074530984,0.0,-0.12820509,0.6923077,0.48717952,0.48717952,0.12820515,-1.0,-0.0038840042,-0.012379215,1922.0,15221,6,0.2,3.0,0.1,0,5,0.5,True
22,22,22,0.0,-0.100102544,-0.099621825,-0.09444641,-0.08302487,-0.009908179,0.0,-0.7948718,-0.33333334,0.1794872,-0.64102566,-0.43589744,-1.0,-0.0029157025,-0.012379218,1644.0,15221,6,0.2,3.0,0.1,0,5,0.5,True
23,23,23,0.0,-0.097405255,-0.09672262,-0.09146919,-0.08012954,-0.007451661,0.0,0.53846157,-0.5897436,0.23076928,0.8974359,0.48717952,-1.0,-0.0018129958,-0.012379216,2081.0,15221,6,0.2,3.0,0.1,0,5,0.5,True
24,24,24,0.0,-0.097406864,-0.09672431,-0.091470934,-0.08013123,-0.0074530896,0.0,-0.53846157,0.28205132,0.025641054,0.38461542,-0.025640994,-1.0,-0.00446964,-0.012379214,1476.0,15221,6,0.2,3.0,0.1,0,5,0.5,True
25,25,25,0.0,-0.10010509,-0.09962452,-0.09444918,-0.083027564,-0.009910451,0.0,-0.74358976,-0.64102566,0.48717952,-0.94871795,0.5897436,-1.0,-0.0015044789,-0.012379214,1902.0,15221,6,0.2,3.0,0.1,0,5,0.5,True
26,26,26,0.0,-0.09740724,-0.096724726,-0.0914714,-0.08013168,-0.007453464,0.0,0.53846157,0.48717952,0.53846157,-0.3846154,-0.5897436,-1.0,-0.0018983491,-0.012379215,1588.0,15221,6,0.2,3.0,0.1,0,5,0.5,True
27,27,27,0.0,-0.100103706,-0.09962344,-0.094448276,-0.08302675,-0.009909972,0.0,0.38461542,1.0,-0.94871795,0.12820515,-0.94871795,-1.0,-0.00053645734,-0.012379214,2074.0,15221,6,0.2,3.0,0.1,0,5,0.5,True
28,28,28,0.0,-0.097406924,-0.09672447,-0.09147114,-0.08013146,-0.0074533084,0.0,-0.07692304,0.1794872,-0.12820509,0.53846157,-0.5897436,-1.0,-0.0014020561,-0.012379212,1261.0,15221,6,0.2,3.0,0.1,0,5,0.5,True
29,29,29,0.0,-0.09897451,-0.098741114,-0.09367859,-0.08234654,-0.009464762,0.0,0.64102566,-0.3846154,-0.07692304,0.53846157,-1.0,-1.0,-0.0007727122,-0.012379236,1150.0,15221,6,0.2,3.0,0.1,0,5,0.5,True
30,30,30,0.0,-0.100100756,-0.099620566,-0.09444545,-0.083024055,-0.009907767,0.0,0.025641054,0.23076928,-0.74358976,1.0,-1.0,-1.0,-0.00034361295,-0.012379215,2459.0,15221,6,0.2,3.0,0.1,0,5,0.5,True
31,31,31,0.0,-0.09740575,-0.09672313,-0.09146973,-0.080130085,-0.0074521247,0.0,0.025641054,0.84615386,-1.0,-0.07692304,0.23076928,-1.0,-0.0007355629,-0.012379213,1661.0,15221,6,0.2,3.0,0.1,0,5,0.5,True
32,32,32,0.0,-0.09740609,-0.0967235,-0.091470115,-0.080130436,-0.007452403,0.0,0.0769231,-0.43589744,0.5897436,-0.025640994,0.48717952,-1.0,-0.0027302715,-0.012379212,1616.0,15221,6,0.2,3.0,0.1,0,5,0.5,True
33,33,33,0.0,-0.100100726,-0.0996198,-0.094444364,-0.083022855,-0.009906469,0.0,-0.84615386,-0.7948718,-0.43589744,0.48717952,-0.64102566,-1.0,-0.0010132021,-0.012379214,1840.0,15221,6,0.2,3.0,0.1,0,5,0.5,True
34,34,34,0.0,-0.09740837,-0.09672594,-0.09147263,-0.08013289,-0.0074544833,0.0,0.48717952,0.64102566,1.0,0.94871795,0.1794872,-1.0,-0.0024356386,-0.012379217,2381.0,15221,6,0.2,3.0,0.1,0,5,0.5,True
35,35,35,0.0,-0.100105196,-0.099624604,-0.094449244,-0.08302765,-0.009910518,0.0,-0.84615386,-0.8974359,0.43589747,-0.64102566,-0.94871795,-1.0,-0.00082845846,-0.012379211,2175.0,15221,6,0.2,3.0,0.1,0,5,0.5,True
36,36,36,0.0,-0.09740542,-0.0967228,-0.091469385,-0.08012973,-0.007451824,0.0,-0.2820513,0.5897436,-0.1794872,-0.74358976,0.7948718,-1.0,-0.0013272753,-0.012379212,1666.0,15221,6,0.2,3.0,0.1,0,5,0.5,True
37,37,37,0.0,-0.100118496,-0.09963174,-0.09445382,-0.08303072,-0.009910348,0.0,-0.74358976,-0.3846154,0.1794872,0.7948718,-0.3846154,-1.0,-0.001138626,-0.012379214,1209.0,15221,6,0.2,3.0,0.1,0,5,0.5,True
38,38,38,0.0,-0.100102596,-0.099621825,-0.09444642,-0.08302487,-0.009908167,0.0,-0.94871795,1.0,-0.74358976,0.33333337,-0.94871795,-1.0,-0.00040343683,-0.012379215,2934.0,15221,6,0.2,3.0,0.1,0,5,0.5,True
39,39,39,0.0,-0.097405896,-0.09672328,-0.091469884,-0.08013021,-0.007452216,0.0,0.23076928,0.38461542,-0.23076925,-0.8974359,0.8974359,-1.0,-0.0008785175,-0.012379213,1850.0,15221,6,0.2,3.0,0.1,0,5,0.5,True
40,40,40,0.0,-0.097406216,-0.096723676,-0.091470286,-0.08013058,-0.0074525387,0.0,0.28205132,-0.23076925,0.94871795,0.53846157,-0.12820509,-1.0,-0.0016085499,-0.012379213,1989.0,15221,6,0.2,3.0,0.1,0,5,0.5,True
41,41,41,0.0,-0.09740348,-0.09672067,-0.09146719,-0.08012758,-0.007449986,0.0,-0.12820509,-0.23076925,-0.64102566,0.0769231,1.0,-1.0,-0.002019632,-0.012379214,1514.0,15221,6,0.2,3.0,0.1,0,5,0.5,True
42,42,42,0.0,-0.097405285,-0.09672263,-0.09146922,-0.080129564,-0.0074516777,0.0,0.8974359,-0.4871795,0.38461542,0.43589747,-0.33333334,-1.0,-0.0013115244,-0.012379215,1837.0,15221,6,0.2,3.0,0.1,0,5,0.5,True
43,43,43,0.0,-0.09740712,-0.09672459,-0.09147123,-0.08013153,-0.0074533396,0.0,0.1794872,0.28205132,0.94871795,1.0,-0.4871795,-1.0,-0.00084640755,-0.012379216,2459.0,15221,6,0.2,3.0,0.1,0,5,0.5,True
44,44,44,0.0,-0.100101836,-0.09962096,-0.09444556,-0.08302404,-0.00990746,0.0,-0.12820509,-0.84615386,-0.33333334,0.84615386,-0.74358976,-1.0,-0.0005469746,-0.012379217,2143.0,15221,6,0.2,3.0,0.1,0,5,0.5,True
45,45,45,0.0,-0.09740584,-0.096723236,-0.091469854,-0.08013016,-0.007452187,0.0,0.53846157,0.12820515,0.28205132,-0.3846154,0.12820515,-1.0,-0.004588915,-0.012379213,1516.0,15221,6,0.2,3.0,0.1,0,5,0.5,True
46,46,46,0.0,-0.097407885,-0.09672544,-0.09147212,-0.08013238,-0.007454077,0.0,0.1794872,0.33333337,-0.4871795,-0.43589744,0.74358976,-1.0,-0.0016139819,-0.012379216,1577.0,15221,6,0.2,3.0,0.1,0,5,0.5,True
47,47,47,0.0,-0.10010539,-0.09962345,-0.0944476,-0.08302577,-0.009908407,0.0,-0.5897436,-0.4871795,0.7948718,0.38461542,-0.94871795,-1.0,-0.0006675324,-0.012379217,1750.0,15221,6,0.2,3.0,0.1,0,5,0.5,True
48,48,48,0.0,-0.10010169,-0.09962086,-0.09444547,-0.083023936,-0.009907393,0.0,0.0769231,0.84615386,-1.0,-1.0,0.0769231,-1.0,-0.0005718038,-0.012379216,2378.0,15221,6,0.2,3.0,0.1,0,5,0.5,True
49,49,49,0.0,-0.100102045,-0.09962125,-0.09444584,-0.08302431,-0.009907694,0.0,-0.12820509,0.38461542,-0.7948718,-0.12820509,0.0769231,-1.0,-0.0023880012,-0.012379212,1151.0,15221,6,0.2,3.0,0.1,0,5,0.5,True
50,50,50,0.0,-0.0974074,-0.09672492,-0.09147155,-0.08013184,-0.007453599,0.0,0.23076928,0.48717952,0.84615386,0.94871795,0.43589747,-1.0,-0.004033447,-0.012379217,2285.0,15221,6,0.2,3.0,0.1,0,5,0.5,True
51,51,51,0.0,-0.097404584,-0.09672187,-0.09146844,-0.08012879,-0.0074510165,0.0,0.64102566,0.6923077,0.43589747,0.6923077,-0.53846157,-1.0,-0.0012421858,-0.012379215,2176.0,15221,6,0.2,3.0,0.1,0,5,0.5,True
52,52,52,0.0,-0.09740693,-0.09672439,-0.09147102,-0.08013132,-0.0074531557,0.0,0.28205132,0.5897436,-0.12820509,0.6923077,-0.4871795,-1.0,-0.0013558782,-0.012379216,1842.0,15221,6,0.2,3.0,0.1,0,5,0.5,True
53,53,53,0.0,-0.09740731,-0.096724816,-0.091471456,-0.08013173,-0.0074535203,0.0,-0.64102566,-0.025640994,0.84615386,0.1794872,0.94871795,-1.0,-0.002927167,-0.012379216,1939.0,15221,6,0.2,3.0,0.1,0,5,0.5,True
54,54,54,0.0,-0.09740641,-0.09672377,-0.09147038,-0.080130704,-0.0074526374,0.0,-1.0,-0.025640994,1.0,-0.1794872,0.74358976,-1.0,-0.0012668915,-0.012379215,1979.0,15221,6,0.2,3.0,0.1,0,5,0.5,True
55,55,55,0.0,-0.097403705,-0.09672091,-0.09146744,-0.080127835,-0.00745021,0.0,0.33333337,-0.33333334,0.94871795,0.0769231,-0.1794872,-1.0,-0.001123354,-0.012379219,1835.0,15221,6,0.2,3.0,0.1,0,5,0.5,True
56,56,56,0.0,-0.10010484,-0.09962421,-0.09444885,-0.08302722,-0.009910143,0.0,-0.6923077,0.1794872,0.53846157,-0.74358976,-0.4871795,-1.0,-0.0011888099,-0.012379216,1575.0,15221,6,0.2,3.0,0.1,0,5,0.5,True
57,57,57,0.0,-0.09740706,-0.09672453,-0.09147117,-0.08013147,-0.0074532996,0.0,0.53846157,0.1794872,-0.025640994,0.33333337,0.12820515,-1.0,-0.006084028,-0.012379216,1701.0,15221,6,0.2,3.0,0.1,0,5,0.5,True
58,58,58,0.0,-0.097406015,-0.0967234,-0.091469996,-0.080130324,-0.007452305,0.0,-0.23076925,0.28205132,0.0769231,0.12820515,0.84615386,-1.0,-0.003737765,-0.012379214,1786.0,15221,6,0.2,3.0,0.1,0,5,0.5,True
59,59,59,0.0,-0.097406276,-0.09672366,-0.09147028,-0.08013058,-0.007452535,0.0,0.1794872,0.12820515,0.33333337,-0.23076925,0.1794872,-1.0,-0.006529748,-0.012379214,1550.0,15221,6,0.2,3.0,0.1,0,5,0.5,True
60,60,60,0.0,-0.09753156,-0.096792206,-0.09151468,-0.08016159,-0.0074533247,0.0,-0.8974359,0.94871795,-0.025640994,0.28205132,-0.5897436,-1.0,-0.00070014317,-0.01237922,1377.0,15221,6,0.2,3.0,0.1,0,5,0.5,True
61,61,61,0.0,-0.09740505,-0.09672242,-0.09146898,-0.08012935,-0.0074514966,0.0,-0.23076925,0.8974359,1.0,0.025641054,-0.07692304,-1.0,-0.0013805869,-0.012379212,2098.0,15221,6,0.2,3.0,0.1,0,5,0.5,True
62,62,62,0.0,-0.09740517,-0.09672242,-0.09146896,-0.080129296,-0.0074513936,0.0,0.1794872,-0.5897436,-0.2820513,-0.025640994,0.5897436,-1.0,-0.0032078454,-0.012379211,1147.0,15221,6,0.2,3.0,0.1,0,5,0.5,True
63,63,63,0.0,-0.097406834,-0.09672427,-0.09147092,-0.08013121,-0.0074530626,0.0,0.6923077,0.5897436,-0.025640994,0.33333337,-0.4871795,-1.0,-0.002181713,-0.012379215,1768.0,15221,6,0.2,3.0,0.1,0,5,0.5,True
64,64,64,0.0,-0.100105606,-0.09962517,-0.094449915,-0.08302831,-0.009911145,0.0,0.8974359,0.48717952,-0.74358976,-0.84615386,0.28205132,-1.0,-0.0012390068,-0.012379213,1783.0,15221,6,0.2,3.0,0.1,0,5,0.5,True
65,65,65,0.0,-0.10010107,-0.09962019,-0.09444477,-0.083023265,-0.00990682,0.0,0.5897436,-0.2820513,-0.64102566,-0.43589744,-0.84615386,-1.0,-0.0033182171,-0.012379218,1708.0,15221,6,0.2,3.0,0.1,0,5,0.5,True
66,66,66,0.0,-0.09740665,-0.09672411,-0.09147071,-0.08013098,-0.007452877,0.0,-0.025640994,-0.5897436,-0.53846157,0.8974359,0.12820515,-1.0,-0.00076041225,-0.012379215,1591.0,15221,6,0.2,3.0,0.1,0,5,0.5,True
67,67,67,0.0,-0.100101784,-0.09962098,-0.09444554,-0.083023995,-0.009907431,0.0,-0.84615386,-0.43589744,0.53846157,-0.53846157,0.38461542,-1.0,-0.0015357432,-0.012379217,1627.0,15221,6,0.2,3.0,0.1,0,5,0.5,True
68,68,68,0.0,-0.10010396,-0.099623345,-0.09444799,-0.083026424,-0.009909499,0.0,0.23076928,0.23076928,-0.5897436,-0.53846157,-0.1794872,-1.0,-0.003739899,-0.012379212,1462.0,15221,6,0.2,3.0,0.1,0,5,0.5,True
69,69,69,0.0,-0.0974059,-0.096723296,-0.091469884,-0.08013022,-0.0074522276,0.0,-0.4871795,-0.2820513,0.7948718,0.1794872,0.53846157,-1.0,-0.0018591337,-0.012379213,1818.0,15221,6,0.2,3.0,0.1,0,5,0.5,True
70,70,70,0.0,-0.09740553,-0.09672291,-0.091469474,-0.08012982,-0.007451881,0.0,-0.53846157,1.0,0.7948718,0.7948718,-0.84615386,-1.0,-0.0005699482,-0.012379212,2978.0,15221,6,0.2,3.0,0.1,0,5,0.5,True
71,71,71,0.0,-0.10010126,-0.09962033,-0.094444856,-0.083023325,-0.009906829,0.0,-0.64102566,-0.74358976,-0.4871795,0.33333337,0.38461542,-1.0,-0.0024276904,-0.012379213,1356.0,15221,6,0.2,3.0,0.1,0,5,0.5,True
72,72,72,0.0,-0.097405925,-0.096723326,-0.09146991,-0.080130234,-0.007452253,0.0,1.0,-0.5897436,0.84615386,0.0769231,-0.94871795,-1.0,-0.00090258516,-0.012379213,2144.0,15221,6,0.2,3.0,0.1,0,5,0.5,True
73,73,73,0.0,-0.09740694,-0.09672446,-0.09147109,-0.080131374,-0.0074532027,0.0,0.74358976,-0.6923077,0.1794872,0.1794872,0.23076928,-1.0,-0.001933015,-0.012379217,1609.0,15221,6,0.2,3.0,0.1,0,5,0.5,True
74,74,74,0.0,-0.09740543,-0.096722774,-0.09146933,-0.08012966,-0.007451735,0.0,-0.3846154,-0.7948718,-0.23076925,0.8974359,-0.025640994,-1.0,-0.001027808,-0.012379213,1510.0,15221,6,0.2,3.0,0.1,0,5,0.5,True
75,75,75,0.0,-0.097426705,-0.09673503,-0.09147749,-0.080135375,-0.0074523143,0.0,0.8974359,-0.6923077,0.48717952,-0.84615386,0.53846157,-1.0,-0.0013512026,-0.01237921,1281.0,15221,6,0.2,3.0,0.1,0,5,0.5,True
76,76,76,0.0,-0.09741021,-0.096726775,-0.091473,-0.080133006,-0.0074541294,0.0,-0.74358976,0.0769231,0.12820515,0.5897436,-0.2820513,-1.0,-0.0020467602,-0.012379215,1209.0,15221,6,0.2,3.0,0.1,0,5,0.5,True
77,77,77,0.0,-0.10010428,-0.099623635,-0.094448276,-0.0830267,-0.009909728,0.0,-0.84615386,-1.0,0.025641054,0.28205132,-1.0,-1.0,-0.0009785803,-0.012379212,2106.0,15221,6,0.2,3.0,0.1,0,5,0.5,True
78,78,78,0.0,-0.097406454,-0.09672389,-0.0914705,-0.0801308,-0.007452728,0.0,-0.33333334,0.5897436,-0.64102566,-0.33333334,1.0,-1.0,-0.0008457354,-0.012379215,1869.0,15221,6,0.2,3.0,0.1,0,5,0.5,True
79,79,79,0.0,-0.10010462,-0.09962408,-0.09444875,-0.08302714,-0.009910136,0.0,0.38461542,0.43589747,-0.94871795,-0.025640994,-0.23076925,-1.0,-0.0021128973,-0.012379213,1618.0,15221,6,0.2,3.0,0.1,0,5,0.5,True
80,80,80,0.0,-0.09740515,-0.09672244,-0.091469,-0.08012936,-0.0074514933,0.0,-0.4871795,-0.84615386,0.64102566,0.23076928,0.28205132,-1.0,-0.0012323086,-0.012379215,1546.0,15221,6,0.2,3.0,0.1,0,5,0.5,True
81,81,81,0.0,-0.10010137,-0.09962047,-0.094445035,-0.08302354,-0.009907046,0.0,-0.74358976,-0.5897436,0.23076928,0.33333337,-0.94871795,-1.0,-0.0010677231,-0.012379216,1862.0,15221,6,0.2,3.0,0.1,0,5,0.5,True
82,82,82,0.0,-0.0974555,-0.09674917,-0.091485575,-0.0801403,-0.007450126,0.0,-0.53846157,-0.5897436,0.5897436,0.28205132,-0.07692304,-1.0,-0.0016210655,-0.012379219,893.0,15221,6,0.2,3.0,0.1,0,5,0.5,True
83,83,83,0.0,-0.10007877,-0.09960925,-0.09443769,-0.08301798,-0.009906838,0.0,0.38461542,-0.74358976,-0.53846157,0.28205132,0.43589747,-1.0,-0.002495121,-0.012379215,788.0,15221,6,0.2,3.0,0.1,0,5,0.5,True
84,84,84,0.0,-0.099048145,-0.09811043,-0.09274299,-0.08129506,-0.008291926,0.0,-0.12820509,-0.53846157,-0.7948718,0.6923077,0.23076928,-1.0,-0.00088492903,-0.012379244,745.0,15221,6,0.2,3.0,0.1,0,5,0.5,True
85,85,85,0.0,-0.09740406,-0.096721195,-0.091467716,-0.08012809,-0.0074503813,0.0,-0.43589744,0.33333337,0.1794872,0.6923077,-0.8974359,-1.0,-0.0007747671,-0.012379218,1710.0,15221,6,0.2,3.0,0.1,0,5,0.5,True
86,86,86,0.0,-0.09740389,-0.096721135,-0.091467686,-0.080128066,-0.0074503995,0.0,-0.23076925,0.7948718,0.94871795,0.12820515,0.025641054,-1.0,-0.0017334331,-0.012379214,2043.0,15221,6,0.2,3.0,0.1,0,5,0.5,True
87,87,87,0.0,-0.09740531,-0.0967227,-0.09146926,-0.08012961,-0.0074517108,0.0,0.33333337,0.74358976,-0.2820513,0.6923077,0.53846157,-1.0,-0.00425626,-0.012379213,2060.0,15221,6,0.2,3.0,0.1,0,5,0.5,True
88,88,88,0.0,-0.097404815,-0.09672217,-0.09146875,-0.0801291,-0.0074512917,0.0,0.6923077,-0.64102566,0.12820515,0.12820515,-0.12820509,-1.0,-0.002025833,-0.012379215,1198.0,15221,6,0.2,3.0,0.1,0,5,0.5,True
89,89,89,0.0,-0.097403385,-0.09672058,-0.091467105,-0.0801275,-0.0074499226,0.0,-0.025640994,0.6923077,-0.4871795,0.28205132,1.0,-1.0,-0.0015845353,-0.012379215,2003.0,15221,6,0.2,3.0,0.1,0,5,0.5,True
90,90,90,0.0,-0.10010244,-0.099621326,-0.09444577,-0.08302419,-0.00990747,0.0,-0.74358976,0.28205132,-0.6923077,0.23076928,0.74358976,-1.0,-0.0024708055,-0.012379215,1441.0,15221,6,0.2,3.0,0.1,0,5,0.5,True
91,91,91,0.0,-0.097406596,-0.09672391,-0.09147047,-0.08013073,-0.007452615,0.0,-0.84615386,-1.0,0.7948718,1.0,0.33333337,-1.0,-0.0007067832,-0.012379216,2104.0,15221,6,0.2,3.0,0.1,0,5,0.5,True
92,92,92,0.0,-0.09740726,-0.09672349,-0.091469586,-0.080129676,-0.0074512754,0.0,-0.33333334,-0.84615386,-0.53846157,0.53846157,1.0,-1.0,-0.0013697786,-0.012379215,1381.0,15221,6,0.2,3.0,0.1,0,5,0.5,True
93,93,93,0.0,-0.10001741,-0.09957851,-0.09441547,-0.08299892,-0.009901696,0.0,0.8974359,-0.74358976,-0.33333334,0.64102566,-0.64102566,-1.0,-0.0006306814,-0.012379216,1224.0,15221,6,0.2,3.0,0.1,0,5,0.5,True
94,94,94,0.0,-0.097404905,-0.096722245,-0.0914688,-0.08012914,-0.007451314,0.0,0.1794872,0.6923077,0.8974359,0.5897436,0.48717952,-1.0,-0.0056589516,-0.012379213,2228.0,15221,6,0.2,3.0,0.1,0,5,0.5,True
95,95,95,0.0,-0.10010376,-0.099623114,-0.094447784,-0.08302621,-0.009909326,0.0,0.23076928,1.0,-0.23076925,-0.74358976,-0.8974359,-1.0,-0.001276,-0.012379213,1818.0,15221,6,0.2,3.0,0.1,0,5,0.5,True
96,96,96,0.0,-0.09740531,-0.09672266,-0.09146923,-0.08012959,-0.0074517024,0.0,0.38461542,-0.64102566,0.64102566,0.38461542,-0.1794872,-1.0,-0.0020220112,-0.012379211,1611.0,15221,6,0.2,3.0,0.1,0,5,0.5,True
97,97,97,0.0,-0.10010443,-0.09962373,-0.09444835,-0.083026744,-0.009909726,0.0,-0.5897436,0.33333337,-0.43589744,-0.4871795,0.6923077,-1.0,-0.0014508644,-0.012379211,1404.0,15221,6,0.2,3.0,0.1,0,5,0.5,True
98,98,98,0.0,-0.100104965,-0.09962436,-0.09444903,-0.08302744,-0.00991034,0.0,-0.53846157,0.7948718,-0.74358976,-0.8974359,-0.4871795,-1.0,-0.0007855503,-0.012379212,2099.0,15221,6,0.2,3.0,0.1,0,5,0.5,True
99,99,99,0.0,-0.09740287,-0.09672005,-0.091466576,-0.08012698,-0.0074494956,0.0,0.53846157,-0.07692304,0.43589747,0.0769231,-0.5897436,-1.0,-0.0024959985,-0.012379217,1451.0,15221,6,0.2,3.0,0.1,0,5,0.5,True
