,Unnamed: 0,e1,e2,e3,e4,e5,e6,e7,e8,e9,e0_1,e0_2,e0_3,e0_4,e0_5,e0_6,e0_7,e0_8,e0_9,Gamma,eta0,eta,count,success,seed,N,Jmax,alpha,gleak,ex,lk,rate
0,0,0.0,-0.10354472,-0.10306099,-0.10304615,-0.1019408,-0.0994517,-0.09447661,-0.082985125,-0.010725638,0.0,0.16666669,0.5,-0.16666664,-0.5,0.16666669,-0.16666664,-0.5,-0.16666664,0.1,-0.002442775,-0.0072916136,157.0,1.0,10074,9,0.2,3.0,0.1,0,8,0.05
1,1,0.0,-0.10313351,-0.10261936,-0.102548145,-0.10143291,-0.098906614,-0.093969636,-0.08247619,-0.010233949,0.0,-0.16666664,-0.5,0.5,0.5,-0.16666664,0.16666669,-0.16666664,0.16666669,0.1,-0.0022184087,-0.007291609,186.0,1.0,10074,9,0.2,3.0,0.1,0,8,0.05
2,2,0.0,-0.103115335,-0.1025605,-0.102481306,-0.101351276,-0.098798126,-0.09383266,-0.08232854,-0.010084897,0.0,-0.5,-0.16666664,0.5,-0.5,0.5,-0.16666664,0.16666669,-0.5,0.1,-0.0011609535,-0.007291611,196.0,1.0,10074,9,0.2,3.0,0.1,0,8,0.05
3,3,0.0,-0.103271924,-0.10275818,-0.102694795,-0.10155742,-0.099021494,-0.094048776,-0.082533576,-0.010282339,0.0,0.16666669,-0.16666664,-0.16666664,-0.5,-0.5,-0.16666664,0.5,0.16666669,0.1,-0.0019820656,-0.0072916076,207.0,1.0,10074,9,0.2,3.0,0.1,0,8,0.05
4,4,0.0,-0.10316313,-0.10262505,-0.1025482,-0.1013948,-0.098849505,-0.09389115,-0.08238599,-0.0101333745,0.0,0.16666669,0.16666669,0.5,-0.5,0.16666669,-0.16666664,0.5,-0.5,0.1,-0.0009217388,-0.0072916076,228.0,1.0,10074,9,0.2,3.0,0.1,0,8,0.05
5,5,0.0,-0.10311227,-0.102602914,-0.10251974,-0.10140237,-0.09886995,-0.09389681,-0.08238905,-0.010137378,0.0,0.5,0.5,0.16666669,0.16666669,0.5,0.5,0.16666669,0.16666669,0.1,-0.0040688873,-0.007291607,165.0,1.0,10074,9,0.2,3.0,0.1,0,8,0.05
6,6,0.0,-0.10326108,-0.102739476,-0.10267451,-0.101534806,-0.098996684,-0.094026245,-0.08250366,-0.010243551,0.0,0.16666669,-0.16666664,-0.16666664,-0.16666664,0.16666669,0.16666669,-0.5,0.5,0.1,-0.0025848849,-0.007291612,222.0,1.0,10074,9,0.2,3.0,0.1,0,8,0.05
7,7,0.0,-0.103275135,-0.10275307,-0.1026689,-0.10153526,-0.09901117,-0.09407172,-0.08257849,-0.010312593,0.0,-0.16666664,-0.16666664,0.5,-0.5,-0.16666664,-0.16666664,-0.5,0.16666669,0.1,-0.001448885,-0.0072916113,182.0,1.0,10074,9,0.2,3.0,0.1,0,8,0.05
8,8,0.0,-0.10358137,-0.103160396,-0.103168964,-0.10208171,-0.099614784,-0.09467065,-0.08317277,-0.010901064,0.0,0.16666669,0.5,0.16666669,-0.5,-0.5,0.5,-0.5,-0.5,0.1,-0.0007895589,-0.00729161,202.0,1.0,10074,9,0.2,3.0,0.1,0,8,0.05
9,9,0.0,-0.10339763,-0.1028549,-0.10277679,-0.10165312,-0.099158235,-0.0942225,-0.08273757,-0.010480803,0.0,0.5,0.16666669,-0.5,-0.16666664,-0.5,0.16666669,0.16666669,0.5,0.1,-0.002691615,-0.007291611,159.0,1.0,10074,9,0.2,3.0,0.1,0,8,0.05
10,10,0.0,-0.10314195,-0.10258501,-0.10249808,-0.10136956,-0.09881903,-0.09385453,-0.082352884,-0.010102156,0.0,0.5,0.16666669,-0.5,0.16666669,0.5,-0.16666664,0.5,0.16666669,0.1,-0.0022931981,-0.00729161,202.0,1.0,10074,9,0.2,3.0,0.1,0,8,0.05
11,11,0.0,-0.10314621,-0.102607444,-0.10252208,-0.101355575,-0.09881785,-0.09385887,-0.08235183,-0.0101034455,0.0,0.5,0.5,0.16666669,0.5,-0.5,0.16666669,0.5,0.16666669,0.1,-0.00222062,-0.0072916076,216.0,1.0,10074,9,0.2,3.0,0.1,0,8,0.05
12,12,0.0,-0.10326244,-0.10273969,-0.102690995,-0.10155932,-0.099022776,-0.09405221,-0.08253675,-0.010268726,0.0,-0.16666664,-0.5,-0.16666664,0.16666669,-0.5,-0.5,-0.5,0.5,0.1,-0.0012402481,-0.007291612,191.0,1.0,10074,9,0.2,3.0,0.1,0,8,0.05
13,13,0.0,-0.10318555,-0.10265337,-0.10258517,-0.101442054,-0.098915465,-0.093953915,-0.08243502,-0.0101753445,0.0,-0.16666664,-0.5,0.5,0.16666669,0.16666669,0.5,0.5,-0.16666664,0.1,-0.0014421928,-0.0072916085,244.0,1.0,10074,9,0.2,3.0,0.1,0,8,0.05
14,14,0.0,-0.10318764,-0.10271812,-0.10263917,-0.1014992,-0.09896932,-0.094040886,-0.08250979,-0.010247765,0.0,0.5,0.16666669,0.5,0.16666669,-0.5,0.5,-0.16666664,-0.5,0.1,-0.0012343408,-0.007291611,175.0,1.0,10074,9,0.2,3.0,0.1,0,8,0.05
15,15,0.0,-0.10332495,-0.10287876,-0.102767885,-0.101654075,-0.0991023,-0.094142094,-0.08264006,-0.01039243,0.0,0.16666669,0.5,0.16666669,0.16666669,-0.5,-0.16666664,0.16666669,0.16666669,0.1,-0.003241467,-0.007291615,156.0,1.0,10074,9,0.2,3.0,0.1,0,8,0.05
16,16,0.0,-0.103150256,-0.10259748,-0.1025427,-0.10139125,-0.09886458,-0.09391009,-0.08242534,-0.010174868,0.0,-0.16666664,0.5,-0.16666664,0.5,-0.5,-0.16666664,-0.16666664,0.5,0.1,-0.0013279443,-0.007291609,196.0,1.0,10074,9,0.2,3.0,0.1,0,8,0.05
17,17,0.0,-0.10320658,-0.102668986,-0.10258587,-0.10144504,-0.098897025,-0.09392949,-0.08242213,-0.0101756165,0.0,0.16666669,0.16666669,0.16666669,0.16666669,0.16666669,-0.16666664,0.5,-0.5,0.1,-0.0011434356,-0.007291609,220.0,1.0,10074,9,0.2,3.0,0.1,0,8,0.05
18,18,0.0,-0.10332803,-0.10281665,-0.10274904,-0.101635,-0.09915034,-0.09423055,-0.082740076,-0.01046946,0.0,-0.5,-0.5,-0.5,-0.5,-0.16666664,0.16666669,0.5,0.16666669,0.1,-0.0028624749,-0.0072916085,158.0,1.0,10074,9,0.2,3.0,0.1,0,8,0.05
19,19,0.0,-0.10324252,-0.102720946,-0.102655135,-0.101506256,-0.098974496,-0.09401389,-0.08248844,-0.010227475,0.0,0.16666669,-0.16666664,0.16666669,0.5,-0.16666664,0.16666669,0.5,-0.16666664,0.1,-0.0018169237,-0.007291611,239.0,1.0,10074,9,0.2,3.0,0.1,0,8,0.05
20,20,0.0,-0.10353671,-0.102964066,-0.10293768,-0.10185996,-0.0993495,-0.09443639,-0.08295002,-0.010660725,0.0,0.5,-0.5,-0.5,0.5,-0.5,-0.5,-0.5,-0.5,0.1,-0.0012258734,-0.0072916085,158.0,1.0,10074,9,0.2,3.0,0.1,0,8,0.05
21,21,0.0,-0.10313833,-0.10258628,-0.102545105,-0.10140138,-0.098892584,-0.09393135,-0.08244894,-0.010199459,0.0,-0.5,0.5,-0.16666664,0.5,-0.16666664,0.5,0.16666669,-0.16666664,0.1,-0.0017080902,-0.0072916113,202.0,1.0,10074,9,0.2,3.0,0.1,0,8,0.05
22,22,0.0,-0.1031204,-0.10261716,-0.10255799,-0.101409175,-0.09887817,-0.09391991,-0.08240958,-0.01017054,0.0,0.5,-0.16666664,-0.5,0.5,0.5,-0.16666664,-0.5,0.16666669,0.1,-0.0012740123,-0.0072916113,186.0,1.0,10074,9,0.2,3.0,0.1,0,8,0.05
23,23,0.0,-0.10315905,-0.10259125,-0.102516904,-0.1013618,-0.098844275,-0.09387902,-0.08236995,-0.010120825,0.0,0.16666669,0.5,-0.16666664,0.5,-0.5,-0.5,-0.16666664,0.5,0.1,-0.0011960338,-0.0072916113,191.0,1.0,10074,9,0.2,3.0,0.1,0,8,0.05
24,24,0.0,-0.10310988,-0.10256013,-0.10246767,-0.10132743,-0.09879244,-0.0938193,-0.082309596,-0.010060257,0.0,-0.16666664,0.5,-0.5,-0.5,-0.5,0.5,-0.16666664,0.5,0.1,-0.0011900247,-0.007291612,196.0,1.0,10074,9,0.2,3.0,0.1,0,8,0.05
25,25,0.0,-0.103125975,-0.102626756,-0.10253629,-0.101407535,-0.098901875,-0.09396134,-0.082453564,-0.010192027,0.0,-0.5,-0.5,0.5,-0.5,0.5,0.16666669,0.16666669,-0.16666664,0.1,-0.0014074307,-0.007291609,186.0,1.0,10074,9,0.2,3.0,0.1,0,8,0.05
26,26,0.0,-0.10318402,-0.10263934,-0.10259416,-0.101459324,-0.09891601,-0.093945794,-0.08244269,-0.010179846,0.0,0.5,-0.5,0.5,0.16666669,0.16666669,0.5,-0.5,-0.5,0.1,-0.0010520791,-0.00729161,198.0,1.0,10074,9,0.2,3.0,0.1,0,8,0.05
27,27,0.0,-0.10320086,-0.1026803,-0.10261133,-0.1014615,-0.09893637,-0.0939759,-0.0824689,-0.010230559,0.0,0.16666669,0.16666669,-0.16666664,0.5,-0.16666664,-0.16666664,0.5,0.16666669,0.1,-0.0021269282,-0.0072916085,204.0,1.0,10074,9,0.2,3.0,0.1,0,8,0.05
28,28,0.0,-0.10326611,-0.10276139,-0.102662414,-0.10154062,-0.09901821,-0.09405115,-0.08255648,-0.010285967,0.0,0.5,-0.16666664,0.5,0.16666669,0.16666669,-0.5,0.16666669,-0.16666664,0.1,-0.0022146732,-0.0072916085,163.0,1.0,10074,9,0.2,3.0,0.1,0,8,0.05
29,29,0.0,-0.10322651,-0.10270241,-0.10263807,-0.10149244,-0.09895346,-0.093989685,-0.082473464,-0.010221495,0.0,-0.5,-0.5,-0.5,-0.5,0.5,-0.16666664,-0.5,0.5,0.1,-0.0010653093,-0.0072916113,223.0,1.0,10074,9,0.2,3.0,0.1,0,8,0.05
30,30,0.0,-0.10340332,-0.102968775,-0.10296357,-0.101825126,-0.09931556,-0.09431794,-0.08279253,-0.0105285775,0.0,-0.16666664,0.16666669,0.5,0.5,-0.16666664,-0.16666664,0.16666669,-0.5,0.1,-0.0016902598,-0.00729161,166.0,1.0,10074,9,0.2,3.0,0.1,0,8,0.05
31,31,0.0,-0.10312721,-0.10256601,-0.10246787,-0.10133292,-0.09880462,-0.093855634,-0.0823568,-0.010117799,0.0,-0.5,0.5,0.5,-0.5,-0.5,0.5,0.16666669,0.16666669,0.1,-0.001110793,-0.0072916113,224.0,1.0,10074,9,0.2,3.0,0.1,0,8,0.05
32,32,0.0,-0.10318181,-0.10264747,-0.10255952,-0.10143703,-0.098924436,-0.09398049,-0.08247618,-0.010229399,0.0,-0.16666664,-0.5,0.5,-0.16666664,0.5,0.16666669,-0.5,-0.16666664,0.1,-0.0014090869,-0.0072916113,203.0,1.0,10074,9,0.2,3.0,0.1,0,8,0.05
33,33,0.0,-0.10333939,-0.10287652,-0.102810696,-0.101683155,-0.099164866,-0.09417776,-0.08265308,-0.010386769,0.0,-0.16666664,-0.5,-0.5,-0.5,-0.5,0.16666669,-0.5,0.5,0.1,-0.0015265422,-0.007291609,172.0,1.0,10074,9,0.2,3.0,0.1,0,8,0.05
34,34,0.0,-0.10322858,-0.102751955,-0.102698974,-0.10160715,-0.09911235,-0.09416326,-0.082658105,-0.010404147,0.0,0.16666669,-0.16666664,-0.5,0.5,0.16666669,-0.16666664,-0.5,-0.5,0.1,-0.0016066099,-0.007291609,167.0,1.0,10074,9,0.2,3.0,0.1,0,8,0.05
35,35,0.0,-0.10310052,-0.10251728,-0.102461904,-0.101336144,-0.09881451,-0.09385752,-0.08236671,-0.01011425,0.0,-0.16666664,0.5,-0.16666664,-0.5,0.5,0.5,0.16666669,-0.16666664,0.1,-0.0013103674,-0.0072916113,193.0,1.0,10074,9,0.2,3.0,0.1,0,8,0.05
36,36,0.0,-0.10326396,-0.10274647,-0.102694295,-0.101546206,-0.099049665,-0.09409582,-0.08259223,-0.010337871,0.0,-0.5,-0.16666664,-0.5,0.5,0.16666669,-0.16666664,-0.16666664,0.16666669,0.1,-0.0019512931,-0.0072916113,212.0,1.0,10074,9,0.2,3.0,0.1,0,8,0.05
37,37,0.0,-0.103122,-0.102573454,-0.10250737,-0.10136084,-0.098811455,-0.09385001,-0.08233914,-0.010090799,0.0,0.16666669,-0.16666664,-0.5,0.5,0.5,0.5,0.5,-0.16666664,0.1,-0.0014755945,-0.00729161,201.0,1.0,10074,9,0.2,3.0,0.1,0,8,0.05
38,38,0.0,-0.103240184,-0.10272363,-0.10266511,-0.101530306,-0.09899343,-0.09402766,-0.082506895,-0.010252464,0.0,0.16666669,0.16666669,0.16666669,-0.5,-0.5,-0.16666664,0.5,-0.16666664,0.1,-0.0014878277,-0.007291611,218.0,1.0,10074,9,0.2,3.0,0.1,0,8,0.05
39,39,0.0,-0.10350778,-0.10302131,-0.10294989,-0.10181099,-0.09929498,-0.094352014,-0.08284044,-0.010567835,0.0,0.5,-0.5,0.5,0.16666669,0.16666669,-0.5,0.16666669,0.16666669,0.1,-0.0026161051,-0.00729161,157.0,1.0,10074,9,0.2,3.0,0.1,0,8,0.05
40,40,0.0,-0.103326894,-0.10280663,-0.10280291,-0.1017191,-0.09917442,-0.09422098,-0.08270991,-0.010427395,0.0,0.16666669,0.5,-0.5,0.16666669,-0.5,0.16666669,0.16666669,0.16666669,0.1,-0.0025745854,-0.00729161,166.0,1.0,10074,9,0.2,3.0,0.1,0,8,0.05
41,41,0.0,-0.10320675,-0.1027745,-0.10272239,-0.101622365,-0.099065736,-0.094122216,-0.08260228,-0.010339276,0.0,0.5,-0.5,0.5,0.16666669,-0.5,0.5,-0.5,-0.5,0.1,-0.0009286144,-0.00729161,172.0,1.0,10074,9,0.2,3.0,0.1,0,8,0.05
42,42,0.0,-0.10329328,-0.102802545,-0.10273869,-0.10160327,-0.09909022,-0.09416132,-0.08266102,-0.010409842,0.0,-0.16666664,0.5,-0.5,0.5,-0.16666664,-0.16666664,-0.5,-0.16666664,0.1,-0.0017423967,-0.00729161,174.0,1.0,10074,9,0.2,3.0,0.1,0,8,0.05
43,43,0.0,-0.1031503,-0.10261544,-0.10253583,-0.101393536,-0.09885579,-0.093885385,-0.08237705,-0.010130635,0.0,-0.16666664,-0.5,0.16666669,-0.5,0.5,-0.5,-0.16666664,0.5,0.1,-0.001291131,-0.00729161,228.0,1.0,10074,9,0.2,3.0,0.1,0,8,0.05
44,44,0.0,-0.103243366,-0.1027264,-0.10266068,-0.1015155,-0.09897241,-0.09402205,-0.08252019,-0.01026732,0.0,0.5,0.16666669,-0.5,-0.5,0.5,-0.5,0.16666669,-0.5,0.1,-0.0008780034,-0.0072916113,214.0,1.0,10074,9,0.2,3.0,0.1,0,8,0.05
45,45,0.0,-0.10340244,-0.102934375,-0.10293883,-0.101857096,-0.09933641,-0.09438694,-0.08288458,-0.010599163,0.0,-0.5,0.16666669,0.5,-0.5,0.5,0.5,0.16666669,0.5,0.1,-0.0025220006,-0.007291609,151.0,1.0,10074,9,0.2,3.0,0.1,0,8,0.05
46,46,0.0,-0.10304698,-0.10252492,-0.10246263,-0.1013228,-0.09879642,-0.09382502,-0.08231252,-0.010067469,0.0,-0.5,0.5,0.5,0.16666669,0.16666669,-0.16666664,-0.16666664,0.5,0.1,-0.0020243481,-0.007291611,179.0,1.0,10074,9,0.2,3.0,0.1,0,8,0.05
47,47,0.0,-0.10319902,-0.10266178,-0.10258837,-0.10143655,-0.098900236,-0.09392854,-0.082418256,-0.010158042,0.0,0.16666669,0.16666669,-0.5,-0.5,-0.16666664,0.5,0.5,-0.16666664,0.1,-0.0012343958,-0.0072916113,237.0,1.0,10074,9,0.2,3.0,0.1,0,8,0.05
48,48,0.0,-0.103212886,-0.102672,-0.10261369,-0.101464845,-0.09892965,-0.09395683,-0.08244331,-0.010191436,0.0,-0.16666664,0.5,0.16666669,-0.5,0.5,0.5,-0.5,0.5,0.1,-0.0015405877,-0.0072916136,253.0,1.0,10074,9,0.2,3.0,0.1,0,8,0.05
49,49,0.0,-0.10325321,-0.10273942,-0.10267766,-0.1015393,-0.09899981,-0.09402334,-0.08250632,-0.010251244,0.0,-0.5,0.16666669,-0.16666664,0.5,0.16666669,-0.16666664,0.5,-0.5,0.1,-0.00096687675,-0.0072916113,218.0,1.0,10074,9,0.2,3.0,0.1,0,8,0.05
50,50,0.0,-0.10318242,-0.10265228,-0.10257358,-0.10142906,-0.09888625,-0.093932286,-0.08242923,-0.010181286,0.0,0.5,0.16666669,-0.5,0.16666669,0.5,-0.5,0.16666669,0.16666669,0.1,-0.0016732432,-0.00729161,275.0,1.0,10074,9,0.2,3.0,0.1,0,8,0.05
51,51,0.0,-0.10322991,-0.102729596,-0.10267213,-0.101535976,-0.09898596,-0.09400464,-0.0824963,-0.010245249,0.0,0.16666669,0.5,0.16666669,-0.16666664,-0.16666664,-0.5,-0.5,0.5,0.1,-0.001340418,-0.007291612,189.0,1.0,10074,9,0.2,3.0,0.1,0,8,0.05
52,52,0.0,-0.1035634,-0.10310882,-0.103085466,-0.1019878,-0.09946315,-0.09450373,-0.08301716,-0.010753327,0.0,0.16666669,0.16666669,0.5,-0.16666664,-0.16666664,0.16666669,0.16666669,-0.5,0.1,-0.0016946065,-0.007291612,174.0,1.0,10074,9,0.2,3.0,0.1,0,8,0.05
53,53,0.0,-0.10338304,-0.1029593,-0.102885865,-0.10176397,-0.099260114,-0.0943493,-0.08287437,-0.010616126,0.0,-0.5,0.5,0.5,0.16666669,0.16666669,-0.16666664,-0.5,-0.5,0.1,-0.002277844,-0.0072916113,161.0,1.0,10074,9,0.2,3.0,0.1,0,8,0.05
54,54,0.0,-0.10328202,-0.10276401,-0.10270076,-0.101571575,-0.09903671,-0.09407331,-0.082551695,-0.010283563,0.0,0.5,0.5,0.16666669,-0.16666664,-0.5,0.16666669,0.5,-0.5,0.1,-0.0009347219,-0.007291609,216.0,1.0,10074,9,0.2,3.0,0.1,0,8,0.05
55,55,0.0,-0.10322214,-0.102689065,-0.10262251,-0.101483546,-0.098951675,-0.09400542,-0.08251481,-0.010262695,0.0,0.16666669,0.5,0.16666669,-0.16666664,0.5,0.5,0.16666669,0.16666669,0.1,-0.0032448408,-0.007291611,222.0,1.0,10074,9,0.2,3.0,0.1,0,8,0.05
56,56,0.0,-0.103374794,-0.10289404,-0.10288699,-0.10176386,-0.09927302,-0.094337344,-0.08283839,-0.010593915,0.0,0.5,-0.5,0.5,-0.16666664,-0.16666664,0.16666669,-0.5,-0.5,0.1,-0.0016016612,-0.0072916136,166.0,1.0,10074,9,0.2,3.0,0.1,0,8,0.05
57,57,0.0,-0.10332541,-0.10281732,-0.102769226,-0.10163213,-0.09911428,-0.094150454,-0.082620405,-0.010348738,0.0,-0.16666664,-0.16666664,0.16666669,-0.5,-0.16666664,0.16666669,0.5,-0.5,0.1,-0.0009816564,-0.007291611,190.0,1.0,10074,9,0.2,3.0,0.1,0,8,0.05
58,58,0.0,-0.10326797,-0.10273249,-0.102661155,-0.1015211,-0.09899208,-0.09401455,-0.08249665,-0.010236663,0.0,-0.16666664,-0.16666664,0.16666669,-0.5,0.16666669,0.16666669,0.5,0.16666669,0.1,-0.0031235944,-0.00729161,187.0,1.0,10074,9,0.2,3.0,0.1,0,8,0.05
59,59,0.0,-0.10362451,-0.10318268,-0.103185125,-0.102064185,-0.09957282,-0.09463247,-0.083125874,-0.010823661,0.0,0.5,-0.16666664,0.16666669,0.16666669,-0.16666664,-0.5,-0.16666664,-0.5,0.1,-0.0027818007,-0.0072916145,159.0,1.0,10074,9,0.2,3.0,0.1,0,8,0.05
60,60,0.0,-0.10352233,-0.10293489,-0.10295663,-0.101847455,-0.09933916,-0.094348185,-0.08286422,-0.010582512,0.0,0.5,-0.16666664,-0.16666664,-0.16666664,-0.16666664,0.16666669,-0.5,0.16666669,0.1,-0.002766699,-0.007291612,158.0,1.0,10074,9,0.2,3.0,0.1,0,8,0.05
61,61,0.0,-0.103512146,-0.1030142,-0.10295531,-0.10178163,-0.09926072,-0.09428136,-0.08277449,-0.010515742,0.0,0.5,-0.5,0.5,-0.5,0.16666669,-0.5,-0.16666664,-0.5,0.1,-0.0015896518,-0.0072916136,157.0,1.0,10074,9,0.2,3.0,0.1,0,8,0.05
62,62,0.0,-0.10328176,-0.1027626,-0.1027055,-0.10157148,-0.09903226,-0.0940673,-0.082550146,-0.010280182,0.0,-0.16666664,-0.5,0.5,0.5,-0.16666664,0.5,0.5,-0.5,0.1,-0.000906333,-0.007291611,245.0,1.0,10074,9,0.2,3.0,0.1,0,8,0.05
63,63,0.0,-0.10319189,-0.10264967,-0.10257752,-0.101432905,-0.098895855,-0.093919724,-0.082411,-0.010151879,0.0,-0.16666664,-0.5,0.5,0.5,0.5,0.5,-0.5,-0.5,0.1,-0.00091371516,-0.007291611,212.0,1.0,10074,9,0.2,3.0,0.1,0,8,0.05
64,64,0.0,-0.1031058,-0.10254232,-0.10245769,-0.101296455,-0.09876035,-0.09379967,-0.08230003,-0.010052682,0.0,-0.5,0.5,-0.16666664,-0.5,0.5,0.16666669,0.5,-0.16666664,0.1,-0.0011983492,-0.00729161,228.0,1.0,10074,9,0.2,3.0,0.1,0,8,0.05
65,65,0.0,-0.103251964,-0.102724895,-0.10265141,-0.10151866,-0.09898037,-0.094019234,-0.08253055,-0.010272256,0.0,0.5,0.16666669,-0.16666664,0.5,-0.5,0.5,0.16666669,-0.5,0.1,-0.0013458645,-0.0072916113,211.0,1.0,10074,9,0.2,3.0,0.1,0,8,0.05
66,66,0.0,-0.10321289,-0.1026754,-0.10261635,-0.1014604,-0.09891824,-0.09394656,-0.0824368,-0.010188049,0.0,-0.16666664,-0.5,0.16666669,-0.16666664,0.5,-0.16666664,0.5,-0.16666664,0.1,-0.0016688899,-0.0072916113,249.0,1.0,10074,9,0.2,3.0,0.1,0,8,0.05
67,67,0.0,-0.1031235,-0.102555655,-0.102502085,-0.101347335,-0.09880932,-0.09384507,-0.082350686,-0.0101020355,0.0,-0.5,0.5,0.5,0.5,-0.5,0.16666669,0.5,0.16666669,0.1,-0.0017276648,-0.007291611,223.0,1.0,10074,9,0.2,3.0,0.1,0,8,0.05
68,68,0.0,-0.10314521,-0.10262243,-0.10256613,-0.101437986,-0.0989094,-0.09396849,-0.08245789,-0.010213999,0.0,-0.16666664,-0.16666664,0.5,-0.16666664,-0.5,-0.16666664,-0.5,0.16666669,0.1,-0.0020032355,-0.007291612,184.0,1.0,10074,9,0.2,3.0,0.1,0,8,0.05
69,69,0.0,-0.103227586,-0.10270465,-0.10265039,-0.101514176,-0.098984644,-0.09401592,-0.08249993,-0.010249657,0.0,-0.5,0.5,0.5,-0.16666664,0.16666669,0.5,-0.5,0.5,0.1,-0.0016635184,-0.007291609,228.0,1.0,10074,9,0.2,3.0,0.1,0,8,0.05
70,70,0.0,-0.10321124,-0.102674104,-0.102599986,-0.10144582,-0.09889709,-0.093924984,-0.08241054,-0.010154818,0.0,-0.16666664,-0.16666664,-0.16666664,-0.16666664,0.16666669,-0.16666664,-0.5,0.5,0.1,-0.0018595982,-0.007291611,246.0,1.0,10074,9,0.2,3.0,0.1,0,8,0.05
71,71,0.0,-0.10353667,-0.10309953,-0.103095666,-0.1020021,-0.09950565,-0.09457086,-0.08307842,-0.010813979,0.0,-0.16666664,-0.5,-0.5,-0.16666664,-0.5,-0.5,-0.5,0.16666669,0.1,-0.0026103533,-0.0072916113,222.0,1.0,10074,9,0.2,3.0,0.1,0,8,0.05
72,72,0.0,-0.10315501,-0.10260257,-0.1025516,-0.1014046,-0.09888037,-0.09391451,-0.082403466,-0.010157504,0.0,-0.5,0.5,-0.5,0.16666669,-0.5,0.16666669,-0.5,0.5,0.1,-0.0013680918,-0.007291612,241.0,1.0,10074,9,0.2,3.0,0.1,0,8,0.05
73,73,0.0,-0.103182234,-0.10267033,-0.102636985,-0.10148741,-0.09898679,-0.09403132,-0.08253272,-0.010274966,0.0,0.16666669,-0.16666664,-0.16666664,0.5,-0.16666664,-0.16666664,0.16666669,0.5,0.1,-0.0023553148,-0.007291611,190.0,1.0,10074,9,0.2,3.0,0.1,0,8,0.05
74,74,0.0,-0.103175044,-0.10263063,-0.10255566,-0.10139707,-0.09887459,-0.09390495,-0.08239784,-0.010137849,0.0,-0.5,0.16666669,0.16666669,-0.16666664,0.5,-0.5,0.5,0.16666669,0.1,-0.0019923744,-0.0072916113,210.0,1.0,10074,9,0.2,3.0,0.1,0,8,0.05
75,75,0.0,-0.103514396,-0.103074744,-0.10305552,-0.10197691,-0.09946144,-0.09451058,-0.08300904,-0.010708429,0.0,0.16666669,0.16666669,0.16666669,0.5,-0.5,0.5,0.5,0.5,0.1,-0.0028916951,-0.007291611,165.0,1.0,10074,9,0.2,3.0,0.1,0,8,0.05
76,76,0.0,-0.103236705,-0.10270953,-0.10264812,-0.101500005,-0.09896417,-0.09398304,-0.08247761,-0.010223348,0.0,-0.5,0.16666669,-0.16666664,0.16666669,0.5,0.5,-0.5,0.16666669,0.1,-0.0018294867,-0.007291611,235.0,1.0,10074,9,0.2,3.0,0.1,0,8,0.05
77,77,0.0,-0.10333784,-0.102821186,-0.1028175,-0.1017077,-0.0992201,-0.0942507,-0.08273838,-0.010479175,0.0,-0.5,-0.16666664,0.5,-0.16666664,-0.5,-0.16666664,0.16666669,-0.16666664,0.1,-0.002336576,-0.007291612,169.0,1.0,10074,9,0.2,3.0,0.1,0,8,0.05
78,78,0.0,-0.10315991,-0.10261812,-0.102535814,-0.10138707,-0.09884411,-0.093868986,-0.08236169,-0.01010663,0.0,0.5,0.16666669,-0.5,-0.16666664,-0.5,-0.5,0.5,0.5,0.1,-0.0010600312,-0.0072916113,209.0,1.0,10074,9,0.2,3.0,0.1,0,8,0.05
79,79,0.0,-0.10318443,-0.10266724,-0.10262067,-0.10149258,-0.09896854,-0.09398809,-0.08249094,-0.010229254,0.0,-0.5,0.5,0.16666669,-0.16666664,0.5,0.5,0.16666669,-0.5,0.1,-0.0013278165,-0.0072916113,182.0,1.0,10074,9,0.2,3.0,0.1,0,8,0.05
80,80,0.0,-0.1031689,-0.102635354,-0.10255588,-0.101397544,-0.09886066,-0.0938824,-0.08237229,-0.0101202475,0.0,0.5,-0.16666664,-0.5,-0.5,-0.16666664,0.5,0.5,-0.16666664,0.1,-0.0012853522,-0.0072916085,207.0,1.0,10074,9,0.2,3.0,0.1,0,8,0.05
81,81,0.0,-0.10321806,-0.10267759,-0.10260898,-0.101453975,-0.09892081,-0.09394331,-0.082438074,-0.01017974,0.0,0.16666669,-0.5,-0.16666664,0.16666669,0.5,0.5,-0.5,-0.5,0.1,-0.0009937737,-0.007291612,209.0,1.0,10074,9,0.2,3.0,0.1,0,8,0.05
82,82,0.0,-0.10329334,-0.10277231,-0.10271223,-0.10155884,-0.099032655,-0.09409721,-0.08259076,-0.010326446,0.0,0.16666669,-0.16666664,-0.16666664,0.5,0.5,0.16666669,0.16666669,-0.5,0.1,-0.0016848913,-0.0072916136,190.0,1.0,10074,9,0.2,3.0,0.1,0,8,0.05
83,83,0.0,-0.103581406,-0.103100844,-0.10312057,-0.102013715,-0.099485606,-0.09453406,-0.083004676,-0.010722586,0.0,0.5,-0.16666664,-0.5,0.5,0.5,0.5,0.16666669,0.5,0.1,-0.0022285322,-0.007291609,166.0,1.0,10074,9,0.2,3.0,0.1,0,8,0.05
84,84,0.0,-0.10313501,-0.10259067,-0.102516174,-0.10137362,-0.098830275,-0.093863316,-0.08235487,-0.0101004075,0.0,0.5,0.16666669,0.5,0.16666669,-0.16666664,0.16666669,-0.16666664,0.5,0.1,-0.0027429436,-0.0072916085,239.0,1.0,10074,9,0.2,3.0,0.1,0,8,0.05
85,85,0.0,-0.10318567,-0.10265527,-0.102572575,-0.101422414,-0.09890431,-0.09395349,-0.082428455,-0.010168735,0.0,0.5,0.5,-0.16666664,0.5,0.16666669,-0.16666664,0.16666669,-0.5,0.1,-0.0016596504,-0.00729161,185.0,1.0,10074,9,0.2,3.0,0.1,0,8,0.05
86,86,0.0,-0.10322439,-0.10270568,-0.1026382,-0.10150272,-0.09896148,-0.094014205,-0.08251533,-0.01025803,0.0,0.16666669,0.16666669,0.5,-0.16666664,0.5,-0.16666664,0.16666669,0.16666669,0.1,-0.0026197324,-0.00729161,216.0,1.0,10074,9,0.2,3.0,0.1,0,8,0.05
87,87,0.0,-0.103140384,-0.102589786,-0.10251075,-0.101351514,-0.09880645,-0.09383964,-0.08233344,-0.010088359,0.0,0.16666669,0.5,-0.16666664,-0.5,-0.5,0.5,-0.16666664,0.16666669,0.1,-0.0011421861,-0.0072916085,230.0,1.0,10074,9,0.2,3.0,0.1,0,8,0.05
88,88,0.0,-0.10327863,-0.102896646,-0.102885805,-0.10174468,-0.099262156,-0.09429608,-0.082801625,-0.010560188,0.0,0.5,-0.5,0.16666669,-0.5,-0.16666664,-0.16666664,0.16666669,0.16666669,0.1,-0.0022513727,-0.0072916113,161.0,1.0,10074,9,0.2,3.0,0.1,0,8,0.05
89,89,0.0,-0.10325611,-0.10273619,-0.10267478,-0.10152895,-0.09899884,-0.09403249,-0.0825413,-0.0102845915,0.0,-0.16666664,0.16666669,0.16666669,0.16666669,-0.5,0.5,-0.16666664,0.5,0.1,-0.002361939,-0.007291611,273.0,1.0,10074,9,0.2,3.0,0.1,0,8,0.05
90,90,0.0,-0.103242375,-0.10271836,-0.102655716,-0.10149194,-0.09897674,-0.09402975,-0.082524166,-0.010268054,0.0,-0.16666664,-0.16666664,0.16666669,0.5,-0.16666664,0.16666669,0.16666669,-0.16666664,0.1,-0.0026250728,-0.0072916113,224.0,1.0,10074,9,0.2,3.0,0.1,0,8,0.05
91,91,0.0,-0.10331286,-0.10279892,-0.10274892,-0.10161035,-0.09908257,-0.09411998,-0.08260771,-0.010332643,0.0,0.16666669,-0.5,-0.16666664,-0.5,-0.16666664,0.5,0.5,-0.5,0.1,-0.000855912,-0.007291607,210.0,1.0,10074,9,0.2,3.0,0.1,0,8,0.05
92,92,0.0,-0.1032844,-0.102783136,-0.102725685,-0.10158108,-0.09908098,-0.09414545,-0.08265443,-0.010390853,0.0,0.16666669,-0.16666664,-0.16666664,0.5,0.16666669,-0.5,-0.5,-0.5,0.1,-0.0017642233,-0.0072916127,174.0,1.0,10074,9,0.2,3.0,0.1,0,8,0.05
93,93,0.0,-0.103300326,-0.10285518,-0.1028482,-0.10167704,-0.09917814,-0.094229385,-0.08273205,-0.0104941735,0.0,-0.16666664,-0.16666664,-0.5,0.16666669,-0.5,0.16666669,0.16666669,0.5,0.1,-0.003227967,-0.007291609,161.0,1.0,10074,9,0.2,3.0,0.1,0,8,0.05
94,94,0.0,-0.103179984,-0.102632195,-0.10255775,-0.1014407,-0.09892871,-0.093973584,-0.08246814,-0.010213639,0.0,-0.5,-0.5,0.5,-0.16666664,0.16666669,0.16666669,0.5,0.16666669,0.1,-0.0017505977,-0.007291609,200.0,1.0,10074,9,0.2,3.0,0.1,0,8,0.05
95,95,0.0,-0.10327966,-0.10276198,-0.10270391,-0.10156519,-0.099028006,-0.09405145,-0.08253401,-0.010267844,0.0,-0.5,0.16666669,-0.16666664,0.16666669,0.5,0.16666669,0.5,-0.5,0.1,-0.001049659,-0.0072916113,233.0,1.0,10074,9,0.2,3.0,0.1,0,8,0.05
96,96,0.0,-0.10325735,-0.10274022,-0.10268661,-0.101546034,-0.09901685,-0.094043046,-0.08252601,-0.010260109,0.0,0.5,-0.16666664,0.16666669,0.16666669,0.5,0.5,0.5,-0.16666664,0.1,-0.001846134,-0.00729161,232.0,1.0,10074,9,0.2,3.0,0.1,0,8,0.05
97,97,0.0,-0.103263035,-0.102737375,-0.10267067,-0.101557516,-0.09903213,-0.094059646,-0.08256008,-0.010288708,0.0,0.16666669,0.5,-0.5,-0.16666664,0.5,-0.16666664,-0.5,-0.5,0.1,-0.0017455958,-0.007291609,178.0,1.0,10074,9,0.2,3.0,0.1,0,8,0.05
98,98,0.0,-0.10319787,-0.10266236,-0.10258712,-0.10143716,-0.0988854,-0.09392421,-0.08242097,-0.010163706,0.0,-0.5,-0.16666664,0.5,0.16666669,0.16666669,-0.5,0.5,-0.16666664,0.1,-0.0011350537,-0.007291611,271.0,1.0,10074,9,0.2,3.0,0.1,0,8,0.05
99,99,0.0,-0.103247225,-0.10274232,-0.10267904,-0.10153819,-0.098992415,-0.09402239,-0.08251028,-0.010262288,0.0,-0.5,0.16666669,0.16666669,0.5,0.5,-0.5,0.16666669,0.16666669,0.1,-0.0023500088,-0.0072916136,181.0,1.0,10074,9,0.2,3.0,0.1,0,8,0.05
