,Unnamed: 0,e1,e2,e3,e4,e5,e6,e7,e8,e9,e0_1,e0_2,e0_3,e0_4,e0_5,e0_6,e0_7,e0_8,e0_9,Gamma,eta0,eta,count,success,seed,N,Jmax,alpha,gleak,ex,lk,rate
0,0,0.0,-1.8319627,-0.97433496,-0.6872487,-0.6556943,-0.74280846,-0.69293386,-0.5284609,-0.05541907,0.0,0.5,0.16666669,0.5,0.5,-0.16666664,0.16666669,-0.5,0.16666669,0.1,-0.003893428,-0.010017104,875.0,1.0,23160,9,0.2,1.0,0.1,0,8,0.05
1,1,0.0,-1.635184,-0.6264161,-0.40131512,4.000787,-0.48842075,-0.60860896,-0.47411016,-0.067943856,0.0,-0.16666664,-0.16666664,-0.5,0.5,-0.5,0.16666669,-0.5,0.16666669,0.1,-0.004406191,-0.009501996,1361.0,1.0,23160,9,0.2,1.0,0.1,0,8,0.05
2,2,0.0,-1.8319614,-0.9743838,-0.6872787,-0.6556739,-0.74281186,-0.69293267,-0.5284684,-0.055419143,0.0,-0.5,0.5,-0.16666664,-0.16666664,-0.16666664,0.5,0.16666669,0.16666669,0.1,-0.0037280384,-0.010017107,1048.0,1.0,23160,9,0.2,1.0,0.1,0,8,0.05
3,3,0.0,-1.831821,-0.974468,-0.6873075,-0.6556642,-0.7428197,-0.692904,-0.5284737,-0.055416487,0.0,-0.16666664,0.16666669,-0.16666664,0.16666669,-0.5,0.16666669,-0.16666664,-0.5,0.1,-0.0029017949,-0.010017096,588.0,1.0,23160,9,0.2,1.0,0.1,0,8,0.05
4,4,0.0,-1.8320392,-0.97455144,-0.6873461,-0.6556456,-0.7428048,-0.6929416,-0.52848554,-0.055421688,0.0,0.5,0.16666669,-0.5,0.5,-0.5,0.5,0.16666669,0.16666669,0.1,-0.0038511313,-0.010017097,910.0,1.0,23160,9,0.2,1.0,0.1,0,8,0.05
5,5,0.0,-1.8319465,-0.97441226,-0.6872937,-0.655673,-0.74279743,-0.6929416,-0.52847016,-0.055419367,0.0,0.5,0.5,-0.5,0.16666669,0.16666669,-0.5,-0.16666664,0.16666669,0.1,-0.004565783,-0.010017106,1049.0,1.0,23160,9,0.2,1.0,0.1,0,8,0.05
6,6,0.0,-1.8318655,-0.97429323,-0.6872269,-0.6556959,-0.7428174,-0.69292206,-0.52845645,-0.05541735,0.0,-0.16666664,0.5,0.16666669,-0.16666664,-0.16666664,-0.16666664,-0.5,0.16666669,0.1,-0.0047980156,-0.010017099,886.0,1.0,23160,9,0.2,1.0,0.1,0,8,0.05
7,7,0.0,-1.8318173,-0.97405046,-0.68715286,-0.6557426,-0.7427727,-0.6929205,-0.52843314,-0.055411402,0.0,0.16666669,0.5,-0.16666664,-0.16666664,0.5,-0.16666664,0.16666669,0.16666669,0.1,-0.0040214877,-0.010017101,501.0,1.0,23160,9,0.2,1.0,0.1,0,8,0.05
8,8,0.0,-1.8319006,-0.97419035,-0.6872006,-0.65570426,-0.74283016,-0.6929121,-0.52844995,-0.05541654,0.0,-0.16666664,0.5,-0.16666664,0.5,-0.5,0.5,-0.16666664,-0.16666664,0.1,-0.0029761575,-0.0100171035,977.0,1.0,23160,9,0.2,1.0,0.1,0,8,0.05
9,9,0.0,-1.8318524,-0.97444403,-0.6872861,-0.6556852,-0.7427985,-0.69293934,-0.5284492,-0.055417098,0.0,-0.16666664,0.16666669,0.5,0.5,-0.5,0.16666669,0.5,0.16666669,0.1,-0.0029602414,-0.010017101,371.0,1.0,23160,9,0.2,1.0,0.1,0,8,0.05
10,10,0.0,-1.8320314,-0.97454447,-0.68735945,-0.6556729,-0.7426931,-0.6929786,-0.5284839,-0.055418473,0.0,-0.5,-0.5,-0.16666664,-0.5,0.5,0.5,0.5,0.5,0.1,-0.0034471364,-0.010017097,700.0,1.0,23160,9,0.2,1.0,0.1,0,8,0.05
11,11,0.0,-1.8319676,-0.97455925,-0.6873537,-0.65564764,-0.7427918,-0.6929539,-0.5284842,-0.05542117,0.0,0.5,-0.16666664,0.16666669,-0.5,-0.16666664,-0.5,-0.16666664,-0.16666664,0.1,-0.004582796,-0.010017103,1777.0,1.0,23160,9,0.2,1.0,0.1,0,8,0.05
12,12,0.0,-1.8319924,-0.97453535,-0.68733716,-0.6556501,-0.74278927,-0.6929612,-0.52846634,-0.05542081,0.0,-0.5,-0.5,0.16666669,-0.5,0.16666669,-0.16666664,0.5,0.5,0.1,-0.0047969627,-0.010017107,783.0,1.0,23160,9,0.2,1.0,0.1,0,8,0.05
13,13,0.0,-1.8319687,-0.9744692,-0.68730485,-0.6556585,-0.74281585,-0.6929231,-0.5284752,-0.05541894,0.0,-0.16666664,0.5,0.16666669,0.16666669,-0.5,0.5,-0.5,-0.16666664,0.1,-0.0025978456,-0.0100171035,649.0,1.0,23160,9,0.2,1.0,0.1,0,8,0.05
14,14,0.0,-1.8316709,-0.9738876,-0.6870644,-0.65576315,-0.74282306,-0.6928959,-0.5283925,-0.055407565,0.0,0.16666669,0.16666669,-0.16666664,0.5,0.16666669,0.16666669,0.5,-0.16666664,0.1,-0.0018698996,-0.01001711,490.0,1.0,23160,9,0.2,1.0,0.1,0,8,0.05
15,15,0.0,-1.8318447,-0.9744113,-0.68727905,-0.6556678,-0.74281794,-0.6929234,-0.5284499,-0.05541637,0.0,0.16666669,0.5,0.16666669,0.16666669,-0.5,-0.16666664,0.5,-0.16666664,0.1,-0.0027107152,-0.010017107,548.0,1.0,23160,9,0.2,1.0,0.1,0,8,0.05
16,16,0.0,-1.8319836,-0.9744542,-0.6872947,-0.6556595,-0.7428301,-0.69290453,-0.5284754,-0.055418156,0.0,-0.5,-0.5,-0.5,-0.16666664,-0.5,-0.16666664,-0.5,-0.5,0.1,-0.004658531,-0.010017107,575.0,1.0,23160,9,0.2,1.0,0.1,0,8,0.05
17,17,0.0,-1.6357685,-0.6263291,-0.40133455,4.000694,-0.48839337,-0.6086784,-0.47410473,-0.06795438,0.0,-0.16666664,0.16666669,-0.5,0.5,-0.16666664,-0.5,-0.16666664,-0.16666664,0.1,-0.0036855773,-0.009501992,1656.0,1.0,23160,9,0.2,1.0,0.1,0,8,0.05
18,18,0.0,-1.8319889,-0.97459894,-0.6873645,-0.6556356,-0.742801,-0.6929414,-0.52849096,-0.05542134,0.0,0.5,-0.16666664,0.16666669,-0.5,-0.5,0.5,-0.16666664,0.5,0.1,-0.005174176,-0.010017096,1021.0,1.0,23160,9,0.2,1.0,0.1,0,8,0.05
19,19,0.0,-1.8319938,-0.9745007,-0.68732315,-0.6556684,-0.74279135,-0.69295156,-0.52847534,-0.05542122,0.0,-0.16666664,-0.5,-0.16666664,0.5,-0.16666664,-0.16666664,0.5,0.16666669,0.1,-0.003282899,-0.010017104,708.0,1.0,23160,9,0.2,1.0,0.1,0,8,0.05
20,20,0.0,-1.8319625,-0.9745312,-0.68734777,-0.655664,-0.74274063,-0.69297,-0.52847546,-0.055419173,0.0,-0.16666664,0.16666669,0.5,-0.16666664,0.5,-0.16666664,-0.16666664,0.5,0.1,-0.004708771,-0.010017098,584.0,1.0,23160,9,0.2,1.0,0.1,0,8,0.05
21,21,0.0,-1.8320265,-0.97458637,-0.68736136,-0.6556444,-0.74278307,-0.6929597,-0.5284853,-0.055421855,0.0,0.16666669,-0.5,-0.5,-0.16666664,-0.16666664,-0.5,0.16666669,0.5,0.1,-0.0073567033,-0.010017098,686.0,1.0,23160,9,0.2,1.0,0.1,0,8,0.05
22,22,0.0,-1.8319709,-0.9743962,-0.6872656,-0.6556987,-0.74282146,-0.69289875,-0.5284709,-0.05541731,0.0,0.5,0.5,-0.16666664,0.16666669,-0.5,0.5,-0.5,-0.16666664,0.1,-0.0027948262,-0.0100171,358.0,1.0,23160,9,0.2,1.0,0.1,0,8,0.05
23,23,0.0,-1.8317959,-0.97426975,-0.68718326,-0.6556344,-0.74298817,-0.69271195,-0.52846897,-0.05540693,0.0,-0.5,-0.5,-0.16666664,0.16666669,-0.16666664,0.16666669,-0.16666664,-0.5,0.1,-0.0026985926,-0.010017108,342.0,1.0,23160,9,0.2,1.0,0.1,0,8,0.05
24,24,0.0,-1.8319582,-0.9744194,-0.68728644,-0.6556834,-0.7428071,-0.6929294,-0.52847314,-0.05541991,0.0,-0.5,-0.16666664,-0.16666664,0.16666669,-0.5,-0.16666664,0.16666669,0.5,0.1,-0.0063894107,-0.010017099,512.0,1.0,23160,9,0.2,1.0,0.1,0,8,0.05
25,25,0.0,-1.8319927,-0.9743688,-0.6871925,-0.65568674,-0.74283403,-0.6929211,-0.52845806,-0.05541922,0.0,-0.5,-0.16666664,0.16666669,-0.16666664,-0.16666664,-0.16666664,-0.16666664,0.16666669,0.1,-0.006135612,-0.010017098,625.0,1.0,23160,9,0.2,1.0,0.1,0,8,0.05
26,26,0.0,-1.8316911,-0.9738314,-0.68694997,-0.6558132,-0.74286425,-0.6928794,-0.52836853,-0.05540804,0.0,-0.16666664,-0.16666664,0.16666669,-0.16666664,-0.16666664,-0.16666664,-0.16666664,-0.5,0.1,-0.0034148784,-0.010017099,403.0,1.0,23160,9,0.2,1.0,0.1,0,8,0.05
27,27,0.0,-1.8320075,-0.9744642,-0.6873083,-0.6556835,-0.74277496,-0.6929547,-0.5284716,-0.055420253,0.0,-0.16666664,-0.5,-0.16666664,0.5,0.5,-0.16666664,-0.16666664,0.5,0.1,-0.0038897544,-0.0100171,538.0,1.0,23160,9,0.2,1.0,0.1,0,8,0.05
28,28,0.0,4.000516,-0.5520282,-0.58234036,-0.4555684,3.2489493,-0.425325,-0.5131297,-0.10619347,0.0,0.5,-0.5,-0.5,-0.5,0.5,-0.16666664,-0.5,0.16666669,0.1,-0.0042736563,-0.009180624,640.0,1.0,23160,9,0.2,1.0,0.1,0,8,0.05
29,29,0.0,-1.8319595,-0.9745474,-0.6873534,-0.655659,-0.74274015,-0.6929693,-0.5284756,-0.055418618,0.0,0.5,-0.5,-0.5,0.5,-0.16666664,-0.5,0.5,-0.5,0.1,-0.002392981,-0.010017101,705.0,1.0,23160,9,0.2,1.0,0.1,0,8,0.05
30,30,0.0,-1.8319154,-0.97456795,-0.68735373,-0.6556375,-0.742809,-0.6929282,-0.5284845,-0.055419795,0.0,0.5,0.16666669,0.5,-0.16666664,-0.16666664,0.16666669,0.5,-0.5,0.1,-0.0011833619,-0.010017099,992.0,1.0,23160,9,0.2,1.0,0.1,0,8,0.05
31,31,0.0,-1.8318678,-0.9742333,-0.6872089,-0.6557102,-0.7428055,-0.692919,-0.5284355,-0.055414442,0.0,-0.5,0.16666669,-0.16666664,0.16666669,0.16666669,-0.16666664,0.16666669,0.16666669,0.1,-0.005483433,-0.010017102,479.0,1.0,23160,9,0.2,1.0,0.1,0,8,0.05
32,32,0.0,-1.8317573,-0.9739986,-0.68711734,-0.6557347,-0.74284875,-0.69288254,-0.5284233,-0.05541156,0.0,-0.5,0.5,-0.5,0.5,0.5,0.16666669,0.16666669,-0.16666664,0.1,-0.0026032769,-0.010017101,671.0,1.0,23160,9,0.2,1.0,0.1,0,8,0.05
33,33,0.0,-1.831965,-0.97426945,-0.6871248,-0.65570325,-0.74285066,-0.69291246,-0.52843064,-0.055416305,0.0,-0.5,-0.16666664,0.16666669,-0.16666664,0.5,0.16666669,0.5,-0.16666664,0.1,-0.0018574384,-0.010017106,543.0,1.0,23160,9,0.2,1.0,0.1,0,8,0.05
34,34,0.0,-1.8319228,-0.97448534,-0.687333,-0.65567577,-0.7427156,-0.6929713,-0.5284715,-0.055417173,0.0,0.5,0.16666669,0.5,-0.5,0.5,-0.16666664,-0.5,0.5,0.1,-0.0046177153,-0.0100171,581.0,1.0,23160,9,0.2,1.0,0.1,0,8,0.05
35,35,0.0,-1.8318069,-0.9741924,-0.6871849,-0.65573657,-0.742797,-0.6929212,-0.52843696,-0.05541459,0.0,-0.5,-0.16666664,0.16666669,0.16666669,-0.16666664,-0.5,-0.16666664,-0.16666664,0.1,-0.0051087155,-0.010017107,609.0,1.0,23160,9,0.2,1.0,0.1,0,8,0.05
36,36,0.0,-1.8369969,-0.9751642,-0.6875864,-0.6557604,-0.74198395,-0.6933627,-0.5286958,-0.05546716,0.0,0.16666669,0.5,0.5,-0.16666664,0.16666669,-0.5,0.5,-0.16666664,0.1,-0.002199662,-0.010017107,463.0,1.0,23160,9,0.2,1.0,0.1,0,8,0.05
37,37,0.0,-1.8365558,-0.97357357,-0.6867348,-0.6558289,-0.7430245,-0.6928964,-0.5285099,-0.05546648,0.0,0.5,0.5,-0.5,0.5,-0.5,-0.16666664,0.16666669,-0.5,0.1,-0.0019145677,-0.010017104,611.0,1.0,23160,9,0.2,1.0,0.1,0,8,0.05
38,38,0.0,-1.8319496,-0.97459847,-0.6873751,-0.6556415,-0.7427802,-0.6929594,-0.52848893,-0.05542159,0.0,0.16666669,-0.5,-0.16666664,-0.5,0.5,0.16666669,-0.16666664,-0.5,0.1,-0.0024740398,-0.010017096,1534.0,1.0,23160,9,0.2,1.0,0.1,0,8,0.05
39,39,0.0,-1.8319684,-0.9745298,-0.6873429,-0.6556521,-0.7427942,-0.692948,-0.5284818,-0.055420928,0.0,-0.16666664,-0.16666664,0.5,0.16666669,0.5,0.5,-0.5,-0.16666664,0.1,-0.0019648166,-0.010017095,874.0,1.0,23160,9,0.2,1.0,0.1,0,8,0.05
40,40,0.0,-1.8319675,-0.9745591,-0.6873539,-0.6556478,-0.7427837,-0.69295216,-0.5284819,-0.055420514,0.0,0.5,0.5,0.16666669,0.5,0.5,0.16666669,0.16666669,-0.16666664,0.1,-0.0028487395,-0.010017102,844.0,1.0,23160,9,0.2,1.0,0.1,0,8,0.05
41,41,0.0,-1.8318304,-0.9742781,-0.6872387,-0.6557004,-0.7427835,-0.6929323,-0.5284526,-0.055415254,0.0,0.16666669,0.5,0.16666669,0.16666669,0.5,-0.5,0.16666669,-0.5,0.1,-0.0020843365,-0.010017102,878.0,1.0,23160,9,0.2,1.0,0.1,0,8,0.05
42,42,0.0,-1.8320259,-0.9746116,-0.6873738,-0.6556426,-0.74276406,-0.69296706,-0.52849,-0.055422034,0.0,-0.16666664,-0.5,-0.16666664,-0.5,0.16666669,-0.5,-0.16666664,-0.5,0.1,-0.0028342803,-0.0100171,1176.0,1.0,23160,9,0.2,1.0,0.1,0,8,0.05
43,43,0.0,-1.8320733,-0.9745055,-0.68729025,-0.6556948,-0.74270785,-0.6929715,-0.52847826,-0.05541829,0.0,0.5,0.16666669,0.16666669,0.16666669,0.5,0.16666669,-0.16666664,-0.5,0.1,-0.0022359507,-0.010017095,444.0,1.0,23160,9,0.2,1.0,0.1,0,8,0.05
44,44,0.0,-1.8320106,-0.97446793,-0.6873076,-0.6556787,-0.74278414,-0.6929518,-0.52847165,-0.05542049,0.0,0.16666669,-0.5,-0.16666664,0.5,0.5,-0.16666664,-0.16666664,0.5,0.1,-0.0038800545,-0.010017101,547.0,1.0,23160,9,0.2,1.0,0.1,0,8,0.05
45,45,0.0,-1.7657301,-0.30347615,4.001648,-0.47719926,-0.38563782,3.4965699,-0.2810324,-0.05193461,0.0,-0.16666664,-0.5,0.5,-0.16666664,0.16666669,0.5,0.16666669,-0.16666664,0.1,-0.0026062315,-0.008275621,518.0,1.0,23160,9,0.2,1.0,0.1,0,8,0.05
46,46,0.0,-1.8320038,-0.9745833,-0.6873572,-0.6556464,-0.74279946,-0.69294304,-0.5284898,-0.055421658,0.0,0.16666669,-0.5,-0.16666664,0.5,-0.5,0.5,-0.16666664,0.16666669,0.1,-0.003392191,-0.010017099,959.0,1.0,23160,9,0.2,1.0,0.1,0,8,0.05
47,47,0.0,-1.831956,-0.97452855,-0.6873321,-0.6556436,-0.7428144,-0.6929269,-0.5284758,-0.055419467,0.0,-0.16666664,-0.16666664,0.16666669,-0.16666664,-0.5,0.16666669,0.5,-0.16666664,0.1,-0.0020902508,-0.010017098,773.0,1.0,23160,9,0.2,1.0,0.1,0,8,0.05
48,48,0.0,-1.8318895,-0.9744418,-0.6872963,-0.6556704,-0.7428099,-0.6929125,-0.52847147,-0.055417288,0.0,-0.16666664,0.16666669,-0.16666664,0.16666669,0.5,0.5,-0.5,0.16666669,0.1,-0.0028151157,-0.010017097,672.0,1.0,23160,9,0.2,1.0,0.1,0,8,0.05
49,49,0.0,-1.8319268,-0.97458506,-0.6873655,-0.6556414,-0.7427906,-0.6929518,-0.528485,-0.055420913,0.0,0.5,-0.5,0.16666669,0.5,-0.5,0.5,-0.5,-0.16666664,0.1,-0.0029072568,-0.0100171035,1372.0,1.0,23160,9,0.2,1.0,0.1,0,8,0.05
50,50,0.0,-1.8318055,-0.97411203,-0.6871618,-0.6557095,-0.74285436,-0.6928835,-0.5284305,-0.055412784,0.0,-0.16666664,0.5,-0.5,0.16666669,-0.5,0.5,0.5,0.16666669,0.1,-0.0031306457,-0.010017106,595.0,1.0,23160,9,0.2,1.0,0.1,0,8,0.05
51,51,0.0,-1.8319824,-0.9745358,-0.68733686,-0.65565175,-0.7427851,-0.6929466,-0.5284791,-0.05541998,0.0,-0.16666664,0.16666669,0.5,-0.5,0.16666669,0.16666669,-0.16666664,0.16666669,0.1,-0.0042936658,-0.010017095,526.0,1.0,23160,9,0.2,1.0,0.1,0,8,0.05
52,52,0.0,4.0001917,-0.44954208,-0.6802048,-0.7286596,-0.7354888,-0.71721935,-0.5698592,-0.09517742,0.0,0.16666669,-0.5,-0.16666664,0.5,0.5,-0.5,-0.5,-0.16666664,0.1,-0.0029768262,-0.009800995,1199.0,1.0,23160,9,0.2,1.0,0.1,0,8,0.05
53,53,0.0,-1.831958,-0.97454345,-0.6873434,-0.6556825,-0.7427663,-0.69295645,-0.52848464,-0.055421203,0.0,0.16666669,-0.5,0.16666669,0.5,-0.16666664,0.16666669,-0.16666664,-0.16666664,0.1,-0.0031505984,-0.010017095,721.0,1.0,23160,9,0.2,1.0,0.1,0,8,0.05
54,54,0.0,-0.32939827,-0.94702935,-0.73731893,-0.5794125,4.001071,-0.4552416,3.4176965,-0.3102498,0.0,-0.5,-0.5,-0.5,-0.5,0.16666669,-0.16666664,0.5,-0.16666664,0.1,-0.0026186693,-0.0056238878,470.0,1.0,23160,9,0.2,1.0,0.1,0,8,0.05
55,55,0.0,-1.8320504,-0.9746014,-0.6873657,-0.65564,-0.7427884,-0.69295394,-0.528491,-0.055422224,0.0,0.5,-0.5,0.16666669,-0.16666664,-0.16666664,0.16666669,-0.16666664,-0.5,0.1,-0.0025981076,-0.010017102,1300.0,1.0,23160,9,0.2,1.0,0.1,0,8,0.05
56,56,0.0,4.002282,-0.4959107,-0.3713901,3.4910097,2.18416,-0.34738764,-0.51065516,-0.10927729,0.0,0.5,-0.16666664,-0.16666664,0.5,0.5,-0.5,-0.16666664,-0.16666664,0.1,-0.0033002004,-0.00792225,364.0,1.0,23160,9,0.2,1.0,0.1,0,8,0.05
57,57,0.0,-1.8318195,-0.97425973,-0.6872118,-0.6556797,-0.7428556,-0.69287556,-0.5284463,-0.055413816,0.0,-0.5,-0.16666664,-0.16666664,-0.5,-0.16666664,0.16666669,-0.16666664,0.5,0.1,-0.006219549,-0.010017098,395.0,1.0,23160,9,0.2,1.0,0.1,0,8,0.05
58,58,0.0,-1.8318772,-0.97429574,-0.68722624,-0.6556686,-0.74286973,-0.6928546,-0.5284618,-0.0554136,0.0,0.5,0.5,0.16666669,-0.5,-0.16666664,0.5,0.16666669,-0.16666664,0.1,-0.0027563523,-0.0100171035,481.0,1.0,23160,9,0.2,1.0,0.1,0,8,0.05
59,59,0.0,-1.8318917,-0.97446126,-0.6873177,-0.65567434,-0.7427436,-0.692964,-0.52846044,-0.05541687,0.0,0.5,0.5,0.5,-0.16666664,0.5,-0.16666664,0.5,0.16666669,0.1,-0.0032930789,-0.010017097,527.0,1.0,23160,9,0.2,1.0,0.1,0,8,0.05
60,60,0.0,-1.8320363,-0.974593,-0.6873641,-0.65564513,-0.7427787,-0.6929544,-0.52849054,-0.05542181,0.0,0.5,0.5,0.5,0.5,0.5,0.5,-0.16666664,-0.5,0.1,-0.0018220844,-0.010017102,1020.0,1.0,23160,9,0.2,1.0,0.1,0,8,0.05
61,61,0.0,-2.0640996,-1.1361773,-0.7803637,-0.5942324,-0.44547504,4.0007215,-0.30531633,-0.057321545,0.0,-0.5,-0.16666664,-0.5,-0.16666664,-0.5,0.5,-0.5,-0.5,0.1,-0.0027324948,-0.009001606,464.0,1.0,23160,9,0.2,1.0,0.1,0,8,0.05
62,62,0.0,-1.832024,-0.9745255,-0.687351,-0.6556782,-0.7426918,-0.69298506,-0.5284814,-0.055418383,0.0,0.5,0.16666669,-0.16666664,0.16666669,0.5,-0.5,-0.16666664,0.5,0.1,-0.004738418,-0.010017092,651.0,1.0,23160,9,0.2,1.0,0.1,0,8,0.05
63,63,0.0,-0.27503064,4.00309,-0.40212068,3.0584347,-0.6298039,-0.553017,2.7542684,-0.31747052,0.0,-0.16666664,0.5,-0.16666664,0.5,-0.5,-0.5,0.5,-0.16666664,0.1,-0.0030045775,-0.0053027184,210.0,1.0,23160,9,0.2,1.0,0.1,0,8,0.05
64,64,0.0,-1.8319331,-0.9745097,-0.6873675,-0.6557144,-0.74254054,-0.69301975,-0.52847815,-0.055412672,0.0,-0.5,-0.5,-0.5,-0.5,0.16666669,0.16666669,-0.16666664,0.16666669,0.1,-0.004757569,-0.010017103,554.0,1.0,23160,9,0.2,1.0,0.1,0,8,0.05
65,65,0.0,-1.8319982,-0.97452205,-0.6873294,-0.6556668,-0.7427911,-0.6929503,-0.52847385,-0.05542095,0.0,-0.5,-0.5,0.5,0.5,-0.5,0.16666669,0.5,-0.16666664,0.1,-0.0018943342,-0.0100171,733.0,1.0,23160,9,0.2,1.0,0.1,0,8,0.05
66,66,0.0,-1.831929,-0.97439975,-0.6872641,-0.6557243,-0.7427729,-0.69295317,-0.5284436,-0.055417657,0.0,0.5,0.5,0.16666669,0.5,-0.5,-0.5,0.5,-0.16666664,0.1,-0.0027308727,-0.010017103,331.0,1.0,23160,9,0.2,1.0,0.1,0,8,0.05
67,67,0.0,-1.8319466,-0.9745661,-0.68735695,-0.6556463,-0.7427882,-0.6929579,-0.5284785,-0.05542111,0.0,0.5,0.16666669,0.16666669,-0.16666664,0.16666669,0.16666669,0.5,0.5,0.1,-0.0052350173,-0.010017096,1049.0,1.0,23160,9,0.2,1.0,0.1,0,8,0.05
68,68,0.0,-1.8318101,-0.9740645,-0.68716544,-0.6557497,-0.74273455,-0.6929345,-0.52843684,-0.055410497,0.0,0.16666669,0.5,-0.5,-0.16666664,0.5,-0.5,0.16666669,0.16666669,0.1,-0.0039181635,-0.0100171035,559.0,1.0,23160,9,0.2,1.0,0.1,0,8,0.05
69,69,0.0,-0.7904888,4.000306,-0.69475085,-0.5639495,-0.6420799,-0.711696,-0.55055463,-0.062481105,0.0,-0.5,0.5,-0.16666664,-0.16666664,-0.5,-0.16666664,-0.16666664,-0.5,0.1,-0.0031808352,-0.009452628,722.0,1.0,23160,9,0.2,1.0,0.1,0,8,0.05
70,70,0.0,-1.8319808,-0.9745679,-0.6873605,-0.6556589,-0.7427541,-0.6929637,-0.5284859,-0.0554205,0.0,0.5,0.16666669,0.16666669,0.16666669,0.5,0.16666669,-0.16666664,-0.16666664,0.1,-0.003167947,-0.0100171035,867.0,1.0,23160,9,0.2,1.0,0.1,0,8,0.05
71,71,0.0,-1.832061,-0.9746011,-0.6873662,-0.6556396,-0.7427925,-0.692955,-0.5284908,-0.055422723,0.0,0.16666669,-0.5,0.16666669,-0.5,-0.16666664,0.16666669,-0.16666664,0.5,0.1,-0.0070401817,-0.010017104,880.0,1.0,23160,9,0.2,1.0,0.1,0,8,0.05
72,72,0.0,4.001683,-0.49842796,-0.3101042,3.4574375,-0.27987868,2.672717,-0.29840896,-0.09687054,0.0,0.5,-0.5,-0.5,0.5,-0.5,0.5,-0.16666664,-0.5,0.1,-0.0024950386,-0.0078932615,206.0,1.0,23160,9,0.2,1.0,0.1,0,8,0.05
73,73,0.0,-1.8319936,-0.9745441,-0.6873398,-0.6556643,-0.7427931,-0.6929448,-0.52848345,-0.055421423,0.0,-0.5,-0.5,-0.5,0.16666669,-0.5,-0.16666664,0.5,-0.16666664,0.1,-0.0027043791,-0.0100171035,845.0,1.0,23160,9,0.2,1.0,0.1,0,8,0.05
74,74,0.0,-1.8331552,-0.97420245,-0.6869922,-0.6557121,-0.7429199,-0.6929287,-0.52837664,-0.055426948,0.0,-0.5,-0.5,-0.16666664,-0.16666664,-0.5,-0.5,0.16666669,-0.16666664,0.1,-0.0038567993,-0.010017098,250.0,1.0,23160,9,0.2,1.0,0.1,0,8,0.05
75,75,0.0,-1.8369658,-0.9751868,-0.6876128,-0.65575033,-0.74198353,-0.69336665,-0.52870035,-0.055467747,0.0,0.16666669,-0.16666664,0.16666669,-0.5,0.5,0.16666669,-0.16666664,0.16666669,0.1,-0.0039583887,-0.010017105,476.0,1.0,23160,9,0.2,1.0,0.1,0,8,0.05
76,76,0.0,-1.7069428,-0.8778529,-0.58081615,-0.45341945,4.002286,-0.42974415,-0.45265368,-0.06366644,0.0,0.16666669,-0.5,-0.16666664,-0.5,0.5,-0.5,-0.5,-0.16666664,0.1,-0.004303654,-0.009391384,623.0,1.0,23160,9,0.2,1.0,0.1,0,8,0.05
77,77,0.0,-1.8317231,-0.9740172,-0.6871348,-0.65573937,-0.7428215,-0.692904,-0.52842844,-0.05541193,0.0,0.5,0.16666669,-0.16666664,-0.5,0.16666669,-0.5,-0.5,-0.16666664,0.1,-0.003863311,-0.010017093,891.0,1.0,23160,9,0.2,1.0,0.1,0,8,0.05
78,78,0.0,-1.8319393,-0.97459894,-0.6873721,-0.6556392,-0.7427885,-0.6929553,-0.5284873,-0.055421453,0.0,0.16666669,-0.5,0.5,-0.16666664,-0.16666664,-0.16666664,-0.5,0.5,0.1,-0.00486136,-0.0100171,1201.0,1.0,23160,9,0.2,1.0,0.1,0,8,0.05
79,79,0.0,-1.8317145,-0.9736829,-0.6869861,-0.6557925,-0.7428577,-0.69285554,-0.52839243,-0.055406213,0.0,0.16666669,0.5,-0.5,-0.16666664,0.16666669,0.5,-0.16666664,-0.5,0.1,-0.0021089532,-0.010017101,489.0,1.0,23160,9,0.2,1.0,0.1,0,8,0.05
80,80,0.0,-1.8319908,-0.9744769,-0.687297,-0.65566546,-0.7428241,-0.6928937,-0.52847636,-0.055417538,0.0,0.16666669,0.5,0.5,0.16666669,0.16666669,0.5,-0.16666664,-0.16666664,0.1,-0.0024134468,-0.0100171035,446.0,1.0,23160,9,0.2,1.0,0.1,0,8,0.05
81,81,0.0,-1.8320057,-0.97459155,-0.68735987,-0.6556378,-0.74280065,-0.6929452,-0.5284851,-0.055421423,0.0,0.5,-0.5,-0.16666664,-0.16666664,-0.5,0.16666669,0.5,-0.16666664,0.1,-0.0020055163,-0.010017101,1086.0,1.0,23160,9,0.2,1.0,0.1,0,8,0.05
82,82,0.0,-1.8319931,-0.9744991,-0.6873316,-0.6556667,-0.7427672,-0.69295925,-0.5284782,-0.055420414,0.0,-0.5,0.5,-0.5,0.16666669,0.5,-0.16666664,-0.5,0.5,0.1,-0.004058232,-0.010017108,985.0,1.0,23160,9,0.2,1.0,0.1,0,8,0.05
83,83,0.0,-1.386095,-0.32810342,4.001454,-0.49660248,-0.672992,-0.6424442,-0.48666105,-0.06881693,0.0,-0.16666664,-0.5,0.5,0.16666669,-0.5,-0.16666664,-0.5,0.16666669,0.1,-0.00480558,-0.009506786,1558.0,1.0,23160,9,0.2,1.0,0.1,0,8,0.05
84,84,0.0,-0.6096643,4.0004163,-0.49603042,-0.35815912,3.493617,-0.38147897,-0.4540645,-0.06068026,0.0,-0.16666664,0.5,0.16666669,-0.16666664,0.5,-0.5,-0.16666664,-0.16666664,0.1,-0.0034040145,-0.008743279,808.0,1.0,23160,9,0.2,1.0,0.1,0,8,0.05
85,85,0.0,-1.8319477,-0.97446764,-0.6873162,-0.6556871,-0.74275047,-0.69295734,-0.52847296,-0.0554192,0.0,-0.5,-0.5,-0.5,0.16666669,0.16666669,0.16666669,-0.16666664,0.16666669,0.1,-0.005247307,-0.010017106,533.0,1.0,23160,9,0.2,1.0,0.1,0,8,0.05
86,86,0.0,-1.8397809,-0.9753758,-0.6875378,-0.6557362,-0.7420466,-0.6934167,-0.52878976,-0.055504423,0.0,-0.16666664,0.16666669,0.5,-0.5,0.16666669,-0.16666664,0.5,-0.16666664,0.1,-0.0024414163,-0.010017112,464.0,1.0,23160,9,0.2,1.0,0.1,0,8,0.05
87,87,0.0,-1.8403094,-0.9754314,-0.6875597,-0.65576637,-0.74199724,-0.69347715,-0.52880716,-0.05551358,0.0,0.16666669,0.16666669,0.5,-0.16666664,0.16666669,0.5,-0.5,-0.5,0.1,-0.0017924675,-0.0100171035,476.0,1.0,23160,9,0.2,1.0,0.1,0,8,0.05
88,88,0.0,-1.8319496,-0.97452176,-0.6873214,-0.6556729,-0.7427901,-0.6929565,-0.5284563,-0.055419646,0.0,0.5,-0.16666664,-0.5,0.5,-0.5,0.16666669,0.5,0.16666669,0.1,-0.0032750599,-0.010017106,423.0,1.0,23160,9,0.2,1.0,0.1,0,8,0.05
89,89,0.0,-1.8319958,-0.9744325,-0.68729496,-0.6556698,-0.742806,-0.69294417,-0.52846754,-0.0554203,0.0,-0.5,0.5,-0.16666664,0.16666669,-0.5,0.16666669,0.5,0.16666669,0.1,-0.0029298847,-0.010017105,999.0,1.0,23160,9,0.2,1.0,0.1,0,8,0.05
90,90,0.0,-1.8319069,-0.97453564,-0.6873451,-0.65564984,-0.7427923,-0.6929478,-0.5284813,-0.055420328,0.0,0.5,0.16666669,-0.5,-0.16666664,0.16666669,0.16666669,-0.16666664,0.16666669,0.1,-0.00478124,-0.010017104,1298.0,1.0,23160,9,0.2,1.0,0.1,0,8,0.05
91,91,0.0,-1.8320467,-0.974566,-0.6873472,-0.6556539,-0.7427963,-0.69294864,-0.5284878,-0.05542232,0.0,-0.16666664,-0.5,-0.5,0.5,-0.5,0.5,0.16666669,0.16666669,0.1,-0.0035703022,-0.0100171,935.0,1.0,23160,9,0.2,1.0,0.1,0,8,0.05
92,92,0.0,-1.8315959,-0.97364324,-0.6869767,-0.6557951,-0.7428783,-0.6928506,-0.5283885,-0.055406116,0.0,-0.5,0.5,-0.5,0.16666669,-0.5,0.16666669,-0.5,0.16666669,0.1,-0.004473616,-0.010017099,767.0,1.0,23160,9,0.2,1.0,0.1,0,8,0.05
93,93,0.0,-1.8319604,-0.97453463,-0.68733853,-0.65566874,-0.7427847,-0.69295424,-0.5284808,-0.055421308,0.0,0.16666669,-0.16666664,-0.16666664,0.5,0.16666669,-0.16666664,0.16666669,0.16666669,0.1,-0.004047559,-0.0100171,846.0,1.0,23160,9,0.2,1.0,0.1,0,8,0.05
94,94,0.0,-1.8318591,-0.97433054,-0.6872613,-0.6556836,-0.74280727,-0.69293314,-0.5284608,-0.055417836,0.0,-0.16666664,0.5,-0.16666664,-0.5,0.16666669,-0.5,0.16666669,0.5,0.1,-0.0055870255,-0.010017105,946.0,1.0,23160,9,0.2,1.0,0.1,0,8,0.05
95,95,0.0,-1.8319641,-0.97460485,-0.6873786,-0.6556382,-0.7427871,-0.69295835,-0.5284886,-0.05542176,0.0,0.16666669,-0.5,0.5,0.16666669,0.16666669,-0.5,0.16666669,0.16666669,0.1,-0.004170546,-0.010017099,1278.0,1.0,23160,9,0.2,1.0,0.1,0,8,0.05
96,96,0.0,-1.8323232,-0.97328275,-0.68680036,-0.6558579,-0.74292314,-0.6928386,-0.5283708,-0.05541159,0.0,-0.16666664,0.5,-0.16666664,-0.16666664,0.5,-0.5,0.16666669,-0.16666664,0.1,-0.002659993,-0.010017106,716.0,1.0,23160,9,0.2,1.0,0.1,0,8,0.05
97,97,0.0,-1.8318653,-0.9743551,-0.6872327,-0.65569687,-0.74281937,-0.69291127,-0.52845484,-0.05541667,0.0,-0.16666664,-0.16666664,0.16666669,0.5,-0.5,0.5,-0.5,-0.16666664,0.1,-0.0025335695,-0.0100171035,538.0,1.0,23160,9,0.2,1.0,0.1,0,8,0.05
98,98,0.0,-1.8320072,-0.9745277,-0.6873731,-0.6556936,-0.74260557,-0.6930099,-0.52848077,-0.055415478,0.0,0.5,0.5,0.5,-0.16666664,0.5,-0.16666664,0.16666669,-0.5,0.1,-0.0016325267,-0.010017102,531.0,1.0,23160,9,0.2,1.0,0.1,0,8,0.05
99,99,0.0,-1.284273,-0.31535718,4.0018606,-0.31265154,3.146737,-0.38024938,-0.43677995,-0.06272351,0.0,-0.5,-0.5,0.5,-0.5,0.5,0.16666669,-0.16666664,-0.16666664,0.1,-0.0031979065,-0.008612684,519.0,1.0,23160,9,0.2,1.0,0.1,0,8,0.05
