,Unnamed: 0,e1,e2,e3,e4,e5,e6,e7,e8,e9,e10,e0_1,e0_2,e0_3,e0_4,e0_5,e0_6,e0_7,e0_8,e0_9,e0_10,Gamma,eta0,eta,count,success,seed,N,Jmax,alpha,gleak,ex,lk
0,89,0.0,-0.36962566,-0.6837606,14.331141,-0.6564836,-0.5790914,14.279129,-0.8073635,-0.39606556,-0.014108685,0.0,-0.33333328,-0.33333328,0.33333337,-0.33333328,-1.0,0.33333337,-1.0,-0.33333328,-1.0,0.0,-2.0752921e-07,-0.015921516,100001.0,0.0,16804,10,0.2,1.0,0.1,0,9
1,9,0.0,-0.40898332,-0.72066706,4.8233924,4.78404,-0.7014156,4.6070333,-0.68636435,-0.438759,-0.006874479,0.0,-0.33333328,-1.0,1.0,1.0,-0.33333328,1.0,-0.33333328,-0.33333328,1.0,0.0,-0.00011758962,-0.015886422,42377.0,1.0,16804,10,0.2,1.0,0.1,0,9
2,3,0.0,-0.37964413,-0.6905418,1.294136,1.176216,-0.7742776,-0.8914355,-0.85002416,-0.44194505,-0.020936709,0.0,-0.33333328,-0.33333328,1.0,1.0,-0.33333328,-1.0,0.33333337,0.33333337,-0.33333328,0.0,-1.7221624e-05,-0.01523377,100001.0,0.0,16804,10,0.2,1.0,0.1,0,9
3,25,0.0,-0.6921977,-1.0718249,-1.0797148,-0.70293105,73.86185,-1.3960402,-1.413325,-0.7397802,-0.0028351438,0.0,-0.33333328,-1.0,-1.0,-0.33333328,1.0,-1.0,-1.0,-0.33333328,-0.33333328,0.0,-0.0014101135,-0.0150471255,33123.0,1.0,16804,10,0.2,1.0,0.1,0,9
4,2,0.0,-0.4058124,-0.71136165,2.5135849,-1.1938496,2.4203541,-0.68283194,-1.1517029,-0.41028807,-0.013782938,0.0,-0.33333328,-1.0,1.0,-1.0,0.33333337,-1.0,-1.0,-1.0,-1.0,0.0,-6.260207e-05,-0.014959104,10844.0,1.0,16804,10,0.2,1.0,0.1,0,9
5,71,0.0,15.030855,-0.28891766,-0.5839839,-0.68488556,-0.66469896,14.277333,-0.20867456,15.009176,-0.026012072,0.0,1.0,-0.33333328,-1.0,-1.0,-1.0,0.33333337,-0.33333328,1.0,-0.33333328,0.0,-0.00021932158,-0.01488095,100001.0,0.0,16804,10,0.2,1.0,0.1,0,9
6,94,0.0,4.0937204,-0.15958871,4.005135,-0.3020262,3.94031,-0.37899762,-0.31850404,3.9971402,-0.017433278,0.0,1.0,-0.33333328,0.33333337,-1.0,1.0,-1.0,-1.0,1.0,0.33333337,0.0,-0.00012027722,-0.014104726,76383.0,1.0,16804,10,0.2,1.0,0.1,0,9
7,96,0.0,-0.42701772,-0.72846717,1.9207407,1.8953489,5.5235925,1.7106664,-0.64196306,-0.45881596,0.00081271655,0.0,-0.33333328,-0.33333328,0.33333337,0.33333337,1.0,0.33333337,-1.0,-0.33333328,0.33333337,0.0,-5.516507e-07,-0.012984191,273.0,1.0,16804,10,0.2,1.0,0.1,0,9
8,75,0.0,-0.3014575,4.35361,-0.54228866,4.1879125,-0.4018073,88.67545,4.361125,-0.31264532,0.00042908796,0.0,-0.33333328,0.33333337,-0.33333328,0.33333337,-1.0,1.0,0.33333337,-0.33333328,0.33333337,0.0,-1.5163382e-05,-0.01296625,100001.0,0.0,16804,10,0.2,1.0,0.1,0,9
9,55,0.0,-0.5218351,-0.8246861,2.5032856,0.91781694,-0.0028887936,2.4352958,-0.7371793,-0.54304755,-0.014849442,0.0,-0.33333328,-0.33333328,1.0,0.33333337,0.33333337,1.0,-0.33333328,-0.33333328,1.0,0.0,-9.0630565e-06,-0.012657876,313.0,1.0,16804,10,0.2,1.0,0.1,0,9
10,34,0.0,-0.440082,8.505449,8.224693,8.211276,-0.8566574,7.9440594,8.493733,-0.44404402,-0.0070804986,0.0,-0.33333328,1.0,0.33333337,0.33333337,-1.0,0.33333337,1.0,-1.0,0.33333337,0.0,-7.227024e-05,-0.012631978,100001.0,0.0,16804,10,0.2,1.0,0.1,0,9
11,58,0.0,-0.33000058,1.6248745,1.4194287,-0.5869085,1.5161651,-0.7224202,-0.7198102,-0.52659965,-0.043370735,0.0,-0.33333328,1.0,1.0,-0.33333328,1.0,-1.0,-0.33333328,-0.33333328,-0.33333328,0.0,-0.00084422523,-0.012361339,100001.0,0.0,16804,10,0.2,1.0,0.1,0,9
12,87,0.0,1.37121,1.3699166,-0.2129519,-0.31716797,1.3229502,-0.57877904,-0.17341276,1.159959,-0.005872232,0.0,1.0,1.0,-0.33333328,-0.33333328,1.0,-1.0,-0.33333328,1.0,-0.33333328,0.0,-4.0617315e-06,-0.012030071,413.0,1.0,16804,10,0.2,1.0,0.1,0,9
13,50,0.0,-0.63631773,7.8789005,7.7071776,7.9166255,-0.049739435,7.2727685,7.7595453,-0.6347001,-0.021440245,0.0,-1.0,1.0,0.33333337,0.33333337,-0.33333328,0.33333337,1.0,-1.0,0.33333337,0.0,-0.00015759567,-0.011800902,100001.0,0.0,16804,10,0.2,1.0,0.1,0,9
14,43,0.0,18.04926,-0.48426494,-0.74400353,-0.77201897,17.757963,-0.48374894,17.68711,17.882256,0.0070897676,0.0,1.0,-0.33333328,-1.0,-0.33333328,0.33333337,-0.33333328,1.0,0.33333337,-1.0,0.0,-5.617785e-06,-0.01131403,42220.0,1.0,16804,10,0.2,1.0,0.1,0,9
15,83,0.0,1.6131048,1.9031126,1.5214884,-0.10189734,1.8082014,-0.284576,-0.41672313,1.4952791,-0.027565569,0.0,1.0,1.0,0.33333337,-0.33333328,1.0,-0.33333328,-1.0,0.33333337,-0.33333328,0.0,-1.5606629e-05,-0.011230848,1638.0,1.0,16804,10,0.2,1.0,0.1,0,9
16,17,0.0,7.276775,6.898124,6.8241253,-25.553076,7.2667813,-0.29990909,-0.38659498,7.2813,-0.056808762,0.0,1.0,1.0,0.33333337,-1.0,1.0,-0.33333328,-0.33333328,1.0,-0.33333328,0.0,-7.5881676e-06,-0.011066345,100001.0,0.0,16804,10,0.2,1.0,0.1,0,9
17,39,0.0,5.902943,5.5406485,4.5663843,5.4849443,-0.34305307,-0.56008524,-0.57180685,5.9967566,-0.048062883,0.0,0.33333337,0.33333337,0.33333337,0.33333337,-0.33333328,-0.33333328,-0.33333328,1.0,-1.0,0.0,-3.6771355e-05,-0.010648115,74046.0,1.0,16804,10,0.2,1.0,0.1,0,9
18,15,0.0,-0.12220503,-0.5166737,-0.6927028,-0.7120933,-0.87634575,-0.5676066,-0.39406452,29.043255,-0.039249524,0.0,-0.33333328,-1.0,-0.33333328,-0.33333328,-0.33333328,-0.33333328,-1.0,1.0,-1.0,0.0,-0.00011109727,-0.0105360765,2378.0,1.0,16804,10,0.2,1.0,0.1,0,9
19,28,0.0,-0.074079,-0.17602912,0.76149136,-0.39407265,-0.4249281,-0.8949133,-0.6468327,-0.24823886,0.053046107,0.0,0.33333337,0.33333337,1.0,-0.33333328,-1.0,-1.0,-1.0,-1.0,1.0,0.0,-1.7767845e-05,-0.010350999,2526.0,1.0,16804,10,0.2,1.0,0.1,0,9
20,23,0.0,8.033887,-0.08429569,6.5210495,-0.21774442,6.412306,-0.13729705,6.4793286,8.003547,-0.033095695,0.0,1.0,-1.0,1.0,-1.0,0.33333337,-1.0,0.33333337,1.0,0.33333337,0.0,-7.298435e-05,-0.0103033185,33597.0,1.0,16804,10,0.2,1.0,0.1,0,9
21,74,0.0,0.42064783,-0.23486626,-0.4451756,-0.4634765,4.814332,-0.20919602,4.7700734,0.5286122,-0.021026904,0.0,0.33333337,-0.33333328,-0.33333328,-1.0,1.0,-1.0,1.0,0.33333337,0.33333337,0.0,-4.781575e-05,-0.010127655,307.0,1.0,16804,10,0.2,1.0,0.1,0,9
22,10,0.0,-0.86515903,4.7914824,-0.19409995,-0.82657576,-0.27531576,36.621773,4.772921,-0.8816553,-0.043419402,0.0,-0.33333328,1.0,-0.33333328,-0.33333328,-0.33333328,1.0,0.33333337,-1.0,-1.0,0.0,-2.4203338e-05,-0.009969063,4760.0,1.0,16804,10,0.2,1.0,0.1,0,9
23,62,0.0,1.5057908,1.0944713,1.0296971,-0.20637801,-0.27570474,18.20404,1.5493554,-0.7079124,-0.081452936,0.0,0.33333337,0.33333337,0.33333337,-0.33333328,-1.0,1.0,0.33333337,-1.0,1.0,0.0,-4.573752e-06,-0.009673544,3936.0,1.0,16804,10,0.2,1.0,0.1,0,9
24,13,0.0,1.6340034,-0.36742026,-0.5233211,1.2706404,1.1414372,1.2822293,-0.28392914,-0.74285287,-0.10157986,0.0,0.33333337,-1.0,-1.0,0.33333337,0.33333337,0.33333337,-1.0,-1.0,-0.33333328,0.0,-0.00013039474,-0.009575763,89897.0,1.0,16804,10,0.2,1.0,0.1,0,9
25,16,0.0,3.2294784,2.8101733,2.6235826,2.6164749,2.44693,2.888566,2.9826753,-0.2590393,-0.1444397,0.0,0.33333337,0.33333337,1.0,0.33333337,0.33333337,0.33333337,0.33333337,-1.0,1.0,0.0,-3.777797e-06,-0.009359051,15277.0,1.0,16804,10,0.2,1.0,0.1,0,9
26,46,0.0,0.9927441,0.6907576,-2.060681,-0.27786124,-0.3640167,-2.08754,1.0054501,-0.5767335,-0.10075422,0.0,0.33333337,0.33333337,-1.0,-0.33333328,-0.33333328,-1.0,0.33333337,-1.0,-1.0,0.0,-2.7619642e-06,-0.009314514,2219.0,1.0,16804,10,0.2,1.0,0.1,0,9
27,57,0.0,-0.6339253,1.8726538,1.9970782,63.28828,-0.0785681,-1.0855232,1.6997885,-0.64469516,-0.020476082,0.0,-0.33333328,0.33333337,1.0,1.0,-0.33333328,-1.0,0.33333337,-0.33333328,1.0,0.0,-2.6136277e-06,-0.009241375,100001.0,0.0,16804,10,0.2,1.0,0.1,0,9
28,99,0.0,8.2337885,7.7687225,7.623979,7.601152,6.8814197,6.8430166,7.4987574,8.245026,0.0005698837,0.0,1.0,0.33333337,0.33333337,0.33333337,1.0,-0.33333328,1.0,1.0,-0.33333328,0.0,-6.101426e-05,-0.00910272,100001.0,0.0,16804,10,0.2,1.0,0.1,0,9
29,95,0.0,-0.80848664,2.7377045,-0.48110452,-0.6013266,2.6030104,6.5852857,2.6830363,-0.8191033,0.00072869397,0.0,-0.33333328,0.33333337,-0.33333328,-0.33333328,0.33333337,1.0,0.33333337,-1.0,1.0,0.0,-3.5867001e-06,-0.008910544,1872.0,1.0,16804,10,0.2,1.0,0.1,0,9
30,35,0.0,6.5414495,6.1034846,5.885724,5.9138923,5.5674267,5.5452557,6.2616234,6.428345,0.00022033018,0.0,1.0,1.0,0.33333337,1.0,1.0,1.0,1.0,0.33333337,0.33333337,0.0,-3.6298024e-05,-0.008891761,33123.0,1.0,16804,10,0.2,1.0,0.1,0,9
31,7,0.0,1.7944903,1.483275,-0.41218734,1.7077725,-0.7394637,-0.79086107,1.6922419,-0.28531432,-0.15632601,0.0,1.0,0.33333337,-0.33333328,1.0,-1.0,-1.0,1.0,-0.33333328,0.33333337,0.0,-0.00017546763,-0.008835624,2516.0,1.0,16804,10,0.2,1.0,0.1,0,9
32,38,0.0,-0.87975425,-1.1910009,34.54746,-1.1709232,-1.1454153,34.416737,-0.97895974,34.52265,0.042074844,0.0,-0.33333328,-0.33333328,1.0,-0.33333328,-0.33333328,1.0,-1.0,1.0,0.33333337,0.0,-3.054342e-05,-0.008570796,100001.0,0.0,16804,10,0.2,1.0,0.1,0,9
33,56,0.0,-0.32244545,10.034449,0.73491555,9.511801,-0.4515363,8.854374,9.9854145,-0.34279704,-0.0065045217,0.0,-0.33333328,1.0,1.0,0.33333337,-1.0,1.0,0.33333337,-0.33333328,-0.33333328,0.0,-7.646276e-05,-0.008247121,100001.0,0.0,16804,10,0.2,1.0,0.1,0,9
34,51,0.0,0.5532547,-0.46856415,-0.32401723,-0.46026692,-0.52963626,0.47316006,90.64703,-0.52948976,-0.11555178,0.0,0.33333337,-0.33333328,-0.33333328,-1.0,-1.0,0.33333337,1.0,-0.33333328,1.0,0.0,-2.8162582e-05,-0.008182685,15896.0,1.0,16804,10,0.2,1.0,0.1,0,9
35,86,0.0,14.2012825,13.907137,-40.86738,-0.08460001,13.52723,12.917903,13.508736,14.201485,-0.011525228,0.0,1.0,1.0,-1.0,-0.33333328,0.33333337,0.33333337,1.0,0.33333337,-1.0,0.0,-2.061953e-06,-0.008019458,100001.0,0.0,16804,10,0.2,1.0,0.1,0,9
36,65,0.0,22.189198,-0.72715527,-0.6596289,21.167255,19.594305,21.104387,-0.8754889,22.170141,0.00080940017,0.0,0.33333337,-0.33333328,-1.0,0.33333337,0.33333337,0.33333337,-1.0,1.0,-0.33333328,0.0,-5.5393216e-06,-0.0077703963,93913.0,1.0,16804,10,0.2,1.0,0.1,0,9
37,92,0.0,1.6650765,1.3557436,-3.6465602,-3.7492404,1.5068779,-0.117223375,1.5715663,-0.47441003,-0.123105325,0.0,1.0,0.33333337,-1.0,-1.0,1.0,-0.33333328,0.33333337,-0.33333328,-0.33333328,0.0,-0.00018331074,-0.0076900134,1492.0,1.0,16804,10,0.2,1.0,0.1,0,9
38,81,0.0,1.1882178,0.8084044,0.94762385,-0.20821811,-0.3510792,-0.30854166,0.5285756,-0.5948206,-0.053168416,0.0,1.0,1.0,1.0,-0.33333328,-1.0,-1.0,0.33333337,-1.0,-0.33333328,0.0,-0.00017235846,-0.0075600296,673.0,1.0,16804,10,0.2,1.0,0.1,0,9
39,37,0.0,-0.75834996,0.6832598,0.87581104,0.1475094,0.24122947,0.28261772,-0.0047576195,-0.73719686,-0.051586114,0.0,-1.0,0.33333337,1.0,-0.33333328,-0.33333328,0.33333337,0.33333337,-1.0,-1.0,0.0,-9.789076e-06,-0.0074997814,100001.0,0.0,16804,10,0.2,1.0,0.1,0,9
40,78,0.0,-0.5224118,-0.83029807,15.502321,-0.68673277,15.299903,15.282853,-0.6918567,-0.08107214,-0.38153884,0.0,-1.0,-1.0,1.0,-1.0,1.0,0.33333337,-1.0,-0.33333328,-1.0,0.0,-3.9500894e-05,-0.0074625337,21857.0,1.0,16804,10,0.2,1.0,0.1,0,9
41,54,0.0,-0.38398957,0.4642447,0.015900943,4.77849,-1.6454494,-0.7497605,-0.8294211,-0.6071273,-0.08761488,0.0,-0.33333328,0.33333337,0.33333337,1.0,-1.0,-0.33333328,-0.33333328,-0.33333328,0.33333337,0.0,-0.00011000482,-0.0074258954,212.0,1.0,16804,10,0.2,1.0,0.1,0,9
42,32,0.0,6.895716,-0.35361898,6.3324,6.53752,-0.4082187,6.4472914,6.6132812,6.306009,0.005822918,0.0,1.0,-0.33333328,0.33333337,1.0,-1.0,1.0,1.0,0.33333337,0.33333337,0.0,-4.405924e-05,-0.007067445,100001.0,0.0,16804,10,0.2,1.0,0.1,0,9
43,6,0.0,1.2739245,-1.2802665,-1.0855279,1.0267996,-1.1056048,1.1057451,-0.18856916,-1.3443557,-0.117996015,0.0,1.0,-1.0,-1.0,1.0,-1.0,0.33333337,-0.33333328,-1.0,-0.33333328,0.0,-2.5970017e-05,-0.007056061,871.0,1.0,16804,10,0.2,1.0,0.1,0,9
44,45,0.0,-1.1489477,-0.861889,4.2452583,-1.2579491,-0.9905988,51.7816,51.720184,-1.2223644,0.008460279,0.0,-0.33333328,-1.0,0.33333337,-1.0,-1.0,1.0,1.0,-1.0,0.33333337,0.0,-0.000100558194,-0.0070532435,100001.0,0.0,16804,10,0.2,1.0,0.1,0,9
45,8,0.0,2.6268747,-9.502078,1.6686516,-9.601203,-0.09009985,1.598381,-0.21099229,2.5977435,-0.029657722,0.0,1.0,-1.0,0.33333337,-1.0,-0.33333328,1.0,-0.33333328,1.0,-0.33333328,0.0,-0.00016122403,-0.0070131863,7769.0,1.0,16804,10,0.2,1.0,0.1,0,9
46,41,0.0,4.471134,1.2548823,-0.39160106,4.1882186,1.2055296,4.1185923,4.2376156,-0.31561124,-0.11678408,0.0,1.0,0.33333337,-0.33333328,1.0,0.33333337,1.0,1.0,-1.0,-0.33333328,0.0,-0.00015732735,-0.0069618444,714.0,1.0,16804,10,0.2,1.0,0.1,0,9
47,22,0.0,-0.44067347,5.4802313,-0.7672775,-0.7666195,5.2507367,5.229498,-0.93108237,-0.07801717,-0.36623675,0.0,-0.33333328,1.0,-1.0,-1.0,0.33333337,-0.33333328,-1.0,-0.33333328,0.33333337,0.0,-0.00013219871,-0.0068157613,2253.0,1.0,16804,10,0.2,1.0,0.1,0,9
48,48,0.0,-2.804274,14.177775,-2.8506792,13.808476,-0.051529657,14.123042,188.57114,-2.8908074,-0.009774017,0.0,-1.0,0.33333337,-1.0,0.33333337,-0.33333328,0.33333337,1.0,-1.0,-0.33333328,0.0,-0.00011322693,-0.0067756954,100001.0,0.0,16804,10,0.2,1.0,0.1,0,9
49,61,0.0,-10.533114,8.758131,8.588516,-10.616349,57.6908,-0.08985745,-10.616969,8.875621,-0.0156938,0.0,-1.0,0.33333337,0.33333337,-1.0,1.0,-0.33333328,-1.0,0.33333337,0.33333337,0.0,-4.8768696e-05,-0.0067490013,100001.0,0.0,16804,10,0.2,1.0,0.1,0,9
50,31,0.0,-1.04035,-0.03518379,5.837871,12.862832,-0.08272463,5.789169,12.833655,-1.0651587,-0.07213531,0.0,-0.33333328,-0.33333328,0.33333337,1.0,-0.33333328,0.33333337,1.0,-0.33333328,-0.33333328,0.0,-5.1578644e-07,-0.006721038,1644.0,1.0,16804,10,0.2,1.0,0.1,0,9
51,69,0.0,7.293872,-0.7514827,-0.9739281,-0.96053624,4.905205,6.9327173,6.612979,7.1337414,0.012319494,0.0,1.0,-0.33333328,-0.33333328,-0.33333328,0.33333337,1.0,1.0,1.0,0.33333337,0.0,-0.00014184775,-0.006718499,23042.0,1.0,16804,10,0.2,1.0,0.1,0,9
52,36,0.0,0.7171073,0.48859817,-49.79075,0.6225847,-0.26664805,-0.338369,-0.53787315,-0.094742395,0.23604146,0.0,1.0,1.0,-1.0,1.0,-0.33333328,-0.33333328,-1.0,-0.33333328,0.33333337,0.0,-0.0008143428,-0.006149367,100001.0,0.0,16804,10,0.2,1.0,0.1,0,9
53,44,0.0,3.8552415,-3.914876,-4.062268,3.5789418,-0.03869815,3.061841,3.0218616,3.7574534,-0.0038754167,0.0,1.0,-1.0,-1.0,1.0,-0.33333328,0.33333337,0.33333337,1.0,-1.0,0.0,-1.1057602e-05,-0.0061033084,1204.0,1.0,16804,10,0.2,1.0,0.1,0,9
54,97,0.0,4.841907,-0.69448423,-0.9141301,-0.90076077,4.5047646,4.411726,4.548731,289.73373,0.0054230685,0.0,0.33333337,-0.33333328,-0.33333328,-0.33333328,0.33333337,0.33333337,0.33333337,1.0,1.0,0.0,-6.7894266e-06,-0.006010933,49324.0,1.0,16804,10,0.2,1.0,0.1,0,9
55,29,0.0,4.712579,0.38970777,4.3108664,4.2486925,-0.07011844,4.1305356,4.5606217,-0.6284737,-0.08992401,0.0,1.0,0.33333337,1.0,0.33333337,-0.33333328,0.33333337,1.0,-1.0,-1.0,0.0,-1.0874248e-05,-0.0059293,24289.0,1.0,16804,10,0.2,1.0,0.1,0,9
56,24,0.0,-1.4959786,-1.1293746,37.744755,-1.26633,-1.6484072,37.623077,-1.5974798,37.696213,0.023682386,0.0,-1.0,-1.0,1.0,-1.0,-1.0,0.33333337,-1.0,0.33333337,1.0,0.0,-2.778463e-06,-0.005863975,100001.0,0.0,16804,10,0.2,1.0,0.1,0,9
57,60,0.0,-0.3906076,5.159889,-0.5679238,4.8872275,4.603319,4.5727882,4.992176,-0.0014309905,-0.35624564,0.0,-1.0,1.0,-1.0,1.0,1.0,1.0,0.33333337,-0.33333328,-1.0,0.0,-2.1364103e-05,-0.0058287596,12796.0,1.0,16804,10,0.2,1.0,0.1,0,9
58,49,0.0,1.5271604,1.2421005,1.5235292,14.326534,-0.046983264,14.233208,1.4419926,14.320509,-0.021334888,0.0,0.33333337,0.33333337,0.33333337,1.0,-1.0,1.0,0.33333337,1.0,0.33333337,0.0,-2.1991726e-05,-0.0057919645,1474.0,1.0,16804,10,0.2,1.0,0.1,0,9
59,33,0.0,0.3638372,0.0019286806,0.9102599,0.7589425,0.4943328,-0.63741994,-0.25440022,-0.1460422,0.29916933,0.0,0.33333337,-0.33333328,0.33333337,0.33333337,0.33333337,-1.0,-0.33333328,-0.33333328,1.0,0.0,-4.6198384e-05,-0.005729801,151.0,1.0,16804,10,0.2,1.0,0.1,0,9
60,20,0.0,2.7399817,-42.206257,2.297861,2.1141815,2.1433003,-0.24812695,-0.35546175,2.7007926,-0.05265129,0.0,0.33333337,-1.0,0.33333337,0.33333337,0.33333337,-0.33333328,-1.0,0.33333337,-0.33333328,0.0,-1.5982745e-05,-0.005235099,33351.0,1.0,16804,10,0.2,1.0,0.1,0,9
61,53,0.0,-3.9836438,8.280885,-3.9803731,-0.091691025,8.332285,8.231929,-4.059782,8.298178,-0.0060798465,0.0,-1.0,1.0,-1.0,-0.33333328,1.0,0.33333337,-1.0,1.0,-0.33333328,0.0,-7.733493e-05,-0.005229389,33713.0,1.0,16804,10,0.2,1.0,0.1,0,9
62,47,0.0,4.8862543,-1.267676,-1.412394,4.4330425,4.219108,4.2441564,4.085815,4.7289195,0.0075461003,0.0,1.0,-0.33333328,-1.0,1.0,1.0,0.33333337,0.33333337,1.0,-0.33333328,0.0,-0.00010171125,-0.005164632,27073.0,1.0,16804,10,0.2,1.0,0.1,0,9
63,26,0.0,-20.073954,1.9990481,1.8134383,-20.158392,1.9251655,-0.010267312,-20.144981,0.08151244,0.24167468,0.0,-0.33333328,1.0,0.33333337,-0.33333328,0.33333337,-0.33333328,-1.0,-0.33333328,1.0,0.0,-6.703789e-05,-0.0051570404,100001.0,0.0,16804,10,0.2,1.0,0.1,0,9
64,63,0.0,-1.1072813,5.9003396,-1.4001936,-1.4738009,5.7566032,-1.2669388,11.725323,5.905475,0.031771366,0.0,-0.33333328,0.33333337,-0.33333328,-1.0,0.33333337,-0.33333328,1.0,0.33333337,-1.0,0.0,-1.4763586e-06,-0.0051206844,822.0,1.0,16804,10,0.2,1.0,0.1,0,9
65,40,0.0,0.8087301,-0.53738034,-0.6597637,6.511614,0.7407106,-0.79080164,6.48014,-0.3606089,-0.14172596,0.0,1.0,-0.33333328,-0.33333328,1.0,0.33333337,-1.0,1.0,-0.33333328,1.0,0.0,-2.009862e-05,-0.005071571,528.0,1.0,16804,10,0.2,1.0,0.1,0,9
66,30,0.0,0.36639068,-0.3561914,-0.21838176,6.4883084,-0.2057367,-0.77027965,6.4566646,-0.42378,-0.035611834,0.0,0.33333337,-0.33333328,-0.33333328,1.0,-0.33333328,-1.0,1.0,-0.33333328,0.33333337,0.0,-4.09246e-05,-0.0050539505,753.0,1.0,16804,10,0.2,1.0,0.1,0,9
67,73,0.0,-1.2516503,8.527448,-1.258916,6.9358106,5.879056,6.870753,-1.3312274,8.518988,0.024029672,0.0,-0.33333328,1.0,-1.0,0.33333337,0.33333337,0.33333337,-0.33333328,1.0,0.33333337,0.0,-5.3784934e-05,-0.0048983255,31558.0,1.0,16804,10,0.2,1.0,0.1,0,9
68,90,0.0,-0.41979843,0.4707472,3.0864444,6.4401393,-0.44168726,6.3776455,-0.67060536,-0.45839536,-0.09240074,0.0,-0.33333328,0.33333337,0.33333337,1.0,-0.33333328,1.0,-0.33333328,-1.0,-1.0,0.0,-5.333716e-07,-0.0048767044,397.0,1.0,16804,10,0.2,1.0,0.1,0,9
69,80,0.0,-0.6150466,-0.6690949,-0.014658369,-0.9018548,6.8202333,-0.982247,-1.0708725,-0.17103085,-0.4586069,0.0,-1.0,-1.0,-0.33333328,-1.0,1.0,-1.0,-1.0,-0.33333328,0.33333337,0.0,-0.00018998166,-0.004673165,598.0,1.0,16804,10,0.2,1.0,0.1,0,9
70,11,0.0,-3.7738223,-3.837454,40.798515,32.335457,-0.061121725,32.273556,40.772144,-3.9893177,-0.012897397,0.0,-0.33333328,-1.0,1.0,0.33333337,-0.33333328,0.33333337,1.0,-1.0,0.33333337,0.0,-0.00023186892,-0.004608162,100001.0,0.0,16804,10,0.2,1.0,0.1,0,9
71,52,0.0,-0.6386719,-0.8463518,5.2970185,-1.3811531,-0.9705908,-0.34369096,-0.91950715,-0.23172155,-0.48466304,0.0,-1.0,-1.0,1.0,-1.0,-1.0,-0.33333328,-1.0,-0.33333328,-0.33333328,0.0,-2.2719892e-06,-0.0045730183,201.0,1.0,16804,10,0.2,1.0,0.1,0,9
72,27,0.0,-3.7593827,-3.8636343,40.839504,32.647846,-0.060038377,32.591984,40.81715,-3.9848974,-0.017899536,0.0,-0.33333328,-0.33333328,1.0,0.33333337,-0.33333328,0.33333337,1.0,-1.0,1.0,0.0,-1.5071394e-06,-0.0044674105,100001.0,0.0,16804,10,0.2,1.0,0.1,0,9
73,68,0.0,0.6733846,-0.13529769,-2.0954967,5.978098,0.5988664,-0.12061563,5.945663,-0.54713976,-0.12751187,0.0,0.33333337,-0.33333328,-1.0,1.0,0.33333337,-0.33333328,1.0,-0.33333328,0.33333337,0.0,-7.050123e-05,-0.0044135232,585.0,1.0,16804,10,0.2,1.0,0.1,0,9
74,66,0.0,0.4126441,-58.713726,-0.08397978,17.59966,17.464478,-0.12420896,-0.26528287,0.091241956,0.05525604,0.0,0.33333337,-1.0,-0.33333328,1.0,1.0,-1.0,-0.33333328,-0.33333328,-0.33333328,0.0,-0.0006351173,-0.0043944255,100001.0,0.0,16804,10,0.2,1.0,0.1,0,9
75,70,0.0,1.1946301,-9.279493,0.9110351,-0.12023196,-0.20687316,1.0232296,-0.08347343,0.0056974953,0.15864027,0.0,1.0,-1.0,1.0,-0.33333328,-0.33333328,0.33333337,-0.33333328,-0.33333328,0.33333337,0.0,-0.0002542085,-0.004015708,498.0,1.0,16804,10,0.2,1.0,0.1,0,9
76,1,0.0,-5.088796,-5.245688,-0.24397933,-0.76591766,-0.8256408,-0.28534272,193.2279,-5.38458,-0.039896164,0.0,-1.0,-1.0,-0.33333328,-0.33333328,-0.33333328,-0.33333328,0.33333337,-1.0,-0.33333328,0.0,-8.1915505e-06,-0.0039132345,100001.0,0.0,16804,10,0.2,1.0,0.1,0,9
77,21,0.0,1.561977,-18.055023,1.2028025,1.113005,-0.017972084,1.3559519,-0.13511203,-0.017636891,0.21653327,0.0,1.0,-1.0,1.0,0.33333337,-0.33333328,0.33333337,-0.33333328,-0.33333328,1.0,0.0,-3.451894e-05,-0.0038702064,1763.0,1.0,16804,10,0.2,1.0,0.1,0,9
78,0,0.0,0.399211,-0.035042092,8.888578,5.8348017,8.094368,0.45701313,8.86032,-0.32380658,-0.20508125,0.0,0.33333337,-0.33333328,1.0,1.0,1.0,0.33333337,1.0,-1.0,-1.0,0.0,-6.4798182e-06,-0.0037151051,98599.0,1.0,16804,10,0.2,1.0,0.1,0,9
79,59,0.0,1.0142617,-8.903746,0.73913133,-0.038569335,0.7659821,-0.2745656,-0.4348274,6.1075454,-0.06969373,0.0,0.33333337,-1.0,0.33333337,-0.33333328,0.33333337,-0.33333328,-0.33333328,1.0,0.33333337,0.0,-1.9123667e-05,-0.0034696453,405.0,1.0,16804,10,0.2,1.0,0.1,0,9
80,4,0.0,-0.59853333,3.4235866,3.219406,-0.038571242,3.198052,3.2225378,-0.4797301,-0.14553808,-0.5754085,0.0,-1.0,1.0,0.33333337,-0.33333328,1.0,0.33333337,-1.0,-0.33333328,-0.33333328,0.0,-0.00046960186,-0.0032229237,80382.0,1.0,16804,10,0.2,1.0,0.1,0,9
81,67,0.0,0.22277085,2.8474777,9.478982,2.7367194,-0.26482895,-0.26131925,9.245097,9.328885,0.07676609,0.0,0.33333337,0.33333337,1.0,0.33333337,-0.33333328,-0.33333328,1.0,1.0,1.0,0.0,-2.7281253e-06,-0.0029156688,706.0,1.0,16804,10,0.2,1.0,0.1,0,9
82,77,0.0,-7.670543,-7.844266,5.4040127,-7.9591346,5.3211765,-0.3105798,-0.37093505,14.562453,-0.05795409,0.0,-0.33333328,-1.0,0.33333337,-1.0,0.33333337,-0.33333328,-0.33333328,1.0,0.33333337,0.0,-4.7117856e-06,-0.002681977,2168.0,1.0,16804,10,0.2,1.0,0.1,0,9
83,85,0.0,-0.67555624,0.6696984,8.428917,3.7465558,8.286974,-0.7442601,8.206884,8.300665,0.024149064,0.0,-0.33333328,0.33333337,1.0,0.33333337,1.0,-1.0,1.0,1.0,0.33333337,0.0,-4.1379884e-05,-0.0024317713,670.0,1.0,16804,10,0.2,1.0,0.1,0,9
84,42,0.0,-5.105508,-5.274435,1.0592456,-5.39073,9.14722,5.237547,-0.096046574,5.2394958,-0.04294264,0.0,-0.33333328,-1.0,0.33333337,-1.0,1.0,1.0,-0.33333328,1.0,-0.33333328,0.0,-0.00010310839,-0.002294296,2901.0,1.0,16804,10,0.2,1.0,0.1,0,9
85,88,0.0,-6.5964303,9.9799,-6.744008,-0.13830337,16.91526,-0.1786873,16.885546,9.981756,-0.019537915,0.0,-0.33333328,0.33333337,-1.0,-0.33333328,1.0,-0.33333328,1.0,0.33333337,-0.33333328,0.0,-1.3812566e-05,-0.0022287448,1585.0,1.0,16804,10,0.2,1.0,0.1,0,9
86,19,0.0,-6.630713,12.066434,-6.778444,-0.22051719,-0.30034092,11.904344,4.814507,11.994174,-0.015999675,0.0,-1.0,0.33333337,-1.0,-0.33333328,-0.33333328,0.33333337,0.33333337,0.33333337,-0.33333328,0.0,-1.592381e-05,-0.002176977,2254.0,1.0,16804,10,0.2,1.0,0.1,0,9
87,91,0.0,-0.59496933,0.32401314,5.4891257,-0.11847187,4.150166,5.4129524,-0.5083521,-0.18286584,-0.5865743,0.0,-1.0,0.33333337,1.0,-0.33333328,1.0,1.0,-1.0,-0.33333328,-1.0,0.0,-7.908817e-05,-0.002074082,272.0,1.0,16804,10,0.2,1.0,0.1,0,9
88,82,0.0,-0.72458565,-0.038716882,-0.24177602,6.307394,-0.58579785,-0.6371657,9.601057,-0.15316522,-0.6812084,0.0,-0.33333328,-0.33333328,-0.33333328,0.33333337,-0.33333328,-1.0,1.0,-0.33333328,-1.0,0.0,-1.8414854e-06,-0.0020041137,1087.0,1.0,16804,10,0.2,1.0,0.1,0,9
89,72,0.0,-6.3584037,-6.603517,-0.14411813,4.7793636,-0.3160196,-0.32287854,4.761232,7.2528,-0.028335758,0.0,-0.33333328,-1.0,-0.33333328,0.33333337,-0.33333328,-0.33333328,0.33333337,1.0,-0.33333328,0.0,-2.720806e-05,-0.0018287817,812.0,1.0,16804,10,0.2,1.0,0.1,0,9
90,64,0.0,-10.441673,-10.689339,0.60527635,4.360008,4.200312,4.2350693,-0.09001432,4.2992473,-0.044377748,0.0,-0.33333328,-1.0,1.0,1.0,0.33333337,1.0,-0.33333328,1.0,0.33333337,0.0,-0.00038062726,-0.0017926611,9595.0,1.0,16804,10,0.2,1.0,0.1,0,9
91,5,0.0,-11.234997,-11.485051,-0.4755758,5.3550234,5.438032,14.443343,4.9681516,5.0737085,0.011094516,0.0,-1.0,-1.0,-0.33333328,0.33333337,0.33333337,1.0,0.33333337,0.33333337,0.33333337,0.0,-7.912081e-06,-0.0017091843,3301.0,1.0,16804,10,0.2,1.0,0.1,0,9
92,93,0.0,-0.30966994,3.3717675,8.919694,6.843722,-0.06801874,8.813477,-0.038792893,8.909851,-0.36748838,0.0,0.33333337,0.33333337,1.0,0.33333337,-0.33333328,1.0,-0.33333328,1.0,-1.0,0.0,-1.4868031e-06,-0.0015061116,1968.0,1.0,16804,10,0.2,1.0,0.1,0,9
93,84,0.0,-29.792435,1.5486995,-1.903684,1.2621654,1.1974018,-1.9299533,-0.074701555,1.5266362,-0.027860962,0.0,-1.0,1.0,-1.0,0.33333337,0.33333337,-1.0,-0.33333328,0.33333337,-1.0,0.0,-2.0256614e-06,-0.0013093324,2278.0,1.0,16804,10,0.2,1.0,0.1,0,9
94,18,0.0,-25.783167,-1.2440714,2.97598,-1.3734865,2.8546004,-1.311062,-0.12404439,2.984251,-0.04685983,0.0,-1.0,-1.0,1.0,-1.0,0.33333337,-1.0,0.33333337,0.33333337,0.33333337,0.0,-1.5855694e-06,-0.0012699988,3127.0,1.0,16804,10,0.2,1.0,0.1,0,9
95,79,0.0,-13.007391,-0.37368295,2.0307062,1.8589841,-0.3837544,1.8835628,-0.7713088,-0.3206569,-0.16040938,0.0,-1.0,-0.33333328,1.0,0.33333337,-0.33333328,0.33333337,-1.0,-0.33333328,-1.0,0.0,-6.0841652e-05,-0.0012695498,662.0,1.0,16804,10,0.2,1.0,0.1,0,9
96,14,0.0,-27.523788,-1.0527124,2.223554,2.0875707,-0.063581884,-1.0506706,2.2737048,14.153394,-0.008057792,0.0,-1.0,-0.33333328,0.33333337,0.33333337,-0.33333328,-0.33333328,0.33333337,1.0,-1.0,0.0,-5.83451e-06,-0.0012627206,2125.0,1.0,16804,10,0.2,1.0,0.1,0,9
97,98,0.0,-12.217256,0.43423814,-0.22243614,-0.3979465,-0.40584227,7.4034433,-0.31635466,7.397851,-0.042379335,0.0,-1.0,0.33333337,-0.33333328,-0.33333328,-1.0,1.0,-1.0,1.0,-1.0,0.0,-1.8993907e-05,-0.0012032354,808.0,1.0,16804,10,0.2,1.0,0.1,0,9
98,76,0.0,-29.04072,0.3406553,3.3757944,-0.41435936,3.2491693,-0.050966907,2.791466,3.3606193,-0.023711583,0.0,-1.0,0.33333337,0.33333337,-1.0,0.33333337,-0.33333328,0.33333337,1.0,1.0,0.0,-8.476339e-07,-0.0011513331,2430.0,1.0,16804,10,0.2,1.0,0.1,0,9
99,12,0.0,-13.437254,2.1466818,-2.4579015,-2.5631359,1.4741756,2.0201607,-0.027037013,-0.06532981,0.24963161,0.0,-1.0,0.33333337,-1.0,-1.0,0.33333337,0.33333337,-0.33333328,-0.33333328,1.0,0.0,-5.537509e-06,-0.0010697416,649.0,1.0,16804,10,0.2,1.0,0.1,0,9
