,Unnamed: 0.1,Unnamed: 0,e1,e2,e3,e0_1,e0_2,e0_3,Gamma,eta0,eta,count,seed,N,J1,J2,gleak,ex,lk,success
0,0,0,0.0,9.439614,-0.08313243,0.0,0.6923077,0.33333337,0.0,-0.0018421554,-0.02472502,100001.0,58078,3,0.2,0.1,0.1,0,2,False
1,1,1,0.0,-0.20021924,-0.049999937,0.0,-0.7948718,-0.1794872,0.0,-0.02308884,-0.03333333,848.0,58078,3,0.2,0.1,0.1,0,2,True
2,2,2,0.0,9.441343,0.0851378,0.0,1.0,-0.23076925,0.0,-0.005419662,-0.024725145,100001.0,58078,3,0.2,0.1,0.1,0,2,False
3,3,3,0.0,9.420749,-0.08314,0.0,0.84615386,1.0,0.0,-0.0003026128,-0.024722828,100001.0,58078,3,0.2,0.1,0.1,0,2,False
4,4,4,0.0,-0.2002186,-0.049999956,0.0,-0.4871795,0.33333337,0.0,-0.01212776,-0.03333333,474.0,58078,3,0.2,0.1,0.1,0,2,True
5,5,5,0.0,-0.20021674,-0.049999923,0.0,-0.2820513,-0.74358976,0.0,-0.0048464164,-0.03333334,332.0,58078,3,0.2,0.1,0.1,0,2,True
6,6,6,0.0,-0.2002167,-0.050000045,0.0,-0.53846157,-0.6923077,0.0,-0.0048328848,-0.033333328,442.0,58078,3,0.2,0.1,0.1,0,2,True
7,7,7,0.0,-0.20021608,-0.049999874,0.0,-0.2820513,-0.64102566,0.0,-0.0063193883,-0.03333334,316.0,58078,3,0.2,0.1,0.1,0,2,True
8,8,8,0.0,-0.19978303,-0.05000003,0.0,0.23076928,-0.1794872,0.0,-0.0007029915,-0.033333328,270.0,58078,3,0.2,0.1,0.1,0,2,True
9,9,9,0.0,-0.2002174,-0.05000001,0.0,-0.12820509,-0.7948718,0.0,-0.0032575876,-0.03333333,331.0,58078,3,0.2,0.1,0.1,0,2,True
10,10,10,0.0,-0.19978043,-0.050000034,0.0,0.1794872,0.38461542,0.0,-0.0005449287,-0.033333335,272.0,58078,3,0.2,0.1,0.1,0,2,True
11,11,11,0.0,-0.20021717,-0.04999997,0.0,-0.2820513,0.74358976,0.0,-0.0038844123,-0.03333333,408.0,58078,3,0.2,0.1,0.1,0,2,True
12,12,12,0.0,-0.20022006,-0.049999952,0.0,-0.7948718,0.23076928,0.0,-0.016431427,-0.033333335,861.0,58078,3,0.2,0.1,0.1,0,2,True
13,13,13,0.0,-0.20021822,-0.049999967,0.0,-0.74358976,0.1794872,0.0,-0.020197121,-0.03333334,781.0,58078,3,0.2,0.1,0.1,0,2,True
14,14,14,0.0,-0.20021863,-0.049999975,0.0,-0.1794872,0.33333337,0.0,-0.010928924,-0.03333333,262.0,58078,3,0.2,0.1,0.1,0,2,True
15,15,15,0.0,9.41993,-0.08314046,0.0,0.84615386,-1.0,0.0,-0.00029605132,-0.024722602,100001.0,58078,3,0.2,0.1,0.1,0,2,False
16,16,16,0.0,-0.20021836,-0.050000016,0.0,-0.6923077,-0.2820513,0.0,-0.016380155,-0.03333333,677.0,58078,3,0.2,0.1,0.1,0,2,True
17,17,17,0.0,-0.20021735,-0.04999992,0.0,-0.53846157,1.0,0.0,-0.0021913568,-0.03333334,565.0,58078,3,0.2,0.1,0.1,0,2,True
18,18,18,0.0,-0.20021808,-0.04999995,0.0,-0.33333334,0.5897436,0.0,-0.0057218233,-0.03333333,390.0,58078,3,0.2,0.1,0.1,0,2,True
19,19,19,0.0,-0.2002199,-0.049999982,0.0,-0.84615386,0.5897436,0.0,-0.004700366,-0.033333335,916.0,58078,3,0.2,0.1,0.1,0,2,True
20,20,20,0.0,-0.20021744,-0.050000016,0.0,-0.6923077,-0.84615386,0.0,-0.0029886418,-0.03333333,583.0,58078,3,0.2,0.1,0.1,0,2,True
21,21,21,0.0,9.439361,0.085140035,0.0,1.0,-0.5897436,0.0,-0.001024369,-0.02472504,100001.0,58078,3,0.2,0.1,0.1,0,2,False
22,22,22,0.0,9.440659,-0.08313228,0.0,0.94871795,-0.3846154,0.0,-0.0021405972,-0.024725217,100001.0,58078,3,0.2,0.1,0.1,0,2,False
23,23,23,0.0,-0.20021866,-0.050000053,0.0,-0.3846154,0.38461542,0.0,-0.0104036145,-0.033333328,398.0,58078,3,0.2,0.1,0.1,0,2,True
24,24,24,0.0,9.440914,0.08513826,0.0,0.94871795,0.33333337,0.0,-0.0029331418,-0.024725178,100001.0,58078,3,0.2,0.1,0.1,0,2,False
25,25,25,0.0,-0.20021874,-0.049999963,0.0,-0.07692304,-0.6923077,0.0,-0.0033302417,-0.033333335,299.0,58078,3,0.2,0.1,0.1,0,2,True
26,26,26,0.0,-0.20022051,-0.04999995,0.0,-0.23076925,-0.84615386,0.0,-0.0036864912,-0.03333334,349.0,58078,3,0.2,0.1,0.1,0,2,True
27,27,27,0.0,-0.1997822,-0.04999997,0.0,0.1794872,-0.2820513,0.0,-0.0010718283,-0.033333328,274.0,58078,3,0.2,0.1,0.1,0,2,True
28,28,28,0.0,9.439749,-0.08313295,0.0,0.64102566,0.025641054,0.0,-0.021811148,-0.02472516,100001.0,58078,3,0.2,0.1,0.1,0,2,False
29,29,29,0.0,-0.20021893,-0.050000057,0.0,-0.6923077,-0.5897436,0.0,-0.0057163048,-0.03333333,622.0,58078,3,0.2,0.1,0.1,0,2,True
30,30,30,0.0,-0.20021838,-0.050000045,0.0,-0.23076925,-0.2820513,0.0,-0.019776048,-0.033333328,247.0,58078,3,0.2,0.1,0.1,0,2,True
31,31,31,0.0,-0.20021744,-0.049999952,0.0,-0.5897436,-0.5897436,0.0,-0.006146296,-0.033333335,501.0,58078,3,0.2,0.1,0.1,0,2,True
32,32,32,0.0,-0.20021796,-0.049999923,0.0,-0.74358976,0.8974359,0.0,-0.0023740232,-0.033333335,739.0,58078,3,0.2,0.1,0.1,0,2,True
33,33,33,0.0,9.438963,0.085139886,0.0,0.53846157,-0.33333334,0.0,-0.0009503878,-0.02472499,100001.0,58078,3,0.2,0.1,0.1,0,2,False
34,34,34,0.0,-0.20021625,-0.049999937,0.0,-0.33333334,-0.94871795,0.0,-0.003076316,-0.03333333,388.0,58078,3,0.2,0.1,0.1,0,2,True
35,35,35,0.0,-0.19978382,-0.049999934,0.0,0.1794872,-0.53846157,0.0,-0.00030068393,-0.03333333,102.0,58078,3,0.2,0.1,0.1,0,2,True
36,36,36,0.0,-0.2002165,-0.04999998,0.0,-0.6923077,0.12820515,0.0,-0.024353612,-0.03333333,707.0,58078,3,0.2,0.1,0.1,0,2,True
37,37,37,0.0,-0.19977993,-0.05000005,0.0,-0.1794872,-0.23076925,0.0,-0.02286643,-0.033333335,104.0,58078,3,0.2,0.1,0.1,0,2,True
38,38,38,0.0,-0.20021845,-0.049999993,0.0,-1.0,0.6923077,0.0,-0.0033644494,-0.03333333,1219.0,58078,3,0.2,0.1,0.1,0,2,True
39,39,39,0.0,9.425495,-0.08313893,0.0,0.43589747,0.74358976,0.0,-8.877537e-05,-0.02472349,100001.0,58078,3,0.2,0.1,0.1,0,2,False
40,40,40,0.0,-0.20021822,-0.049999926,0.0,-0.025640994,0.7948718,0.0,-0.0015378583,-0.03333334,411.0,58078,3,0.2,0.1,0.1,0,2,True
41,41,41,0.0,-0.20021841,-0.049999937,0.0,0.23076928,-0.74358976,0.0,-4.3623044e-05,-0.033333335,395.0,58078,3,0.2,0.1,0.1,0,2,True
42,42,42,0.0,-0.19978464,-0.049999997,0.0,0.0769231,-0.025640994,0.0,-0.028250424,-0.03333333,267.0,58078,3,0.2,0.1,0.1,0,2,True
43,43,43,0.0,-0.20021918,-0.049999937,0.0,-0.2820513,-0.3846154,0.0,-0.0139933005,-0.033333335,293.0,58078,3,0.2,0.1,0.1,0,2,True
44,44,44,0.0,-0.19978413,-0.049999952,0.0,-0.025640994,0.12820515,0.0,-0.018203912,-0.033333328,268.0,58078,3,0.2,0.1,0.1,0,2,True
45,45,45,0.0,-0.20021692,-0.049999997,0.0,0.23076928,0.84615386,0.0,-3.3149066e-05,-0.033333328,553.0,58078,3,0.2,0.1,0.1,0,2,True
46,46,46,0.0,-0.20021917,-0.050000027,0.0,-0.84615386,0.1794872,0.0,-0.01991112,-0.033333328,953.0,58078,3,0.2,0.1,0.1,0,2,True
47,47,47,0.0,-0.20021589,-0.049999923,0.0,0.23076928,0.53846157,0.0,-8.095452e-05,-0.03333334,297.0,58078,3,0.2,0.1,0.1,0,2,True
48,48,48,0.0,9.439901,0.08513874,0.0,0.6923077,-0.025640994,0.0,-0.021723874,-0.02472504,100001.0,58078,3,0.2,0.1,0.1,0,2,False
49,49,49,0.0,-0.20021933,-0.04999997,0.0,-0.53846157,0.0769231,0.0,-0.028397648,-0.03333333,521.0,58078,3,0.2,0.1,0.1,0,2,True
50,50,50,0.0,-0.20021902,-0.049999986,0.0,0.0769231,1.0,0.0,-0.00039011842,-0.03333333,533.0,58078,3,0.2,0.1,0.1,0,2,True
51,51,51,0.0,-0.20021816,-0.049999982,0.0,0.025641054,-0.7948718,0.0,-0.0011580674,-0.03333333,334.0,58078,3,0.2,0.1,0.1,0,2,True
52,52,52,0.0,-0.20021608,-0.049999967,0.0,-0.4871795,0.38461542,0.0,-0.010202732,-0.03333333,474.0,58078,3,0.2,0.1,0.1,0,2,True
53,53,53,0.0,9.428297,0.08514625,0.0,0.74358976,0.84615386,0.0,-0.0003425943,-0.02472372,100001.0,58078,3,0.2,0.1,0.1,0,2,False
54,54,54,0.0,-0.2002159,-0.04999996,0.0,-0.8974359,-0.43589744,0.0,-0.008320984,-0.033333335,997.0,58078,3,0.2,0.1,0.1,0,2,True
55,55,55,0.0,-0.20021701,-0.049999967,0.0,-0.6923077,-1.0,0.0,-0.0021802965,-0.03333333,580.0,58078,3,0.2,0.1,0.1,0,2,True
56,56,56,0.0,-0.20021492,-0.04999996,0.0,-0.2820513,-0.33333334,0.0,-0.01671063,-0.03333334,292.0,58078,3,0.2,0.1,0.1,0,2,True
57,57,57,0.0,9.423716,-0.0831383,0.0,0.5897436,-0.84615386,0.0,-0.00020283139,-0.024723133,100001.0,58078,3,0.2,0.1,0.1,0,2,False
58,58,58,0.0,-0.20022018,-0.049999963,0.0,-0.74358976,0.23076928,0.0,-0.016601633,-0.03333333,779.0,58078,3,0.2,0.1,0.1,0,2,True
59,59,59,0.0,-0.20021933,-0.04999997,0.0,-0.6923077,0.1794872,0.0,-0.020341983,-0.03333333,706.0,58078,3,0.2,0.1,0.1,0,2,True
60,60,60,0.0,9.439435,0.085139915,0.0,0.48717952,0.1794872,0.0,-0.0022643679,-0.024725096,100001.0,58078,3,0.2,0.1,0.1,0,2,False
61,61,61,0.0,9.440358,-0.08313194,0.0,0.84615386,0.28205132,0.0,-0.0034401454,-0.024725065,100001.0,58078,3,0.2,0.1,0.1,0,2,False
62,62,62,0.0,-0.20022024,-0.049999908,0.0,-0.43589744,-0.6923077,0.0,-0.0052183503,-0.03333334,375.0,58078,3,0.2,0.1,0.1,0,2,True
63,63,63,0.0,9.44047,-0.083132416,0.0,0.94871795,0.43589747,0.0,-0.0017830803,-0.024725117,100001.0,58078,3,0.2,0.1,0.1,0,2,False
64,64,64,0.0,-0.20021832,-0.04999997,0.0,-0.23076925,-0.94871795,0.0,-0.0029640025,-0.03333333,381.0,58078,3,0.2,0.1,0.1,0,2,True
65,65,65,0.0,9.440118,-0.08313207,0.0,0.7948718,-0.2820513,0.0,-0.0029423933,-0.024725072,100001.0,58078,3,0.2,0.1,0.1,0,2,False
66,66,66,0.0,9.438594,0.0851403,0.0,0.33333337,0.23076928,0.0,-7.230574e-05,-0.024724944,100001.0,58078,3,0.2,0.1,0.1,0,2,False
67,67,67,0.0,9.422741,0.08515,0.0,0.53846157,0.84615386,0.0,-0.00016008619,-0.024723142,100001.0,58078,3,0.2,0.1,0.1,0,2,False
68,68,68,0.0,9.4156885,0.08515352,0.0,0.5897436,-0.94871795,0.0,-0.00016186846,-0.02472221,100001.0,58078,3,0.2,0.1,0.1,0,2,False
69,69,69,0.0,9.415583,0.085154384,0.0,0.48717952,-0.8974359,0.0,-9.850878e-05,-0.024722314,100001.0,58078,3,0.2,0.1,0.1,0,2,False
70,70,70,0.0,9.432825,-0.083134815,0.0,0.64102566,-0.6923077,0.0,-0.00036787963,-0.024724212,100001.0,58078,3,0.2,0.1,0.1,0,2,False
71,71,71,0.0,9.435687,0.085141435,0.0,0.94871795,0.74358976,0.0,-0.0006339517,-0.024724578,100001.0,58078,3,0.2,0.1,0.1,0,2,False
72,72,72,0.0,-0.20021659,-0.05000001,0.0,-1.0,-0.43589744,0.0,-0.007948355,-0.033333328,1219.0,58078,3,0.2,0.1,0.1,0,2,True
73,73,73,0.0,-0.20021757,-0.050000004,0.0,-0.74358976,0.7948718,0.0,-0.002950696,-0.03333333,737.0,58078,3,0.2,0.1,0.1,0,2,True
74,74,74,0.0,-0.20021936,-0.04999996,0.0,0.12820515,0.6923077,0.0,-0.00041153427,-0.033333335,380.0,58078,3,0.2,0.1,0.1,0,2,True
75,75,75,0.0,-0.20021796,-0.049999967,0.0,-0.6923077,-0.23076925,0.0,-0.019876955,-0.033333328,684.0,58078,3,0.2,0.1,0.1,0,2,True
76,76,76,0.0,9.439546,-0.083132565,0.0,0.64102566,0.28205132,0.0,-0.0021534036,-0.02472499,100001.0,58078,3,0.2,0.1,0.1,0,2,False
77,77,77,0.0,-0.20021862,-0.050000004,0.0,-0.64102566,-0.2820513,0.0,-0.016816009,-0.033333328,609.0,58078,3,0.2,0.1,0.1,0,2,True
78,78,78,0.0,-0.20021895,-0.050000034,0.0,-0.84615386,0.12820515,0.0,-0.024061618,-0.033333328,954.0,58078,3,0.2,0.1,0.1,0,2,True
79,79,79,0.0,-0.20021832,-0.049999945,0.0,-0.5897436,0.23076928,0.0,-0.017117964,-0.033333335,577.0,58078,3,0.2,0.1,0.1,0,2,True
80,80,80,0.0,-0.20021938,-0.04999999,0.0,-0.8974359,0.6923077,0.0,-0.0035029377,-0.03333333,1001.0,58078,3,0.2,0.1,0.1,0,2,True
81,81,81,0.0,9.426448,-0.083137974,0.0,0.7948718,0.8974359,0.0,-0.00034102178,-0.024723556,100001.0,58078,3,0.2,0.1,0.1,0,2,False
82,82,82,0.0,-0.20021713,-0.049999956,0.0,-0.84615386,0.7948718,0.0,-0.0028077327,-0.033333335,899.0,58078,3,0.2,0.1,0.1,0,2,True
83,83,83,0.0,-0.20021564,-0.050000012,0.0,-0.53846157,0.94871795,0.0,-0.0024096768,-0.03333333,550.0,58078,3,0.2,0.1,0.1,0,2,True
84,84,84,0.0,-0.20021684,-0.049999975,0.0,0.1794872,-1.0,0.0,-8.719641e-05,-0.033333335,489.0,58078,3,0.2,0.1,0.1,0,2,True
85,85,85,0.0,-0.2002171,-0.049999915,0.0,-1.0,-0.94871795,0.0,-0.0020158829,-0.03333334,1128.0,58078,3,0.2,0.1,0.1,0,2,True
86,86,86,0.0,9.4235735,0.08514814,0.0,0.48717952,-0.7948718,0.0,-0.00012521114,-0.024723137,100001.0,58078,3,0.2,0.1,0.1,0,2,False
87,87,87,0.0,-0.20021848,-0.04999997,0.0,-0.74358976,-0.5897436,0.0,-0.005528716,-0.03333333,695.0,58078,3,0.2,0.1,0.1,0,2,True
88,88,88,0.0,9.425495,-0.08313893,0.0,0.38461542,-0.6923077,0.0,-4.534462e-05,-0.02472349,100001.0,58078,3,0.2,0.1,0.1,0,2,False
89,89,89,0.0,-0.19978282,-0.049999967,0.0,-0.1794872,0.025641054,0.0,-0.030871524,-0.033333328,196.0,58078,3,0.2,0.1,0.1,0,2,True
90,90,90,0.0,9.439494,-0.08313255,0.0,0.53846157,0.12820515,0.0,-0.005406374,-0.024725012,100001.0,58078,3,0.2,0.1,0.1,0,2,False
91,91,91,0.0,9.409371,0.08515741,0.0,0.53846157,1.0,0.0,-0.00011468809,-0.024721503,100001.0,58078,3,0.2,0.1,0.1,0,2,False
92,92,92,0.0,-0.20021693,-0.049999997,0.0,-0.33333334,0.48717952,0.0,-0.0075898455,-0.033333328,377.0,58078,3,0.2,0.1,0.1,0,2,True
93,93,93,0.0,9.422561,0.08514939,0.0,0.94871795,-1.0,0.0,-0.00034540446,-0.024723021,100001.0,58078,3,0.2,0.1,0.1,0,2,False
94,94,94,0.0,-0.20021702,-0.049999963,0.0,-0.07692304,-0.8974359,0.0,-0.0020112742,-0.03333333,364.0,58078,3,0.2,0.1,0.1,0,2,True
95,95,95,0.0,9.43864,0.08513963,0.0,0.74358976,-0.4871795,0.0,-0.0009717389,-0.024724912,100001.0,58078,3,0.2,0.1,0.1,0,2,False
96,96,96,0.0,9.435927,0.08514188,0.0,0.33333337,-0.3846154,0.0,-2.6407492e-05,-0.024724593,100001.0,58078,3,0.2,0.1,0.1,0,2,False
97,97,97,0.0,9.4400215,0.08513844,0.0,0.74358976,-0.23076925,0.0,-0.0037376636,-0.024725001,100001.0,58078,3,0.2,0.1,0.1,0,2,False
98,98,98,0.0,-0.20021617,-0.049999937,0.0,-0.1794872,-0.4871795,0.0,-0.009077712,-0.033333335,257.0,58078,3,0.2,0.1,0.1,0,2,True
99,99,99,0.0,-0.20021781,-0.049999952,0.0,-0.84615386,-0.5897436,0.0,-0.0052037886,-0.03333334,866.0,58078,3,0.2,0.1,0.1,0,2,True
