,Unnamed: 0.1,Unnamed: 0,e1,e2,e3,e0_1,e0_2,e0_3,Gamma,eta0,eta,count,seed,N,J1,J2,gleak,ex,lk,success
0,0,0,0.0,0.00030522933,1.6371599e-11,0.0,0.74358976,-0.025640994,0.0,-0.023534825,-0.032,456.0,11715,3,0.2,0.0,0.1,0,2,True
1,1,1,0.0,-0.00030428643,-2.0009168e-11,0.0,-0.12820509,-0.2820513,0.0,-0.01258564,-0.032,359.0,11715,3,0.2,0.0,0.1,0,2,True
2,2,2,0.0,0.00030303004,8.18543e-11,0.0,0.12820515,-0.07692304,0.0,-0.028511751,-0.032,378.0,11715,3,0.2,0.0,0.1,0,2,True
3,3,3,0.0,-0.00030397894,-2.3647237e-11,0.0,-0.5897436,-0.025640994,0.0,-0.02601307,-0.032,440.0,11715,3,0.2,0.0,0.1,0,2,True
4,4,4,0.0,-0.0003067064,-3.456077e-11,0.0,-0.4871795,-0.94871795,0.0,-0.0005494057,-0.032,452.0,11715,3,0.2,0.0,0.1,0,2,True
5,5,5,0.0,-0.00030366253,-4.7293947e-11,0.0,-0.4871795,-0.4871795,0.0,-0.001977434,-0.032,456.0,11715,3,0.2,0.0,0.1,0,2,True
6,6,6,0.0,-0.00030384242,-2.9104386e-11,0.0,-0.2820513,-0.12820509,0.0,-0.020456742,-0.032,415.0,11715,3,0.2,0.0,0.1,0,2,True
7,7,7,0.0,-0.00030607855,1.8187118e-12,0.0,-0.94871795,-0.64102566,0.0,-0.0003902699,-0.032,696.0,11715,3,0.2,0.0,0.1,0,2,True
8,8,8,0.0,0.00030374608,6.7301664e-11,0.0,0.23076928,-0.025640994,0.0,-0.030646965,-0.032,410.0,11715,3,0.2,0.0,0.1,0,2,True
9,9,9,0.0,-0.00030693866,-4.001767e-11,0.0,-0.94871795,-0.025640994,0.0,-0.020267226,-0.032,484.0,11715,3,0.2,0.0,0.1,0,2,True
10,10,10,0.0,-0.00030595643,-3.092336e-11,0.0,-1.0,0.025641054,0.0,-0.019488275,-0.032,492.0,11715,3,0.2,0.0,0.1,0,2,True
11,11,11,0.0,0.00030305242,6.3664296e-11,0.0,0.1794872,-0.53846157,0.0,-0.0042534596,-0.032,328.0,11715,3,0.2,0.0,0.1,0,2,True
12,12,12,0.0,0.00030584005,5.2750637e-11,0.0,0.28205132,-0.84615386,0.0,-0.0013396408,-0.032,294.0,11715,3,0.2,0.0,0.1,0,2,True
13,13,13,0.0,-0.0003057708,-2.5466504e-11,0.0,-0.5897436,0.7948718,0.0,-0.0005793722,-0.032,557.0,11715,3,0.2,0.0,0.1,0,2,True
14,14,14,0.0,0.0003040948,3.456059e-11,0.0,0.48717952,-0.33333334,0.0,-0.0039164056,-0.032,433.0,11715,3,0.2,0.0,0.1,0,2,True
15,15,15,0.0,-0.00030729396,-2.3645974e-11,0.0,-0.5897436,-0.12820509,0.0,-0.012402133,-0.032,439.0,11715,3,0.2,0.0,0.1,0,2,True
16,16,16,0.0,-0.00030534872,-5.456968e-12,0.0,-0.1794872,0.28205132,0.0,-0.01142235,-0.032,383.0,11715,3,0.2,0.0,0.1,0,2,True
17,17,17,0.0,-0.00030419335,1.8185245e-12,0.0,-0.64102566,0.8974359,0.0,-0.00039859992,-0.032,656.0,11715,3,0.2,0.0,0.1,0,2,True
18,18,18,0.0,0.00030712696,-1.8189755e-12,0.0,0.0769231,0.28205132,0.0,-0.013502386,-0.032,324.0,11715,3,0.2,0.0,0.1,0,2,True
19,19,19,0.0,0.00030355976,6.548384e-11,0.0,0.12820515,0.025641054,0.0,-0.03134492,-0.032,380.0,11715,3,0.2,0.0,0.1,0,2,True
20,20,20,0.0,-0.00030554488,5.456524e-12,0.0,-0.23076925,0.12820515,0.0,-0.02184783,-0.032,411.0,11715,3,0.2,0.0,0.1,0,2,True
21,21,21,0.0,-0.00030596036,-3.0923195e-11,0.0,-0.7948718,-0.53846157,0.0,-0.00075129553,-0.032,535.0,11715,3,0.2,0.0,0.1,0,2,True
22,22,22,0.0,0.00030372132,2.3648208e-11,0.0,0.94871795,-0.74358976,0.0,-0.00029135737,-0.032,855.0,11715,3,0.2,0.0,0.1,0,2,True
23,23,23,0.0,-0.00030611173,1.273269e-11,0.0,-0.6923077,-0.3846154,0.0,-0.0017990982,-0.032,463.0,11715,3,0.2,0.0,0.1,0,2,True
24,24,24,0.0,0.00030502144,-2.1827776e-11,0.0,0.64102566,0.025641054,0.0,-0.025196685,-0.032,445.0,11715,3,0.2,0.0,0.1,0,2,True
25,25,25,0.0,-0.00030554115,-2.7285257e-11,0.0,-0.74358976,0.48717952,0.0,-0.0010216896,-0.032,498.0,11715,3,0.2,0.0,0.1,0,2,True
26,26,26,0.0,-0.00030551167,-1.8187743e-12,0.0,-0.07692304,-0.43589744,0.0,-0.0074977935,-0.032,292.0,11715,3,0.2,0.0,0.1,0,2,True
27,27,27,0.0,0.00030729992,2.5465602e-11,0.0,0.5897436,-0.23076925,0.0,-0.0055843275,-0.032,440.0,11715,3,0.2,0.0,0.1,0,2,True
28,28,28,0.0,-0.00030358182,-3.6379788e-11,0.0,-0.07692304,0.84615386,0.0,-0.00240495,-0.032,168.0,11715,3,0.2,0.0,0.1,0,2,True
29,29,29,0.0,0.0003046698,5.456968e-12,0.0,0.025641054,-0.64102566,0.0,-0.004194533,-0.032,161.0,11715,3,0.2,0.0,0.1,0,2,True
30,30,30,0.0,0.00030678947,-2.3646848e-11,0.0,0.0769231,0.7948718,0.0,-0.0026981875,-0.032,183.0,11715,3,0.2,0.0,0.1,0,2,True
31,31,31,0.0,0.00030729402,2.0008994e-11,0.0,0.5897436,-0.12820509,0.0,-0.012402138,-0.032,439.0,11715,3,0.2,0.0,0.1,0,2,True
32,32,32,0.0,-0.00030575026,-1.455372e-11,0.0,-0.64102566,-0.74358976,0.0,-0.00057664677,-0.032,595.0,11715,3,0.2,0.0,0.1,0,2,True
33,33,33,0.0,0.00030428657,5.275065e-11,0.0,0.12820515,-0.2820513,0.0,-0.012585639,-0.032,359.0,11715,3,0.2,0.0,0.1,0,2,True
34,34,34,0.0,-0.00030591164,-2.3646876e-11,0.0,-0.84615386,0.33333337,0.0,-0.0016801115,-0.032,479.0,11715,3,0.2,0.0,0.1,0,2,True
35,35,35,0.0,-0.00030685693,-1.8190394e-11,0.0,-0.43589744,-0.3846154,0.0,-0.0035229244,-0.032,431.0,11715,3,0.2,0.0,0.1,0,2,True
36,36,36,0.0,-0.0003074798,-1.6371807e-11,0.0,-0.7948718,-0.74358976,0.0,-0.0003998363,-0.032,708.0,11715,3,0.2,0.0,0.1,0,2,True
37,37,37,0.0,-0.00030416908,7.275902e-12,0.0,-0.2820513,-0.6923077,0.0,-0.0019590787,-0.032,335.0,11715,3,0.2,0.0,0.1,0,2,True
38,38,38,0.0,-0.0003031032,-6.18455e-11,0.0,-1.0,-0.53846157,0.0,-0.00049900817,-0.032,614.0,11715,3,0.2,0.0,0.1,0,2,True
39,39,39,0.0,0.00030425217,9.095828e-12,0.0,0.84615386,0.74358976,0.0,-0.00035801737,-0.032,754.0,11715,3,0.2,0.0,0.1,0,2,True
40,40,40,0.0,0.00030700467,3.0923514e-11,0.0,0.94871795,-0.23076925,0.0,-0.0026916533,-0.032,486.0,11715,3,0.2,0.0,0.1,0,2,True
41,41,41,0.0,0.0003033293,3.8198833e-11,0.0,0.33333337,0.84615386,0.0,-0.0011258976,-0.032,327.0,11715,3,0.2,0.0,0.1,0,2,True
42,42,42,0.0,0.00030637553,4.911274e-11,0.0,0.74358976,0.12820515,0.0,-0.0095320735,-0.032,456.0,11715,3,0.2,0.0,0.1,0,2,True
43,43,43,0.0,-0.000304673,-3.456079e-11,0.0,-0.025640994,0.64102566,0.0,-0.004194531,-0.032,161.0,11715,3,0.2,0.0,0.1,0,2,True
44,44,44,0.0,-0.00030384713,-2.0009092e-11,0.0,-0.33333334,0.025641054,0.0,-0.02961084,-0.032,418.0,11715,3,0.2,0.0,0.1,0,2,True
45,45,45,0.0,0.0003042879,-1.819045e-12,0.0,0.8974359,1.0,0.0,-0.00017929087,-0.032,1377.0,11715,3,0.2,0.0,0.1,0,2,True
46,46,46,0.0,-0.00030620804,-3.456077e-11,0.0,-0.33333334,-0.74358976,0.0,-0.0014421174,-0.032,350.0,11715,3,0.2,0.0,0.1,0,2,True
47,47,47,0.0,0.00030469304,1.693843e-08,0.0,0.0769231,0.8974359,0.0,-0.0021559938,-0.032,153.0,11715,3,0.2,0.0,0.1,0,2,True
48,48,48,0.0,-0.00030310717,-6.3664615e-11,0.0,-1.0,1.0,0.0,-0.00014712645,-0.032,1679.0,11715,3,0.2,0.0,0.1,0,2,True
49,49,49,0.0,0.0003047562,5.638867e-11,0.0,0.0769231,0.53846157,0.0,-0.005346577,-0.032,264.0,11715,3,0.2,0.0,0.1,0,2,True
50,50,50,0.0,-0.00030618656,-4.183659e-11,0.0,-0.1794872,0.38461542,0.0,-0.007379908,-0.032,365.0,11715,3,0.2,0.0,0.1,0,2,True
51,51,51,0.0,-0.0003052487,-5.4569543e-12,0.0,-0.12820509,0.33333337,0.0,-0.010154691,-0.032,350.0,11715,3,0.2,0.0,0.1,0,2,True
52,52,52,0.0,0.00021999906,5.203825e-06,0.0,0.0769231,0.94871795,0.0,-0.0019430235,-0.031999998,160.0,11715,3,0.2,0.0,0.1,0,2,True
53,53,53,0.0,-0.0003041537,-2.1829462e-11,0.0,-0.64102566,-0.53846157,0.0,-0.001078434,-0.032,490.0,11715,3,0.2,0.0,0.1,0,2,True
54,54,54,0.0,-0.00030673976,5.456524e-12,0.0,-0.84615386,-0.3846154,0.0,-0.0012847495,-0.032,490.0,11715,3,0.2,0.0,0.1,0,2,True
55,55,55,0.0,-0.00030723767,-4.183653e-11,0.0,-0.3846154,-0.7948718,0.0,-0.0010710929,-0.032,372.0,11715,3,0.2,0.0,0.1,0,2,True
56,56,56,0.0,-0.00030398747,-5.638842e-11,0.0,-1.0,0.6923077,0.0,-0.00030468465,-0.032,812.0,11715,3,0.2,0.0,0.1,0,2,True
57,57,57,0.0,0.0003031032,6.18455e-11,0.0,1.0,0.53846157,0.0,-0.00049900817,-0.032,614.0,11715,3,0.2,0.0,0.1,0,2,True
58,58,58,0.0,-0.000305927,4.183722e-11,0.0,-0.5897436,-0.33333334,0.0,-0.002996111,-0.032,444.0,11715,3,0.2,0.0,0.1,0,2,True
59,59,59,0.0,0.0003050769,3.638534e-12,0.0,0.74358976,-1.0,0.0,-0.0002502706,-0.032,936.0,11715,3,0.2,0.0,0.1,0,2,True
60,60,60,0.0,0.00030472406,1.819267e-12,0.0,0.94871795,0.1794872,0.0,-0.0041212025,-0.032,485.0,11715,3,0.2,0.0,0.1,0,2,True
61,61,61,0.0,-0.0003050334,-8.549259e-11,0.0,-0.53846157,0.8974359,0.0,-0.00052688434,-0.032,511.0,11715,3,0.2,0.0,0.1,0,2,True
62,62,62,0.0,0.00030419204,-1.8189894e-12,0.0,0.1794872,-0.07692304,0.0,-0.027852548,-0.032,398.0,11715,3,0.2,0.0,0.1,0,2,True
63,63,63,0.0,0.00030365528,6.548362e-11,0.0,0.12820515,-0.43589744,0.0,-0.0068479474,-0.032,328.0,11715,3,0.2,0.0,0.1,0,2,True
64,64,64,0.0,-0.00030661598,-1.8174212e-12,0.0,-0.43589744,0.64102566,0.0,-0.0013742817,-0.032,432.0,11715,3,0.2,0.0,0.1,0,2,True
65,65,65,0.0,0.0003062632,3.2742253e-11,0.0,0.8974359,-0.4871795,0.0,-0.0007367987,-0.032,539.0,11715,3,0.2,0.0,0.1,0,2,True
66,66,66,0.0,0.00030416797,1.6370905e-11,0.0,0.025641054,-0.74358976,0.0,-0.0032258541,-0.032,128.0,11715,3,0.2,0.0,0.1,0,2,True
67,67,67,0.0,-0.00030676537,-2.7284956e-11,0.0,-0.7948718,-0.12820509,0.0,-0.008753005,-0.032,463.0,11715,3,0.2,0.0,0.1,0,2,True
68,68,68,0.0,-0.0003054008,-4.0017323e-11,0.0,-0.43589744,0.1794872,0.0,-0.011288705,-0.032,426.0,11715,3,0.2,0.0,0.1,0,2,True
69,69,69,0.0,0.00030510387,-1.4551922e-11,0.0,0.64102566,0.1794872,0.0,-0.0073252046,-0.032,446.0,11715,3,0.2,0.0,0.1,0,2,True
70,70,70,0.0,0.00030612358,2.3647598e-11,0.0,1.0,-0.2820513,0.0,-0.0017127475,-0.032,500.0,11715,3,0.2,0.0,0.1,0,2,True
71,71,71,0.0,0.00030662285,2.1828747e-11,0.0,0.8974359,-0.53846157,0.0,-0.0006066937,-0.032,571.0,11715,3,0.2,0.0,0.1,0,2,True
72,72,72,0.0,0.000303579,7.2760915e-11,0.0,0.6923077,-0.025640994,0.0,-0.024368195,-0.032,450.0,11715,3,0.2,0.0,0.1,0,2,True
73,73,73,0.0,-0.0003044172,-2.546583e-11,0.0,-0.2820513,-0.74358976,0.0,-0.0017126985,-0.032,321.0,11715,3,0.2,0.0,0.1,0,2,True
74,74,74,0.0,0.0003067475,-1.2733065e-11,0.0,0.6923077,-0.23076925,0.0,-0.004446556,-0.032,452.0,11715,3,0.2,0.0,0.1,0,2,True
75,75,75,0.0,-0.00030590032,-1.4502893e-06,0.0,-0.1794872,-1.0,0.0,-0.0013640679,-0.032,198.0,11715,3,0.2,0.0,0.1,0,2,True
76,76,76,0.0,-0.00030450863,-3.638048e-12,0.0,-0.7948718,-0.025640994,0.0,-0.022702929,-0.032,462.0,11715,3,0.2,0.0,0.1,0,2,True
77,77,77,0.0,0.00030743403,9.095044e-12,0.0,0.7948718,0.6923077,0.0,-0.00046010298,-0.032,652.0,11715,3,0.2,0.0,0.1,0,2,True
78,78,78,0.0,-0.00030729917,1.2732371e-11,0.0,-0.53846157,-0.64102566,0.0,-0.0010143359,-0.032,494.0,11715,3,0.2,0.0,0.1,0,2,True
79,79,79,0.0,0.00030503297,-2.3646855e-11,0.0,0.53846157,0.8974359,0.0,-0.0005268841,-0.032,511.0,11715,3,0.2,0.0,0.1,0,2,True
80,80,80,0.0,0.00030444385,5.4569696e-11,0.0,0.1794872,-0.84615386,0.0,-0.0018730036,-0.032,236.0,11715,3,0.2,0.0,0.1,0,2,True
81,81,81,0.0,0.00030395808,2.9103723e-11,0.0,0.74358976,-0.6923077,0.0,-0.00051656686,-0.032,620.0,11715,3,0.2,0.0,0.1,0,2,True
82,82,82,0.0,-0.00030324,-6.366663e-11,0.0,-0.6923077,-0.64102566,0.0,-0.00067791383,-0.032,555.0,11715,3,0.2,0.0,0.1,0,2,True
83,83,83,0.0,-0.00030640434,-9.0947735e-12,0.0,-0.64102566,0.6923077,0.0,-0.00066302734,-0.032,568.0,11715,3,0.2,0.0,0.1,0,2,True
84,84,84,0.0,0.00030530864,2.5464603e-11,0.0,0.8974359,-0.43589744,0.0,-0.00091301475,-0.032,518.0,11715,3,0.2,0.0,0.1,0,2,True
85,85,85,0.0,-0.00030510387,1.4551922e-11,0.0,-0.64102566,-0.1794872,0.0,-0.0073252046,-0.032,446.0,11715,3,0.2,0.0,0.1,0,2,True
86,86,86,0.0,0.00030351948,7.276409e-12,0.0,0.7948718,-0.23076925,0.0,-0.0035965398,-0.032,464.0,11715,3,0.2,0.0,0.1,0,2,True
87,87,87,0.0,-0.00030457845,-1.2732933e-11,0.0,-0.1794872,0.8974359,0.0,-0.0016761291,-0.032,222.0,11715,3,0.2,0.0,0.1,0,2,True
88,88,88,0.0,-0.00030339923,-1.819005e-12,0.0,-0.64102566,0.94871795,0.0,-0.00035723692,-0.032,679.0,11715,3,0.2,0.0,0.1,0,2,True
89,89,89,0.0,0.00030600902,2.364653e-11,0.0,0.5897436,-0.07692304,0.0,-0.019045722,-0.032,439.0,11715,3,0.2,0.0,0.1,0,2,True
90,90,90,0.0,-0.00030566048,-1.637096e-11,0.0,-0.4871795,0.12820515,0.0,-0.014801929,-0.032,430.0,11715,3,0.2,0.0,0.1,0,2,True
91,91,91,0.0,-0.00030409507,-3.0922487e-11,0.0,-0.4871795,-0.33333334,0.0,-0.003916407,-0.032,433.0,11715,3,0.2,0.0,0.1,0,2,True
92,92,92,0.0,-0.00030597107,7.2757356e-12,0.0,-0.3846154,0.12820515,0.0,-0.017551195,-0.032,422.0,11715,3,0.2,0.0,0.1,0,2,True
93,93,93,0.0,0.00030678124,-1.273269e-11,0.0,0.64102566,0.23076928,0.0,-0.004973479,-0.032,446.0,11715,3,0.2,0.0,0.1,0,2,True
94,94,94,0.0,-0.00030324032,-4.5473847e-11,0.0,-0.6923077,0.64102566,0.0,-0.0006779138,-0.032,555.0,11715,3,0.2,0.0,0.1,0,2,True
95,95,95,0.0,-0.00030502456,-7.276069e-12,0.0,-0.07692304,0.23076928,0.0,-0.016683586,-0.032,332.0,11715,3,0.2,0.0,0.1,0,2,True
96,96,96,0.0,0.00030592683,3.092194e-11,0.0,0.5897436,-0.33333334,0.0,-0.0029961108,-0.032,444.0,11715,3,0.2,0.0,0.1,0,2,True
97,97,97,0.0,0.00030703197,2.182697e-11,0.0,0.48717952,-0.23076925,0.0,-0.0071132197,-0.032,430.0,11715,3,0.2,0.0,0.1,0,2,True
98,98,98,0.0,0.0003037118,9.0945584e-12,0.0,0.28205132,-0.43589744,0.0,-0.0045051393,-0.032,397.0,11715,3,0.2,0.0,0.1,0,2,True
99,99,99,0.0,0.00030418718,6.912159e-11,0.0,1.0,0.48717952,0.0,-0.000606448,-0.032,573.0,11715,3,0.2,0.0,0.1,0,2,True
