,Unnamed: 0,e1,e2,e3,e4,e5,e0_1,e0_2,e0_3,e0_4,e0_5,Gamma,eta0,eta,count,success,seed,N,Jmax,alpha,gleak,ex,lk
0,0,0.0,-0.38127947,3.355004,-0.39719957,-0.020125618,0.0,-0.33333328,0.33333337,-1.0,-0.33333328,0.0,-0.00030214767,-0.019781074,592.0,1.0,18401,5,0.2,1.0,0.1,0,4
1,1,0.0,-9.708312,-0.55206925,-0.62702054,-0.074292965,0.0,-0.33333328,0.33333337,0.33333337,1.0,0.0,-4.174154e-05,-0.007763184,448.0,1.0,18401,5,0.2,1.0,0.1,0,4
2,2,0.0,-0.056764547,-0.18432944,7.892814,-0.120696455,0.0,-0.33333328,-1.0,1.0,-0.33333328,0.0,-0.0017527331,-0.011408682,533.0,1.0,18401,5,0.2,1.0,0.1,0,4
3,3,0.0,4.289229,2.91845,4.2085795,0.0014457522,0.0,1.0,0.33333337,1.0,0.33333337,0.0,-0.00032426626,-0.01650427,923.0,1.0,18401,5,0.2,1.0,0.1,0,4
4,4,0.0,-0.41081098,-0.6929477,-0.4649017,-0.04056016,0.0,-1.0,-1.0,-1.0,1.0,0.0,-0.00092986104,-0.026329968,124.0,1.0,18401,5,0.2,1.0,0.1,0,4
5,5,0.0,0.6535908,-0.35301778,-0.7369128,-0.114198156,0.0,0.33333337,-0.33333328,-0.33333328,-0.33333328,0.0,-0.008323494,-0.013192423,73.0,1.0,18401,5,0.2,1.0,0.1,0,4
6,6,0.0,0.6838756,6.217978,-0.47803614,-0.10492625,0.0,0.33333337,1.0,-1.0,0.33333337,0.0,-0.00023764178,-0.009547045,962.0,1.0,18401,5,0.2,1.0,0.1,0,4
7,7,0.0,-0.3688682,2.4750538,-0.38357243,-0.018110944,0.0,-1.0,0.33333337,-1.0,0.33333337,0.0,-0.00045520213,-0.01965941,276.0,1.0,18401,5,0.2,1.0,0.1,0,4
8,8,0.0,-7.391613,2.9632142,2.8730533,0.01403133,0.0,-1.0,0.33333337,0.33333337,-0.33333328,0.0,-0.0001616572,-0.007166882,489.0,1.0,18401,5,0.2,1.0,0.1,0,4
9,9,0.0,-6.7569647,4.3598566,4.264542,0.010118094,0.0,-0.33333328,1.0,0.33333337,0.33333337,0.0,-0.00016474655,-0.0072611743,711.0,1.0,18401,5,0.2,1.0,0.1,0,4
10,10,0.0,1.0191002,7.470072,7.379108,-0.018107804,0.0,0.33333337,1.0,1.0,-1.0,0.0,-2.3596871e-05,-0.007680916,374.0,1.0,18401,5,0.2,1.0,0.1,0,4
11,11,0.0,-2.5141196,-2.7033021,5.3840675,0.015516999,0.0,-1.0,-1.0,0.33333337,0.33333337,0.0,-8.509765e-05,-0.012540519,609.0,1.0,18401,5,0.2,1.0,0.1,0,4
12,12,0.0,0.8169858,-0.06282753,-0.03885478,0.1357801,0.0,0.33333337,-0.33333328,-0.33333328,0.33333337,0.0,-0.00045547294,-0.013369768,101.0,1.0,18401,5,0.2,1.0,0.1,0,4
13,13,0.0,-8.131174,4.893061,-0.4852092,-0.06692648,0.0,-0.33333328,1.0,-0.33333328,-0.33333328,0.0,-0.004387344,-0.0072116475,1526.0,1.0,18401,5,0.2,1.0,0.1,0,4
14,14,0.0,0.7155163,-0.08671066,7.2122426,-0.038596157,0.0,0.33333337,-0.33333328,1.0,1.0,0.0,-2.2190052e-05,-0.010673182,587.0,1.0,18401,5,0.2,1.0,0.1,0,4
15,15,0.0,-0.38633266,-0.6681652,-0.43767875,-0.0432861,0.0,-0.33333328,-1.0,-1.0,-1.0,0.0,-0.001248483,-0.026337964,119.0,1.0,18401,5,0.2,1.0,0.1,0,4
16,16,0.0,4.0064435,3.7159488,3.8652813,0.0010249215,0.0,1.0,1.0,1.0,-1.0,0.0,-6.378203e-05,-0.020030571,334.0,1.0,18401,5,0.2,1.0,0.1,0,4
17,17,0.0,-8.914172,4.470387,0.113180324,0.2308626,0.0,-1.0,0.33333337,-0.33333328,1.0,0.0,-5.119684e-05,-0.005615766,468.0,1.0,18401,5,0.2,1.0,0.1,0,4
18,18,0.0,-0.37948966,-0.6617796,-0.42973298,-0.043925945,0.0,-0.33333328,0.33333337,0.33333337,-0.33333328,0.0,-0.00021384179,-0.026335677,132.0,1.0,18401,5,0.2,1.0,0.1,0,4
19,19,0.0,2.677067,-0.10523213,2.5999155,-0.015427157,0.0,1.0,-1.0,0.33333337,0.33333337,0.0,-0.00018568242,-0.019638965,681.0,1.0,18401,5,0.2,1.0,0.1,0,4
20,20,0.0,-5.729316,7.0447845,6.958363,0.0069944463,0.0,-0.33333328,1.0,0.33333337,-1.0,0.0,-3.9081096e-06,-0.0073458366,865.0,1.0,18401,5,0.2,1.0,0.1,0,4
21,21,0.0,-0.37654048,-0.6583737,-0.42605877,-0.04444679,0.0,-1.0,-0.33333328,-1.0,-1.0,0.0,-0.0015738528,-0.026332268,161.0,1.0,18401,5,0.2,1.0,0.1,0,4
22,22,0.0,-6.619382,2.6163313,5.882481,0.008642694,0.0,-0.33333328,0.33333337,1.0,-0.33333328,0.0,-0.00025035112,-0.0067414506,550.0,1.0,18401,5,0.2,1.0,0.1,0,4
23,23,0.0,0.7155558,-0.08669844,7.210849,-0.038588334,0.0,0.33333337,-1.0,1.0,-1.0,0.0,-2.5373069e-05,-0.010672946,531.0,1.0,18401,5,0.2,1.0,0.1,0,4
24,24,0.0,0.6837911,6.2225075,-0.47788507,-0.10495701,0.0,0.33333337,1.0,-1.0,-1.0,0.0,-5.535949e-05,-0.009547195,381.0,1.0,18401,5,0.2,1.0,0.1,0,4
25,25,0.0,2.7386856,-0.10589921,2.6619232,-0.015600323,0.0,0.33333337,-1.0,0.33333337,-0.33333328,0.0,-8.3042156e-05,-0.019660754,538.0,1.0,18401,5,0.2,1.0,0.1,0,4
26,26,0.0,-0.35285422,-0.6349395,-0.39920104,-0.04605008,0.0,-0.33333328,-1.0,-0.33333328,-0.33333328,0.0,-0.011791266,-0.026328979,1960.0,1.0,18401,5,0.2,1.0,0.1,0,4
27,27,0.0,-0.38019997,3.0401492,-0.3958933,-0.019380681,0.0,-1.0,0.33333337,-1.0,-0.33333328,0.0,-0.0004418413,-0.019745175,540.0,1.0,18401,5,0.2,1.0,0.1,0,4
28,28,0.0,-6.035304,6.0166397,5.927971,0.007858099,0.0,-0.33333328,1.0,1.0,1.0,0.0,-0.00011549584,-0.007316516,323.0,1.0,18401,5,0.2,1.0,0.1,0,4
29,29,0.0,-2.1825387,-2.3707259,7.0727983,0.014664738,0.0,-1.0,-1.0,1.0,-0.33333328,0.0,-0.00129065,-0.012642554,556.0,1.0,18401,5,0.2,1.0,0.1,0,4
30,30,0.0,-1.0484344,-0.19719695,-1.0631871,-0.053561978,0.0,-1.0,-0.33333328,-1.0,0.33333337,0.0,-0.006734962,-0.020685611,104.0,1.0,18401,5,0.2,1.0,0.1,0,4
31,31,0.0,1.4588057,1.2524207,-0.46044677,-0.08092911,0.0,1.0,1.0,-0.33333328,-0.33333328,0.0,-0.0030169638,-0.015428406,117.0,1.0,18401,5,0.2,1.0,0.1,0,4
32,32,0.0,3.6709461,9.072352,3.6131887,0.0012085529,0.0,0.33333337,1.0,0.33333337,-1.0,0.0,-9.452058e-06,-0.016536092,677.0,1.0,18401,5,0.2,1.0,0.1,0,4
33,33,0.0,-0.34092283,4.4432244,-0.35466993,-0.024864087,0.0,-0.33333328,1.0,-0.33333328,1.0,0.0,-0.00054020644,-0.019868096,131.0,1.0,18401,5,0.2,1.0,0.1,0,4
34,34,0.0,-0.056743924,-0.18430495,7.8981214,-0.12069487,0.0,-1.0,-1.0,1.0,-1.0,0.0,-0.00022736644,-0.01140889,302.0,1.0,18401,5,0.2,1.0,0.1,0,4
35,35,0.0,-5.9997945,6.1305184,6.041748,0.007748679,0.0,-1.0,1.0,1.0,1.0,0.0,-0.00013751218,-0.0073200907,328.0,1.0,18401,5,0.2,1.0,0.1,0,4
36,36,0.0,4.060673,3.7704356,3.9191322,0.0010103693,0.0,1.0,0.33333337,0.33333337,1.0,0.0,-2.0656486e-05,-0.020056073,604.0,1.0,18401,5,0.2,1.0,0.1,0,4
37,37,0.0,2.7196844,-0.105686665,2.6428137,-0.015547964,0.0,1.0,-0.33333328,1.0,0.33333337,0.0,-0.0010504049,-0.019654287,476.0,1.0,18401,5,0.2,1.0,0.1,0,4
38,38,0.0,1.0108458,7.2382627,7.1495566,-0.01815581,0.0,0.33333337,1.0,1.0,0.33333337,0.0,-0.0001545953,-0.0076471763,529.0,1.0,18401,5,0.2,1.0,0.1,0,4
39,39,0.0,0.94812536,-0.01989534,-0.6443954,0.028851027,0.0,1.0,-0.33333328,-1.0,0.33333337,0.0,-0.0024650337,-0.012203759,109.0,1.0,18401,5,0.2,1.0,0.1,0,4
40,40,0.0,-5.783133,6.851739,6.7651105,0.007135018,0.0,-1.0,1.0,0.33333337,-1.0,0.0,-1.079379e-05,-0.0073408424,764.0,1.0,18401,5,0.2,1.0,0.1,0,4
41,41,0.0,3.6777568,8.524691,3.62077,0.0012163926,0.0,0.33333337,1.0,0.33333337,-0.33333328,0.0,-8.2848775e-05,-0.016520808,1166.0,1.0,18401,5,0.2,1.0,0.1,0,4
42,42,0.0,1.4822197,1.2758052,-0.46635863,-0.08004484,0.0,1.0,0.33333337,-0.33333328,0.33333337,0.0,-0.00043092328,-0.01543492,117.0,1.0,18401,5,0.2,1.0,0.1,0,4
43,43,0.0,2.3233123,2.1249475,0.09837229,0.24110338,0.0,1.0,1.0,-0.33333328,1.0,0.0,-0.00020638286,-0.009951784,107.0,1.0,18401,5,0.2,1.0,0.1,0,4
44,44,0.0,-7.9510965,-0.116955236,7.1203156,-0.0271657,0.0,-1.0,-0.33333328,1.0,0.33333337,0.0,-0.0012361661,-0.007282994,537.0,1.0,18401,5,0.2,1.0,0.1,0,4
45,45,0.0,-0.8719763,-0.20771347,-0.88032895,-0.05890842,0.0,-1.0,-0.33333328,-1.0,-0.33333328,0.0,-0.009949245,-0.020678483,85.0,1.0,18401,5,0.2,1.0,0.1,0,4
46,46,0.0,0.683864,6.218789,-0.4780092,-0.104931735,0.0,0.33333337,1.0,-0.33333328,0.33333337,0.0,-0.00032763183,-0.00954708,756.0,1.0,18401,5,0.2,1.0,0.1,0,4
47,47,0.0,-5.5190954,-5.7115235,-0.5266512,-0.064082645,0.0,-1.0,-1.0,-0.33333328,-1.0,0.0,-0.0019960513,-0.013102399,772.0,1.0,18401,5,0.2,1.0,0.1,0,4
48,48,0.0,-0.34078735,3.974559,-0.35450873,-0.023759235,0.0,-1.0,1.0,-1.0,-1.0,0.0,-0.00031885723,-0.019837683,136.0,1.0,18401,5,0.2,1.0,0.1,0,4
49,49,0.0,-0.3775039,3.215655,-0.39315253,-0.020163238,0.0,-0.33333328,1.0,-0.33333328,0.33333337,0.0,-0.003745035,-0.019767009,129.0,1.0,18401,5,0.2,1.0,0.1,0,4
50,50,0.0,1.743146,1.5370926,-0.49719203,-0.072938554,0.0,0.33333337,0.33333337,-1.0,1.0,0.0,-3.3232787e-05,-0.01545988,87.0,1.0,18401,5,0.2,1.0,0.1,0,4
51,51,0.0,-8.17662,-0.114568055,5.2887506,-0.025313094,0.0,-1.0,-0.33333328,1.0,-0.33333328,0.0,-0.0015281166,-0.0072364635,485.0,1.0,18401,5,0.2,1.0,0.1,0,4
52,52,0.0,0.7155182,-0.086692646,7.216092,-0.038594767,0.0,0.33333337,-0.33333328,1.0,-1.0,0.0,-2.6419928e-05,-0.010673349,383.0,1.0,18401,5,0.2,1.0,0.1,0,4
53,53,0.0,0.68381745,6.218669,-0.47796866,-0.10494021,0.0,0.33333337,1.0,-0.33333328,-0.33333328,0.0,-0.0017052116,-0.009547072,796.0,1.0,18401,5,0.2,1.0,0.1,0,4
54,54,0.0,-6.450493,4.887014,4.797104,0.009234635,0.0,-1.0,1.0,1.0,0.33333337,0.0,-0.0010891705,-0.0072776712,309.0,1.0,18401,5,0.2,1.0,0.1,0,4
55,55,0.0,1.4887285,1.2822481,-0.4653814,-0.080096,0.0,1.0,0.33333337,-0.33333328,-0.33333328,0.0,-0.0009907312,-0.015436384,184.0,1.0,18401,5,0.2,1.0,0.1,0,4
56,56,0.0,-9.7495365,-0.57548565,-0.65293354,-0.07142128,0.0,-1.0,-0.33333328,-0.33333328,-0.33333328,0.0,-0.0035762438,-0.007767702,817.0,1.0,18401,5,0.2,1.0,0.1,0,4
57,57,0.0,2.6755762,-0.10521309,2.5984085,-0.015422767,0.0,0.33333337,-1.0,0.33333337,0.33333337,0.0,-8.358759e-05,-0.019638155,488.0,1.0,18401,5,0.2,1.0,0.1,0,4
58,58,0.0,-0.37598047,4.2624364,-0.3919502,-0.021958405,0.0,-1.0,0.33333337,-1.0,1.0,0.0,-5.211876e-05,-0.019855857,142.0,1.0,18401,5,0.2,1.0,0.1,0,4
59,59,0.0,1.5835475,1.3789009,-0.47416976,-0.07784932,0.0,1.0,1.0,-1.0,-0.33333328,0.0,-0.0014705355,-0.015452807,76.0,1.0,18401,5,0.2,1.0,0.1,0,4
60,60,0.0,0.6836243,6.227696,-0.47776186,-0.10499045,0.0,0.33333337,1.0,-1.0,1.0,0.0,-3.8024737e-05,-0.009547546,302.0,1.0,18401,5,0.2,1.0,0.1,0,4
61,61,0.0,2.646435,-0.10487915,2.569074,-0.015337943,0.0,1.0,-0.33333328,1.0,1.0,0.0,-0.0001248103,-0.019627064,267.0,1.0,18401,5,0.2,1.0,0.1,0,4
62,62,0.0,-5.3024273,6.198158,10.973653,0.005525043,0.0,-1.0,0.33333337,1.0,-1.0,0.0,-3.9454782e-05,-0.0069037364,730.0,1.0,18401,5,0.2,1.0,0.1,0,4
63,63,0.0,-5.2435007,-5.435531,-0.5185877,-0.06514642,0.0,-0.33333328,-1.0,0.33333337,1.0,0.0,-6.8717013e-06,-0.013035836,506.0,1.0,18401,5,0.2,1.0,0.1,0,4
64,64,0.0,-8.379409,-0.11240361,4.1134143,-0.023244346,0.0,-1.0,-0.33333328,0.33333337,0.33333337,0.0,-5.171878e-06,-0.0071876147,623.0,1.0,18401,5,0.2,1.0,0.1,0,4
65,65,0.0,4.055217,3.7647436,3.9142947,0.0010097174,0.0,0.33333337,0.33333337,0.33333337,-1.0,0.0,-9.4372845e-06,-0.020054605,498.0,1.0,18401,5,0.2,1.0,0.1,0,4
66,66,0.0,-0.43007872,-0.712215,-0.4868371,-0.038461853,0.0,-1.0,-1.0,-1.0,0.33333337,0.0,-0.005637903,-0.026316306,546.0,1.0,18401,5,0.2,1.0,0.1,0,4
67,67,0.0,-0.5306757,-0.92088664,-0.13502066,-0.44697544,0.0,-0.33333328,-0.33333328,0.33333337,-0.33333328,0.0,-7.2097355e-05,-0.007963895,113.0,1.0,18401,5,0.2,1.0,0.1,0,4
68,68,0.0,1.7538229,1.5477294,-0.49747095,-0.0748292,0.0,1.0,0.33333337,-1.0,-1.0,0.0,-6.043641e-05,-0.015459544,123.0,1.0,18401,5,0.2,1.0,0.1,0,4
69,69,0.0,-2.1523054,-2.3404288,7.276411,0.014595047,0.0,-0.33333328,-0.33333328,1.0,0.33333337,0.0,-0.0008902157,-0.012652109,539.0,1.0,18401,5,0.2,1.0,0.1,0,4
70,70,0.0,4.293399,4.002902,4.152127,0.00094967,0.0,1.0,1.0,1.0,0.33333337,0.0,-0.0005581821,-0.020171737,1011.0,1.0,18401,5,0.2,1.0,0.1,0,4
71,71,0.0,-5.264404,-5.4564295,-0.5206474,-0.064862765,0.0,-1.0,-1.0,-0.33333328,-0.33333328,0.0,-0.002737777,-0.013041976,1908.0,1.0,18401,5,0.2,1.0,0.1,0,4
72,72,0.0,-0.33649653,3.7661612,-0.34984693,-0.023910854,0.0,-0.33333328,0.33333337,-1.0,-1.0,0.0,-3.8025195e-05,-0.019820392,179.0,1.0,18401,5,0.2,1.0,0.1,0,4
73,73,0.0,-8.660006,1.8258821,-0.45651028,-0.06391144,0.0,-1.0,0.33333337,-0.33333328,-0.33333328,0.0,-0.0005271271,-0.0071823387,558.0,1.0,18401,5,0.2,1.0,0.1,0,4
74,74,0.0,0.8180766,-1.5914248,0.06047039,0.23062585,0.0,0.33333337,-1.0,-0.33333328,1.0,0.0,-8.2316365e-05,-0.00937797,117.0,1.0,18401,5,0.2,1.0,0.1,0,4
75,75,0.0,0.66681254,-0.34865785,-0.7585078,-0.11193542,0.0,0.33333337,-1.0,-1.0,-0.33333328,0.0,-0.0010991,-0.013193414,88.0,1.0,18401,5,0.2,1.0,0.1,0,4
76,76,0.0,0.6658241,-0.3422778,-0.7607129,-0.112298995,0.0,0.33333337,-1.0,-1.0,-1.0,0.0,-7.1478185e-05,-0.013193558,107.0,1.0,18401,5,0.2,1.0,0.1,0,4
77,77,0.0,3.029779,2.8306932,9.73246,-0.0050481134,0.0,0.33333337,0.33333337,1.0,-1.0,0.0,-2.000893e-05,-0.012302412,872.0,1.0,18401,5,0.2,1.0,0.1,0,4
78,78,0.0,-6.0770326,5.8925576,5.8051796,0.007979808,0.0,-1.0,1.0,1.0,-0.33333328,0.0,-0.0007799062,-0.007313046,497.0,1.0,18401,5,0.2,1.0,0.1,0,4
79,79,0.0,2.6615815,-0.10503957,2.5843222,-0.0153825525,0.0,1.0,-1.0,0.33333337,1.0,0.0,-1.6010827e-05,-0.019632895,273.0,1.0,18401,5,0.2,1.0,0.1,0,4
80,80,0.0,-0.08979471,7.192994,7.105608,-0.18926133,0.0,-0.33333328,1.0,1.0,-0.33333328,0.0,-0.00095651374,-0.0050037303,381.0,1.0,18401,5,0.2,1.0,0.1,0,4
81,81,0.0,2.624833,-0.10464396,2.5473273,-0.015274612,0.0,1.0,-0.33333328,0.33333337,0.33333337,0.0,-0.00016780625,-0.019618962,819.0,1.0,18401,5,0.2,1.0,0.1,0,4
82,82,0.0,3.877484,3.5870867,3.7350957,0.0010672848,0.0,1.0,1.0,0.33333337,-0.33333328,0.0,-0.000100732155,-0.019954978,536.0,1.0,18401,5,0.2,1.0,0.1,0,4
83,83,0.0,4.3551893,2.9615684,4.274649,0.0014276594,0.0,0.33333337,0.33333337,0.33333337,1.0,0.0,-9.475325e-06,-0.01652798,539.0,1.0,18401,5,0.2,1.0,0.1,0,4
84,84,0.0,2.696828,-0.10545579,2.6198275,-0.015496246,0.0,1.0,-0.33333328,1.0,-1.0,0.0,-0.00012476572,-0.019645443,183.0,1.0,18401,5,0.2,1.0,0.1,0,4
85,85,0.0,-0.39413628,-0.67630875,-0.44626448,-0.04203941,0.0,-0.33333328,-0.33333328,-0.33333328,-0.33333328,0.0,-0.013009054,-0.026337994,119.0,1.0,18401,5,0.2,1.0,0.1,0,4
86,86,0.0,-2.1491566,-2.3373413,9.296617,0.013413316,0.0,-1.0,-1.0,0.33333337,-1.0,0.0,-2.4085828e-06,-0.012785575,648.0,1.0,18401,5,0.2,1.0,0.1,0,4
87,87,0.0,0.82112306,-1.6098388,0.060843114,0.23038188,0.0,1.0,-1.0,-0.33333328,1.0,0.0,-0.00048920186,-0.009378163,99.0,1.0,18401,5,0.2,1.0,0.1,0,4
88,88,0.0,0.6628134,-1.7314045,-0.46784678,-0.12507287,0.0,1.0,-1.0,-0.33333328,-1.0,0.0,-0.0008458687,-0.01081432,90.0,1.0,18401,5,0.2,1.0,0.1,0,4
89,89,0.0,-0.08980591,7.9608903,7.8779893,-0.18960641,0.0,-0.33333328,1.0,1.0,-1.0,0.0,-0.0001395344,-0.0050721793,427.0,1.0,18401,5,0.2,1.0,0.1,0,4
90,90,0.0,2.659584,-0.10500552,2.582266,-0.015377247,0.0,1.0,-1.0,0.33333337,-0.33333328,0.0,-8.711598e-05,-0.01963205,420.0,1.0,18401,5,0.2,1.0,0.1,0,4
91,91,0.0,0.8222016,-0.062305298,-0.038922466,0.13524066,0.0,1.0,-0.33333328,-0.33333328,1.0,0.0,-0.0009715614,-0.013369656,100.0,1.0,18401,5,0.2,1.0,0.1,0,4
92,92,0.0,0.66491044,-0.320913,-0.8041753,-0.109784536,0.0,0.33333337,-1.0,-1.0,1.0,0.0,-4.3737775e-05,-0.013190401,137.0,1.0,18401,5,0.2,1.0,0.1,0,4
93,93,0.0,-0.35586545,-0.6379401,-0.4029131,-0.04574708,0.0,-1.0,-0.33333328,-0.33333328,-1.0,0.0,-0.0024627,-0.026329545,166.0,1.0,18401,5,0.2,1.0,0.1,0,4
94,94,0.0,-12.218272,2.0753524,5.043897,0.0090280315,0.0,-1.0,0.33333337,1.0,0.33333337,0.0,-0.00042198514,-0.0069107944,903.0,1.0,18401,5,0.2,1.0,0.1,0,4
95,95,0.0,0.6838086,6.217885,-0.47802347,-0.10493337,0.0,0.33333337,1.0,-1.0,-0.33333328,0.0,-0.0006835069,-0.009546884,691.0,1.0,18401,5,0.2,1.0,0.1,0,4
96,96,0.0,1.4779236,1.2715795,-0.4671697,-0.07992069,0.0,0.33333337,0.33333337,-1.0,0.33333337,0.0,-0.00021766203,-0.01543389,126.0,1.0,18401,5,0.2,1.0,0.1,0,4
97,97,0.0,-9.753497,-0.57422286,-0.65178055,-0.0715483,0.0,-1.0,-0.33333328,-0.33333328,1.0,0.0,-0.00045097442,-0.0077678054,441.0,1.0,18401,5,0.2,1.0,0.1,0,4
98,98,0.0,0.661748,-1.7390307,-0.46868217,-0.12346051,0.0,0.33333337,-1.0,-0.33333328,-1.0,0.0,-0.00020611878,-0.010814778,100.0,1.0,18401,5,0.2,1.0,0.1,0,4
99,99,0.0,1.4457861,1.2394347,-0.46396104,-0.08055768,0.0,0.33333337,0.33333337,-1.0,-0.33333328,0.0,-0.0005807187,-0.015425052,319.0,1.0,18401,5,0.2,1.0,0.1,0,4
