,Unnamed: 0,e1,e2,e3,e4,e5,e0_1,e0_2,e0_3,e0_4,e0_5,Gamma,eta0,eta,count,success,seed,N,Jmax,alpha,gleak,ex,lk
0,0,0.0,-0.06940425,-0.104193434,-0.092020154,-0.0106602,0.0,-1.0,-1.0,-1.0,0.33333337,0.0,-0.000112974194,-0.019370727,156.0,1.0,75375,5,0.2,3.0,0.1,0,4
1,1,0.0,-0.06540988,-0.10206663,-0.08819808,-0.010402485,0.0,0.33333337,0.33333337,1.0,1.0,0.0,-3.975571e-07,-0.01937189,115.0,1.0,75375,5,0.2,3.0,0.1,0,4
2,2,0.0,-0.065180026,-0.10012635,-0.08805916,-0.010472506,0.0,-0.33333328,-1.0,0.33333337,-0.33333328,0.0,-0.00013846367,-0.019371992,112.0,1.0,75375,5,0.2,3.0,0.1,0,4
3,3,0.0,-0.05716379,-0.095696144,-0.0802021,-0.010446285,0.0,-0.33333328,-1.0,-0.33333328,0.33333337,0.0,-0.0008294852,-0.019372948,103.0,1.0,75375,5,0.2,3.0,0.1,0,4
4,4,0.0,-0.056184977,-0.097305216,-0.07952393,-0.010753831,0.0,0.33333337,1.0,1.0,-1.0,0.0,-2.2291102e-08,-0.019372908,121.0,1.0,75375,5,0.2,3.0,0.1,0,4
5,5,0.0,-0.058298998,-0.097355224,-0.080854885,-0.010778641,0.0,-0.33333328,1.0,1.0,-1.0,0.0,-1.5143486e-06,-0.019372923,120.0,1.0,75375,5,0.2,3.0,0.1,0,4
6,6,0.0,-0.059946354,-0.09542455,-0.08298572,-0.010742468,0.0,-0.33333328,-0.33333328,0.33333337,0.33333337,0.0,-0.00036005283,-0.019372815,100.0,1.0,75375,5,0.2,3.0,0.1,0,4
7,7,0.0,-0.05827874,-0.0951873,-0.081609346,-0.010644916,0.0,0.33333337,-1.0,1.0,1.0,0.0,-1.5052782e-07,-0.019372938,121.0,1.0,75375,5,0.2,3.0,0.1,0,4
8,8,0.0,-0.07113815,-0.10572632,-0.0937485,-0.01068258,0.0,-1.0,0.33333337,-1.0,-0.33333328,0.0,-1.7553999e-05,-0.019370139,559.0,1.0,75375,5,0.2,3.0,0.1,0,4
9,9,0.0,-0.056348328,-0.09475701,-0.079450086,-0.010300059,0.0,-1.0,-1.0,0.33333337,-0.33333328,0.0,-2.4358975e-05,-0.019372914,117.0,1.0,75375,5,0.2,3.0,0.1,0,4
10,10,0.0,-0.060466938,-0.09553089,-0.08299755,-0.010888685,0.0,-1.0,-0.33333328,1.0,-1.0,0.0,-3.2192734e-08,-0.019372715,121.0,1.0,75375,5,0.2,3.0,0.1,0,4
11,11,0.0,-0.5492241,-0.7145714,17.03838,0.058702696,0.0,-1.0,-1.0,1.0,1.0,0.0,-1.2567192e-07,-0.00049675343,694.0,1.0,75375,5,0.2,3.0,0.1,0,4
12,12,0.0,-0.06336734,-0.09576276,-0.08636507,-0.010471754,0.0,1.0,-1.0,1.0,1.0,0.0,-1.9227609e-07,-0.019372206,114.0,1.0,75375,5,0.2,3.0,0.1,0,4
13,13,0.0,1.7405053,-0.7486436,-0.12560353,0.79286075,0.0,1.0,-1.0,-0.33333328,1.0,0.0,-1.246714e-07,-1.9442115e-05,100001.0,0.0,75375,5,0.2,3.0,0.1,0,4
14,14,0.0,-0.05705229,-0.09923875,-0.0804504,-0.01003151,0.0,-1.0,-0.33333328,-1.0,-1.0,0.0,-4.2668293e-05,-0.019372758,107.0,1.0,75375,5,0.2,3.0,0.1,0,4
15,15,0.0,-0.05776024,-0.098857716,-0.0812533,-0.01017249,0.0,0.33333337,-0.33333328,0.33333337,-0.33333328,0.0,-0.00014156525,-0.019372825,96.0,1.0,75375,5,0.2,3.0,0.1,0,4
16,16,0.0,-0.05965481,-0.10388897,-0.083394475,-0.009638758,0.0,-1.0,-1.0,-1.0,-1.0,0.0,-1.2890176e-05,-0.019372243,107.0,1.0,75375,5,0.2,3.0,0.1,0,4
17,17,0.0,-0.063441955,-0.1032739,-0.08593432,-0.010781792,0.0,1.0,0.33333337,0.33333337,1.0,0.0,-2.9203927e-06,-0.019372249,107.0,1.0,75375,5,0.2,3.0,0.1,0,4
18,18,0.0,-0.060422007,-0.093136124,-0.08355123,-0.010068666,0.0,0.33333337,0.33333337,0.33333337,-1.0,0.0,-1.9094487e-05,-0.019372514,97.0,1.0,75375,5,0.2,3.0,0.1,0,4
19,19,0.0,9.623076,10.841895,9.623144,-4.129195e-06,0.0,1.0,1.0,1.0,-0.33333328,0.0,-8.7336747e-07,-0.0003062612,13055.0,1.0,75375,5,0.2,3.0,0.1,0,4
20,20,0.0,-0.056805238,-0.096,-0.079063274,-0.0107793175,0.0,-1.0,0.33333337,-0.33333328,-0.33333328,0.0,-6.198554e-05,-0.019372936,101.0,1.0,75375,5,0.2,3.0,0.1,0,4
21,21,0.0,-0.13558763,1.4512992,-0.13895637,0.003931425,0.0,-0.33333328,1.0,-0.33333328,-0.33333328,0.0,-5.156588e-07,-0.0006071876,228.0,1.0,75375,5,0.2,3.0,0.1,0,4
22,22,0.0,-0.056059785,-0.09554237,-0.07938241,-0.010006068,0.0,-0.33333328,-0.33333328,-1.0,-1.0,0.0,-8.51626e-05,-0.019372918,118.0,1.0,75375,5,0.2,3.0,0.1,0,4
23,23,0.0,-0.062745,-0.103187256,-0.08571939,-0.010435027,0.0,-1.0,1.0,0.33333337,-1.0,0.0,-8.476801e-07,-0.019372305,130.0,1.0,75375,5,0.2,3.0,0.1,0,4
24,24,0.0,-0.059563056,-0.0957883,-0.08257185,-0.009843227,0.0,0.33333337,-0.33333328,0.33333337,1.0,0.0,-1.6106433e-05,-0.019372907,100.0,1.0,75375,5,0.2,3.0,0.1,0,4
25,25,0.0,-0.0595163,-0.09706206,-0.08237731,-0.011108043,0.0,0.33333337,-0.33333328,1.0,-1.0,0.0,-8.821873e-07,-0.01937285,117.0,1.0,75375,5,0.2,3.0,0.1,0,4
26,26,0.0,-0.059084345,-0.09805741,-0.08252236,-0.010349753,0.0,1.0,-0.33333328,-0.33333328,-0.33333328,0.0,-0.00030809335,-0.019372895,109.0,1.0,75375,5,0.2,3.0,0.1,0,4
27,27,0.0,-0.067304865,-0.100299105,-0.08990496,-0.010978374,0.0,0.33333337,-1.0,-0.33333328,-0.33333328,0.0,-0.0006283486,-0.019371487,104.0,1.0,75375,5,0.2,3.0,0.1,0,4
28,28,0.0,-0.056595977,-0.09473866,-0.07949469,-0.011020521,0.0,0.33333337,0.33333337,-0.33333328,1.0,0.0,-3.3192984e-05,-0.019372893,95.0,1.0,75375,5,0.2,3.0,0.1,0,4
29,29,0.0,-0.048941124,-0.08778398,-0.071832836,-0.0101265935,0.0,1.0,1.0,0.33333337,-0.33333328,0.0,-6.4163083e-07,-0.019371746,111.0,1.0,75375,5,0.2,3.0,0.1,0,4
30,30,0.0,-0.05588302,-0.09558382,-0.079011604,-0.010861535,0.0,-0.33333328,-1.0,0.33333337,1.0,0.0,-1.1726319e-05,-0.01937292,113.0,1.0,75375,5,0.2,3.0,0.1,0,4
31,31,0.0,-0.05850557,-0.0950278,-0.081334084,-0.011309561,0.0,-0.33333328,-0.33333328,-0.33333328,0.33333337,0.0,-0.0026326308,-0.019372893,78.0,1.0,75375,5,0.2,3.0,0.1,0,4
32,32,0.0,-0.059834834,-0.09724458,-0.082783885,-0.01022232,0.0,-0.33333328,0.33333337,0.33333337,1.0,0.0,-1.2819475e-05,-0.019372862,117.0,1.0,75375,5,0.2,3.0,0.1,0,4
33,33,0.0,10.80601,10.754109,10.7469425,2.241825e-05,0.0,1.0,0.33333337,1.0,-1.0,0.0,-2.9893823e-08,-0.00031253847,460.0,1.0,75375,5,0.2,3.0,0.1,0,4
34,34,0.0,-0.05760529,-0.09357874,-0.07995306,-0.01093576,0.0,-0.33333328,-0.33333328,-1.0,1.0,0.0,-9.9707e-05,-0.019372826,115.0,1.0,75375,5,0.2,3.0,0.1,0,4
35,35,0.0,-0.060367316,-0.10345859,-0.084125414,-0.01078981,0.0,1.0,1.0,-1.0,-1.0,0.0,-1.0765367e-06,-0.01937236,103.0,1.0,75375,5,0.2,3.0,0.1,0,4
36,36,0.0,-0.06127675,-0.096177466,-0.08409059,-0.010671344,0.0,-0.33333328,-1.0,-1.0,-1.0,0.0,-2.8316255e-05,-0.019372685,120.0,1.0,75375,5,0.2,3.0,0.1,0,4
37,37,0.0,-0.055510584,-0.095221624,-0.079329334,-0.009887653,0.0,-1.0,0.33333337,1.0,1.0,0.0,-2.374586e-06,-0.019372916,125.0,1.0,75375,5,0.2,3.0,0.1,0,4
38,38,0.0,-0.056650765,-0.095799424,-0.080079906,-0.010388479,0.0,-1.0,1.0,0.33333337,1.0,0.0,-1.5030323e-06,-0.01937294,145.0,1.0,75375,5,0.2,3.0,0.1,0,4
39,39,0.0,-0.043519937,-0.08414011,-0.066948555,-0.010206078,0.0,1.0,1.0,-0.33333328,1.0,0.0,-1.9396045e-06,-0.019369965,131.0,1.0,75375,5,0.2,3.0,0.1,0,4
40,40,0.0,-0.058378633,-0.098149866,-0.082040176,-0.009727392,0.0,0.33333337,-1.0,-0.33333328,-1.0,0.0,-5.0529467e-05,-0.019372916,93.0,1.0,75375,5,0.2,3.0,0.1,0,4
41,41,0.0,-0.056242492,-0.09620233,-0.08011708,-0.010791852,0.0,1.0,-0.33333328,-1.0,-1.0,0.0,-4.3389488e-08,-0.019372938,107.0,1.0,75375,5,0.2,3.0,0.1,0,4
42,42,0.0,-0.060201403,-0.09786128,-0.08298502,-0.010147677,0.0,1.0,-0.33333328,0.33333337,-1.0,0.0,-8.536579e-07,-0.019372853,122.0,1.0,75375,5,0.2,3.0,0.1,0,4
43,43,0.0,-0.068773404,-0.102262795,-0.09127263,-0.010699385,0.0,-0.33333328,-1.0,-1.0,-0.33333328,0.0,-0.00020065774,-0.019370966,116.0,1.0,75375,5,0.2,3.0,0.1,0,4
44,44,0.0,-0.058623545,-0.09523571,-0.08195368,-0.011025573,0.0,1.0,-0.33333328,-0.33333328,-1.0,0.0,-5.8394467e-06,-0.019372886,105.0,1.0,75375,5,0.2,3.0,0.1,0,4
45,45,0.0,-0.059298623,-0.097264476,-0.0826386,-0.009829951,0.0,-0.33333328,0.33333337,-0.33333328,1.0,0.0,-4.445877e-05,-0.019372886,101.0,1.0,75375,5,0.2,3.0,0.1,0,4
46,46,0.0,-0.05528339,-0.09242761,-0.07833115,-0.011117902,0.0,0.33333337,0.33333337,-1.0,-1.0,0.0,-1.2791551e-05,-0.019372825,96.0,1.0,75375,5,0.2,3.0,0.1,0,4
47,47,0.0,-0.05553451,-0.0965341,-0.078819394,-0.010076497,0.0,-1.0,0.33333337,1.0,-1.0,0.0,-2.3772131e-06,-0.019372864,123.0,1.0,75375,5,0.2,3.0,0.1,0,4
48,48,0.0,-0.06188561,-0.09713278,-0.08369012,-0.010694671,0.0,1.0,-0.33333328,-1.0,0.33333337,0.0,-1.9368822e-07,-0.019372683,101.0,1.0,75375,5,0.2,3.0,0.1,0,4
49,49,0.0,-0.059053686,-0.09677953,-0.08210063,-0.010367715,0.0,-1.0,-0.33333328,-0.33333328,1.0,0.0,-3.950612e-05,-0.019372888,112.0,1.0,75375,5,0.2,3.0,0.1,0,4
50,50,0.0,-0.05355268,-0.09200313,-0.07662572,-0.010032777,0.0,1.0,-0.33333328,0.33333337,-0.33333328,0.0,-6.1989354e-06,-0.019372707,104.0,1.0,75375,5,0.2,3.0,0.1,0,4
51,51,0.0,-0.15033332,17.631577,-0.15633456,0.0057629743,0.0,-0.33333328,1.0,-1.0,0.33333337,0.0,-9.960293e-07,-0.008274714,465.0,1.0,75375,5,0.2,3.0,0.1,0,4
52,52,0.0,-0.05901273,-0.099411614,-0.082224056,-0.009863538,0.0,-0.33333328,-0.33333328,0.33333337,1.0,0.0,-7.304848e-05,-0.019372812,105.0,1.0,75375,5,0.2,3.0,0.1,0,4
53,53,0.0,-0.056354925,-0.094287634,-0.0798775,-0.00993335,0.0,0.33333337,-0.33333328,-0.33333328,-1.0,0.0,-0.00023999492,-0.019372959,102.0,1.0,75375,5,0.2,3.0,0.1,0,4
54,54,0.0,-0.15228468,13.675302,-0.1583919,0.0055941767,0.0,-1.0,1.0,-1.0,-0.33333328,0.0,-6.62875e-06,-0.008031675,307.0,1.0,75375,5,0.2,3.0,0.1,0,4
55,55,0.0,-0.13454464,1.4520475,-0.13792992,0.004013512,0.0,-0.33333328,1.0,-0.33333328,0.33333337,0.0,-5.1570436e-07,-0.0006071948,226.0,1.0,75375,5,0.2,3.0,0.1,0,4
56,56,0.0,-0.059244204,-0.099138245,-0.08275807,-0.010115929,0.0,-1.0,-0.33333328,-0.33333328,-0.33333328,0.0,-0.0003767857,-0.019372826,105.0,1.0,75375,5,0.2,3.0,0.1,0,4
57,57,0.0,-0.06234089,-0.09708475,-0.08442511,-0.010798797,0.0,1.0,1.0,-0.33333328,-1.0,0.0,-3.5646415e-06,-0.019372612,126.0,1.0,75375,5,0.2,3.0,0.1,0,4
58,58,0.0,-0.055417992,-0.096001156,-0.078535534,-0.01006655,0.0,-1.0,1.0,1.0,1.0,0.0,-9.826929e-07,-0.01937285,123.0,1.0,75375,5,0.2,3.0,0.1,0,4
59,59,0.0,-0.06840191,-0.10512924,-0.091257766,-0.010557364,0.0,1.0,-1.0,1.0,-0.33333328,0.0,-1.6966027e-06,-0.019371038,356.0,1.0,75375,5,0.2,3.0,0.1,0,4
60,60,0.0,1.7454476,-0.1635999,-0.51046973,-0.2227408,0.0,1.0,-1.0,-1.0,-1.0,0.0,-2.2243215e-07,-0.00035791015,160.0,1.0,75375,5,0.2,3.0,0.1,0,4
61,61,0.0,-0.135199,1.4515576,-0.13858202,0.0039645447,0.0,-0.33333328,1.0,-0.33333328,1.0,0.0,-5.844766e-08,-0.000607192,178.0,1.0,75375,5,0.2,3.0,0.1,0,4
62,62,0.0,-0.06992354,-0.1035661,-0.09246651,-0.010721427,0.0,-1.0,-0.33333328,-1.0,0.33333337,0.0,-0.00036786505,-0.019370673,644.0,1.0,75375,5,0.2,3.0,0.1,0,4
63,63,0.0,-0.05846429,-0.098617576,-0.08121675,-0.010751696,0.0,-0.33333328,-1.0,-0.33333328,-1.0,0.0,-9.917452e-05,-0.019372886,109.0,1.0,75375,5,0.2,3.0,0.1,0,4
64,64,0.0,-0.055377044,-0.095675185,-0.07842384,-0.01109154,0.0,0.33333337,0.33333337,1.0,-1.0,0.0,-5.204686e-07,-0.019372882,111.0,1.0,75375,5,0.2,3.0,0.1,0,4
65,65,0.0,-0.061494116,-0.10190525,-0.08527934,-0.010014547,0.0,-0.33333328,0.33333337,-0.33333328,0.33333337,0.0,-0.0003843156,-0.019372514,79.0,1.0,75375,5,0.2,3.0,0.1,0,4
66,66,0.0,-0.05862431,-0.100932755,-0.08219826,-0.010143106,0.0,1.0,0.33333337,-1.0,1.0,0.0,-1.7404649e-06,-0.019372726,112.0,1.0,75375,5,0.2,3.0,0.1,0,4
67,67,0.0,-0.056968898,-0.09501026,-0.07996129,-0.010258965,0.0,-0.33333328,0.33333337,-1.0,0.33333337,0.0,-3.774799e-05,-0.019372942,116.0,1.0,75375,5,0.2,3.0,0.1,0,4
68,68,0.0,-0.06606974,-0.10729918,-0.08991804,-0.0102059925,0.0,-1.0,1.0,0.33333337,0.33333337,0.0,-1.5008578e-05,-0.019371187,134.0,1.0,75375,5,0.2,3.0,0.1,0,4
69,69,0.0,-0.054697555,-0.090193585,-0.076932676,-0.01041314,0.0,1.0,0.33333337,-1.0,-1.0,0.0,-2.2813351e-06,-0.019372597,102.0,1.0,75375,5,0.2,3.0,0.1,0,4
70,70,0.0,1.743633,-0.16617924,-0.5049801,-0.22419973,0.0,1.0,-1.0,-1.0,1.0,0.0,-1.5916582e-07,-0.00035789408,132.0,1.0,75375,5,0.2,3.0,0.1,0,4
71,71,0.0,-0.066795684,-0.105220206,-0.08958701,-0.010501009,0.0,0.33333337,1.0,0.33333337,-0.33333328,0.0,-8.3694795e-06,-0.019371444,106.0,1.0,75375,5,0.2,3.0,0.1,0,4
72,72,0.0,-0.0579774,-0.09860797,-0.081336714,-0.010361066,0.0,0.33333337,1.0,-0.33333328,1.0,0.0,-3.2706728e-06,-0.019372832,107.0,1.0,75375,5,0.2,3.0,0.1,0,4
73,73,0.0,-0.06352716,-0.10630262,-0.08693938,-0.010064232,0.0,-0.33333328,1.0,1.0,-0.33333328,0.0,-9.716541e-06,-0.019371623,99.0,1.0,75375,5,0.2,3.0,0.1,0,4
74,74,0.0,-0.060497094,-0.09750224,-0.08355443,-0.010861244,0.0,1.0,-1.0,0.33333337,-1.0,0.0,-1.7363797e-07,-0.019372808,124.0,1.0,75375,5,0.2,3.0,0.1,0,4
75,75,0.0,-0.0603014,-0.10287432,-0.08337686,-0.010113818,0.0,-0.33333328,0.33333337,-1.0,1.0,0.0,-7.2812263e-06,-0.019372517,106.0,1.0,75375,5,0.2,3.0,0.1,0,4
76,76,0.0,-0.06324299,-0.10174456,-0.086948864,-0.011126377,0.0,1.0,1.0,-0.33333328,0.33333337,0.0,-1.0811246e-05,-0.019372234,100.0,1.0,75375,5,0.2,3.0,0.1,0,4
77,77,0.0,-0.1461002,43.43591,-0.15248969,0.005849312,0.0,-0.33333328,1.0,-1.0,-1.0,0.0,-4.0815985e-07,-0.008761386,2765.0,1.0,75375,5,0.2,3.0,0.1,0,4
78,78,0.0,-0.061149508,-0.09658196,-0.08419859,-0.010255266,0.0,0.33333337,-1.0,-0.33333328,1.0,0.0,-2.08362e-05,-0.019372692,121.0,1.0,75375,5,0.2,3.0,0.1,0,4
79,79,0.0,-0.06440971,-0.102212735,-0.08731866,-0.010660178,0.0,1.0,-1.0,0.33333337,1.0,0.0,-2.2367907e-07,-0.019372156,130.0,1.0,75375,5,0.2,3.0,0.1,0,4
80,80,0.0,-0.15022457,17.381954,-0.1564037,0.0056990986,0.0,-1.0,1.0,-1.0,1.0,0.0,-7.5144607e-07,-0.008265068,589.0,1.0,75375,5,0.2,3.0,0.1,0,4
81,81,0.0,-0.056209,-0.09331329,-0.079148434,-0.010594883,0.0,0.33333337,-0.33333328,-0.33333328,-0.33333328,0.0,-0.0011592595,-0.019372884,98.0,1.0,75375,5,0.2,3.0,0.1,0,4
82,82,0.0,-0.06261593,-0.1022413,-0.08586066,-0.010258969,0.0,-0.33333328,-1.0,-0.33333328,1.0,0.0,-9.836542e-05,-0.019372271,103.0,1.0,75375,5,0.2,3.0,0.1,0,4
83,83,0.0,9.646898,10.908113,9.646973,2.7032042e-06,0.0,1.0,0.33333337,1.0,-0.33333328,0.0,-2.5907613e-07,-0.00030645708,12527.0,1.0,75375,5,0.2,3.0,0.1,0,4
84,84,0.0,-0.057570264,-0.09459994,-0.080066904,-0.0105208075,0.0,-1.0,-1.0,0.33333337,-1.0,0.0,-6.203799e-06,-0.019372879,104.0,1.0,75375,5,0.2,3.0,0.1,0,4
85,85,0.0,-0.057723247,-0.09363862,-0.08035647,-0.011176287,0.0,-0.33333328,1.0,1.0,0.33333337,0.0,-8.444609e-06,-0.01937286,118.0,1.0,75375,5,0.2,3.0,0.1,0,4
86,86,0.0,-0.05649557,-0.09468725,-0.079196,-0.010759217,0.0,-1.0,1.0,1.0,0.33333337,0.0,-8.666914e-06,-0.019372938,128.0,1.0,75375,5,0.2,3.0,0.1,0,4
87,87,0.0,-0.057934884,-0.096645765,-0.081114456,-0.009975044,0.0,1.0,0.33333337,-0.33333328,1.0,0.0,-4.370753e-06,-0.019372955,115.0,1.0,75375,5,0.2,3.0,0.1,0,4
88,88,0.0,-0.0663597,-0.10708791,-0.08979216,-0.011225006,0.0,1.0,0.33333337,-0.33333328,-0.33333328,0.0,-0.000104178944,-0.019371234,92.0,1.0,75375,5,0.2,3.0,0.1,0,4
89,89,0.0,-0.053145513,-0.09051055,-0.07728764,-0.009495306,0.0,-1.0,0.33333337,-0.33333328,-1.0,0.0,-1.1238487e-05,-0.019372618,96.0,1.0,75375,5,0.2,3.0,0.1,0,4
90,90,0.0,-0.058750626,-0.09660947,-0.08249893,-0.009957431,0.0,1.0,-0.33333328,0.33333337,1.0,0.0,-1.0625839e-06,-0.019372908,109.0,1.0,75375,5,0.2,3.0,0.1,0,4
91,91,0.0,-0.06271738,-0.096726984,-0.085183084,-0.010879746,0.0,0.33333337,-1.0,1.0,-0.33333328,0.0,-1.9700635e-06,-0.019372387,105.0,1.0,75375,5,0.2,3.0,0.1,0,4
92,92,0.0,-0.0683155,-0.100750364,-0.09083081,-0.010862999,0.0,0.33333337,-1.0,0.33333337,-0.33333328,0.0,-3.0471248e-05,-0.019371152,113.0,1.0,75375,5,0.2,3.0,0.1,0,4
93,93,0.0,-0.054352295,-0.093473196,-0.07761781,-0.010931371,0.0,0.33333337,-0.33333328,-1.0,-0.33333328,0.0,-0.00030663668,-0.019372785,103.0,1.0,75375,5,0.2,3.0,0.1,0,4
94,94,0.0,-0.061825234,-0.10458284,-0.085271955,-0.009837585,0.0,0.33333337,-1.0,0.33333337,1.0,0.0,-3.4562374e-06,-0.019372229,103.0,1.0,75375,5,0.2,3.0,0.1,0,4
95,95,0.0,-0.058359656,-0.09822872,-0.08196855,-0.010033168,0.0,0.33333337,1.0,1.0,-0.33333328,0.0,-2.3940174e-07,-0.019372875,98.0,1.0,75375,5,0.2,3.0,0.1,0,4
96,96,0.0,-0.05732499,-0.096161105,-0.080222026,-0.010339901,0.0,-1.0,-0.33333328,0.33333337,-0.33333328,0.0,-5.7705412e-05,-0.019372968,121.0,1.0,75375,5,0.2,3.0,0.1,0,4
97,97,0.0,-0.070697695,-0.10464782,-0.09326114,-0.010712904,0.0,-1.0,-1.0,-1.0,-0.33333328,0.0,-0.00011326927,-0.01937031,237.0,1.0,75375,5,0.2,3.0,0.1,0,4
98,98,0.0,-0.05452441,-0.09254126,-0.076850995,-0.010195444,0.0,0.33333337,1.0,1.0,1.0,0.0,-1.7483275e-08,-0.019372748,114.0,1.0,75375,5,0.2,3.0,0.1,0,4
99,99,0.0,-0.061201207,-0.10327784,-0.08458736,-0.010782749,0.0,0.33333337,-0.33333328,-1.0,0.33333337,0.0,-0.00011382407,-0.019372372,95.0,1.0,75375,5,0.2,3.0,0.1,0,4
