,Unnamed: 0,e1,e2,e3,e4,e5,e6,e0_1,e0_2,e0_3,e0_4,e0_5,e0_6,Gamma,eta0,eta,count,success,seed,N,Jmax,alpha,gleak,ex,lk
0,0,0.0,-5.362671,-5.5780053,-0.14484976,7.2480516,-0.016651101,0.0,-1.0,-1.0,-0.33333328,0.33333337,0.33333337,0.0,-8.853533e-06,-0.0075723277,1087.0,1.0,45780,6,0.2,1.0,0.1,0,5
1,1,0.0,-1.5718712,8.209824,-1.6631252,8.169569,0.015739042,0.0,-0.33333328,1.0,-1.0,0.33333337,-0.33333328,0.0,-9.253386e-06,-0.010062151,1238.0,1.0,45780,6,0.2,1.0,0.1,0,5
2,2,0.0,-0.2809122,-0.7438668,-0.42641377,-0.7545757,-0.07475203,0.0,-0.33333328,-1.0,-0.33333328,-1.0,-0.33333328,0.0,-0.009335878,-0.019484898,235.0,1.0,45780,6,0.2,1.0,0.1,0,5
3,3,0.0,-8.851591,2.6972957,2.571985,5.4829087,0.008557088,0.0,-1.0,0.33333337,0.33333337,1.0,1.0,0.0,-2.8954979e-05,-0.0041881274,484.0,1.0,45780,6,0.2,1.0,0.1,0,5
4,4,0.0,-9.451026,9.940434,0.12905641,0.24729952,0.10003241,0.0,-1.0,1.0,0.33333337,0.33333337,1.0,0.0,-2.443165e-05,-0.0036123234,823.0,1.0,45780,6,0.2,1.0,0.1,0,5
5,5,0.0,1.0169529,0.7912534,-0.35633588,-0.76699376,-0.11322164,0.0,1.0,0.33333337,-1.0,-1.0,-1.0,0.0,-7.662915e-05,-0.01148514,151.0,1.0,45780,6,0.2,1.0,0.1,0,5
6,6,0.0,-9.356913,2.7558591,2.6310563,5.5181646,0.008445732,0.0,-0.33333328,0.33333337,0.33333337,1.0,1.0,0.0,-2.3488288e-05,-0.004208175,495.0,1.0,45780,6,0.2,1.0,0.1,0,5
7,7,0.0,-1.695707,6.208205,-1.7856133,6.166809,0.016562246,0.0,-0.33333328,0.33333337,-1.0,0.33333337,-0.33333328,0.0,-4.2857915e-05,-0.009880825,869.0,1.0,45780,6,0.2,1.0,0.1,0,5
8,8,0.0,-5.4360514,-5.652179,5.226448,-0.39558223,-0.08289532,0.0,-1.0,-1.0,0.33333337,-0.33333328,0.33333337,0.0,-0.00018866235,-0.007377177,958.0,1.0,45780,6,0.2,1.0,0.1,0,5
9,9,0.0,-0.38746208,2.5313878,2.3989234,-0.39356038,-0.008320977,0.0,-0.33333328,1.0,0.33333337,-1.0,1.0,0.0,-4.7768866e-05,-0.01787738,181.0,1.0,45780,6,0.2,1.0,0.1,0,5
10,10,0.0,0.9635153,0.7379527,-0.36531684,-0.723718,-0.11812244,0.0,1.0,0.33333337,-0.33333328,-0.33333328,-0.33333328,0.0,-0.004324202,-0.011488292,149.0,1.0,45780,6,0.2,1.0,0.1,0,5
11,11,0.0,-1.1424068,-1.1043086,7.426262,-1.2670949,0.00084085116,0.0,-0.33333328,-0.33333328,1.0,-0.33333328,0.33333337,0.0,-0.00039668495,-0.015162027,591.0,1.0,45780,6,0.2,1.0,0.1,0,5
12,12,0.0,-2.1362412,-0.10750314,-2.2132263,17.033829,-0.0646011,0.0,-1.0,-0.33333328,-1.0,1.0,-0.33333328,0.0,-0.0014736415,-0.008351061,1988.0,1.0,45780,6,0.2,1.0,0.1,0,5
13,13,0.0,-0.31684586,0.9561826,-0.5596181,-0.4281169,-0.029146427,0.0,-0.33333328,1.0,-0.33333328,-1.0,-1.0,0.0,-0.00036715035,-0.01734042,127.0,1.0,45780,6,0.2,1.0,0.1,0,5
14,14,0.0,5.206616,4.845525,4.779792,5.1123505,0.00018076473,0.0,1.0,0.33333337,1.0,0.33333337,-1.0,0.0,-7.681361e-06,-0.017127037,93058.0,1.0,45780,6,0.2,1.0,0.1,0,5
15,15,0.0,-0.43156728,-0.7292578,-0.731454,-0.5176322,-0.032649893,0.0,-0.33333328,-0.33333328,-1.0,-1.0,-1.0,0.0,-0.0010704302,-0.02458347,343.0,1.0,45780,6,0.2,1.0,0.1,0,5
16,16,0.0,2.24649,-0.23321714,-0.32974312,2.197254,-0.013718125,0.0,1.0,-0.33333328,-0.33333328,0.33333337,0.33333337,0.0,-0.00015343998,-0.018451743,840.0,1.0,45780,6,0.2,1.0,0.1,0,5
17,17,0.0,3.8887289,-0.40231106,3.6055999,3.71494,0.00014111967,0.0,1.0,-0.33333328,0.33333337,0.33333337,-0.33333328,0.0,-0.00010060455,-0.0128121255,713.0,1.0,45780,6,0.2,1.0,0.1,0,5
18,18,0.0,-2.0277343,4.8772335,-2.116761,4.8347325,0.016747408,0.0,-0.33333328,1.0,-1.0,0.33333337,1.0,0.0,-3.845487e-06,-0.009733429,318.0,1.0,45780,6,0.2,1.0,0.1,0,5
19,19,0.0,0.5833138,-0.21750672,-1.4685547,-0.65268886,-0.13313389,0.0,1.0,-0.33333328,-1.0,-0.33333328,-1.0,0.0,-0.0012883694,-0.009586911,106.0,1.0,45780,6,0.2,1.0,0.1,0,5
20,20,0.0,4.8994117,4.570398,4.520623,4.74341,0.00064208277,0.0,1.0,1.0,1.0,1.0,0.33333337,0.0,-0.00032553973,-0.016925199,31301.0,1.0,45780,6,0.2,1.0,0.1,0,5
21,21,0.0,2.5924551,2.2910783,2.364542,0.09696135,0.2848189,0.0,1.0,0.33333337,0.33333337,-0.33333328,1.0,0.0,-4.0903287e-05,-0.008146135,405.0,1.0,45780,6,0.2,1.0,0.1,0,5
22,22,0.0,-9.481759,9.029896,0.12928918,0.24766691,0.10009792,0.0,-0.33333328,1.0,0.33333337,0.33333337,1.0,0.0,-2.5183515e-05,-0.003612287,752.0,1.0,45780,6,0.2,1.0,0.1,0,5
23,23,0.0,1.918981,-4.470007,1.7989293,0.09722519,0.27893266,0.0,0.33333337,-1.0,0.33333337,-0.33333328,1.0,0.0,-2.1378068e-05,-0.0068008774,279.0,1.0,45780,6,0.2,1.0,0.1,0,5
24,24,0.0,-1.1151694,-1.0764897,8.057024,-1.2393535,0.00048737123,0.0,-0.33333328,-1.0,1.0,-1.0,-0.33333328,0.0,-0.002354203,-0.015192884,652.0,1.0,45780,6,0.2,1.0,0.1,0,5
25,25,0.0,2.1414514,-4.6881537,-0.11888477,2.0864675,-0.014616634,0.0,0.33333337,-1.0,-0.33333328,0.33333337,-0.33333328,0.0,-5.7843252e-05,-0.013525172,513.0,1.0,45780,6,0.2,1.0,0.1,0,5
26,26,0.0,-0.41168988,-0.77264327,-0.83442956,-0.44183138,-0.033318937,0.0,-0.33333328,-0.33333328,-1.0,-1.0,-0.33333328,0.0,-0.007277897,-0.025536194,852.0,1.0,45780,6,0.2,1.0,0.1,0,5
27,27,0.0,0.6007271,5.8839483,5.7553544,-0.46074155,-0.11999674,0.0,0.33333337,1.0,1.0,-0.33333328,-1.0,0.0,-7.440006e-05,-0.006116141,273.0,1.0,45780,6,0.2,1.0,0.1,0,5
28,28,0.0,1.906152,1.2529682,1.7656289,-0.42693925,-0.08752613,0.0,1.0,0.33333337,1.0,-0.33333328,-1.0,0.0,-0.00010399772,-0.011022837,177.0,1.0,45780,6,0.2,1.0,0.1,0,5
29,29,0.0,2.395794,2.0938296,2.1593723,-0.44641793,-0.08540258,0.0,1.0,1.0,0.33333337,-1.0,1.0,0.0,-3.5164692e-05,-0.013691187,102.0,1.0,45780,6,0.2,1.0,0.1,0,5
30,30,0.0,-0.4408646,-0.6988143,4.5544925,-0.04520892,-0.3406151,0.0,-1.0,-1.0,1.0,-0.33333328,0.33333337,0.0,-0.00029483554,-0.0084195975,185.0,1.0,45780,6,0.2,1.0,0.1,0,5
31,31,0.0,2.4230337,10.8382225,2.3307333,10.798747,-0.006969363,0.0,0.33333337,1.0,0.33333337,1.0,0.33333337,0.0,-7.9541256e-05,-0.009510056,1358.0,1.0,45780,6,0.2,1.0,0.1,0,5
32,32,0.0,0.53483194,-0.043256886,7.8549924,7.802576,-0.047503702,0.0,0.33333337,-0.33333328,1.0,1.0,-1.0,0.0,-1.644327e-05,-0.006731277,686.0,1.0,45780,6,0.2,1.0,0.1,0,5
33,33,0.0,1.4313035,-0.42580354,1.2891394,-0.4027823,-0.08936044,0.0,1.0,-0.33333328,1.0,-0.33333328,-1.0,0.0,-0.0003060494,-0.013979532,108.0,1.0,45780,6,0.2,1.0,0.1,0,5
34,34,0.0,-0.38604945,2.4379635,2.3051307,-0.39206696,-0.008086171,0.0,-0.33333328,0.33333337,0.33333337,-0.33333328,1.0,0.0,-7.237894e-05,-0.017846955,302.0,1.0,45780,6,0.2,1.0,0.1,0,5
35,35,0.0,-0.5272272,-0.80326295,-1.336314,-0.10975085,-0.39602268,0.0,-0.33333328,-0.33333328,-0.33333328,0.33333337,-0.33333328,0.0,-0.0002582552,-0.008831869,182.0,1.0,45780,6,0.2,1.0,0.1,0,5
36,36,0.0,-3.6223235,-3.5876973,-0.2138053,-3.75757,-0.029279975,0.0,-1.0,-1.0,-0.33333328,-1.0,-0.33333328,0.0,-0.0012367744,-0.015968857,2774.0,1.0,45780,6,0.2,1.0,0.1,0,5
37,37,0.0,-9.419839,-0.92983013,2.7847106,4.9504313,0.010978912,0.0,-1.0,-0.33333328,0.33333337,1.0,0.33333337,0.0,-0.00034647743,-0.0039043948,553.0,1.0,45780,6,0.2,1.0,0.1,0,5
38,38,0.0,-8.940616,4.9923205,-0.1270792,4.947431,-0.017610898,0.0,-1.0,0.33333337,-0.33333328,0.33333337,-1.0,0.0,-7.5966745e-06,-0.004602356,742.0,1.0,45780,6,0.2,1.0,0.1,0,5
39,39,0.0,1.5251796,-0.4387582,1.3854136,-0.41709006,-0.08597548,0.0,0.33333337,-1.0,0.33333337,-1.0,-0.33333328,0.0,-0.00029780297,-0.013967439,157.0,1.0,45780,6,0.2,1.0,0.1,0,5
40,40,0.0,-0.3858746,-0.6764689,-0.6539443,-0.46992832,-0.03908856,0.0,-0.33333328,-0.33333328,-1.0,-0.33333328,-1.0,0.0,-0.0010876347,-0.024557497,176.0,1.0,45780,6,0.2,1.0,0.1,0,5
41,41,0.0,-3.2807066,-3.4950702,7.385919,7.321276,0.013659591,0.0,-1.0,-1.0,1.0,0.33333337,1.0,0.0,-1.3467426e-05,-0.007284963,338.0,1.0,45780,6,0.2,1.0,0.1,0,5
42,42,0.0,-0.5777613,-0.100731865,8.2037735,-0.6076547,-0.11056134,0.0,-1.0,-0.33333328,1.0,-1.0,-0.33333328,0.0,-0.0026329353,-0.013924061,683.0,1.0,45780,6,0.2,1.0,0.1,0,5
43,43,0.0,-0.45612437,-0.75163907,-0.7464379,-0.5464921,-0.030902699,0.0,-1.0,-1.0,-1.0,-1.0,-0.33333328,0.0,-0.006103679,-0.024561925,5183.0,1.0,45780,6,0.2,1.0,0.1,0,5
44,44,0.0,4.872606,4.54324,4.492967,4.7173495,0.0006565404,0.0,1.0,1.0,1.0,1.0,-1.0,0.0,-3.707558e-05,-0.016911209,36630.0,1.0,45780,6,0.2,1.0,0.1,0,5
45,45,0.0,0.5834464,-4.02701,-0.12868296,-0.078860365,0.18228273,0.0,0.33333337,-1.0,-0.33333328,-0.33333328,0.33333337,0.0,-0.0009608385,-0.009041084,351.0,1.0,45780,6,0.2,1.0,0.1,0,5
46,46,0.0,-1.5146885,11.843311,-1.607506,11.803961,0.014687285,0.0,-1.0,1.0,-1.0,1.0,-1.0,0.0,-9.08333e-05,-0.010264583,1345.0,1.0,45780,6,0.2,1.0,0.1,0,5
47,47,0.0,-7.149482,6.4947467,4.472347,6.445744,0.007713185,0.0,-1.0,1.0,0.33333337,1.0,-1.0,0.0,-3.5450645e-05,-0.0043371185,1000.0,1.0,45780,6,0.2,1.0,0.1,0,5
48,48,0.0,-7.133229,6.143888,5.947809,6.050294,0.0075964187,0.0,-1.0,1.0,1.0,0.33333337,1.0,0.0,-1.4634173e-05,-0.0044413256,439.0,1.0,45780,6,0.2,1.0,0.1,0,5
49,49,0.0,-1.1341215,-1.0979642,9.246656,-1.2596657,0.00043973007,0.0,-0.33333328,-1.0,1.0,-1.0,-1.0,0.0,-0.00033766785,-0.015262472,611.0,1.0,45780,6,0.2,1.0,0.1,0,5
50,50,0.0,1.1251186,0.93421376,-0.07857411,-0.03613693,0.19775462,0.0,0.33333337,0.33333337,-0.33333328,-1.0,1.0,0.0,-4.737694e-05,-0.010438729,116.0,1.0,45780,6,0.2,1.0,0.1,0,5
51,51,0.0,0.9593019,0.73378724,-0.37140864,-0.7168656,-0.11855011,0.0,1.0,1.0,-0.33333328,-1.0,-1.0,0.0,-0.00024979052,-0.011487068,124.0,1.0,45780,6,0.2,1.0,0.1,0,5
52,52,0.0,-7.3010325,6.3610363,3.7860086,6.31348,0.008040076,0.0,-0.33333328,0.33333337,0.33333337,0.33333337,-1.0,0.0,-4.1333287e-06,-0.004332221,919.0,1.0,45780,6,0.2,1.0,0.1,0,5
53,53,0.0,4.2120304,-0.40827683,3.9287434,4.038942,-7.6199976e-05,0.0,1.0,-0.33333328,1.0,0.33333337,1.0,0.0,-1.6828331e-05,-0.012916331,262.0,1.0,45780,6,0.2,1.0,0.1,0,5
54,54,0.0,4.5299706,-0.41404244,4.247842,4.3567686,-0.0002458122,0.0,1.0,-0.33333328,1.0,1.0,1.0,0.0,-6.19048e-05,-0.013004598,989.0,1.0,45780,6,0.2,1.0,0.1,0,5
55,55,0.0,-0.4026384,3.599636,3.4692476,-0.40950453,-0.010256771,0.0,-1.0,1.0,1.0,-1.0,-0.33333328,0.0,-0.0012993752,-0.018101782,488.0,1.0,45780,6,0.2,1.0,0.1,0,5
56,56,0.0,-0.39940894,2.7026322,2.5705295,-0.405846,-0.0085920505,0.0,-0.33333328,1.0,0.33333337,-1.0,0.33333337,0.0,-0.00033542849,-0.0179258,519.0,1.0,45780,6,0.2,1.0,0.1,0,5
57,57,0.0,1.11494,0.8868839,-0.119498014,7.7799044,-0.04800921,0.0,0.33333337,0.33333337,-1.0,1.0,0.33333337,0.0,-0.00011355962,-0.009365893,1017.0,1.0,45780,6,0.2,1.0,0.1,0,5
58,58,0.0,2.8907604,3.1331544,-0.11439513,2.7948873,-0.017308775,0.0,0.33333337,1.0,-1.0,0.33333337,1.0,0.0,-6.2701424e-06,-0.016061734,100001.0,0.0,45780,6,0.2,1.0,0.1,0,5
59,59,0.0,2.2605577,-0.23342517,-0.33001196,2.211438,-0.013776931,0.0,1.0,-1.0,-1.0,0.33333337,0.33333337,0.0,-0.00015907627,-0.018457208,709.0,1.0,45780,6,0.2,1.0,0.1,0,5
60,60,0.0,-8.24966,2.215759,2.0896792,5.900431,0.00824827,0.0,-1.0,0.33333337,0.33333337,1.0,-0.33333328,0.0,-0.00015839543,-0.0041594985,369.0,1.0,45780,6,0.2,1.0,0.1,0,5
61,61,0.0,0.0017896803,-0.28137213,-0.17324813,7.6163645,-0.08728371,0.0,-1.0,-1.0,-1.0,1.0,-1.0,0.0,-0.00019766064,-0.011931393,316.0,1.0,45780,6,0.2,1.0,0.1,0,5
62,62,0.0,3.8091154,7.649782,7.5191994,3.782205,0.0008175664,0.0,0.33333337,1.0,1.0,0.33333337,1.0,0.0,-6.2070953e-06,-0.013962208,1245.0,1.0,45780,6,0.2,1.0,0.1,0,5
63,63,0.0,3.885131,-0.403019,3.6020768,3.7112932,0.00016356977,0.0,0.33333337,-0.33333328,0.33333337,0.33333337,1.0,0.0,-6.067254e-06,-0.012810567,451.0,1.0,45780,6,0.2,1.0,0.1,0,5
64,64,0.0,-0.52186424,-0.79411393,-1.4840157,-0.10557497,-0.392856,0.0,-0.33333328,-1.0,-1.0,0.33333337,-1.0,0.0,-6.127589e-06,-0.008839685,96.0,1.0,45780,6,0.2,1.0,0.1,0,5
65,65,0.0,-0.3832171,4.1628127,4.0309196,-0.038744017,-0.36815992,0.0,-0.33333328,0.33333337,0.33333337,-0.33333328,-0.33333328,0.0,-0.0006115806,-0.006791717,1474.0,1.0,45780,6,0.2,1.0,0.1,0,5
66,66,0.0,-5.2860427,-5.502182,6.5650563,-0.39468756,-0.08433825,0.0,-1.0,-1.0,0.33333337,-0.33333328,1.0,0.0,-4.015918e-05,-0.007386483,526.0,1.0,45780,6,0.2,1.0,0.1,0,5
67,67,0.0,0.6136793,-0.13212416,-0.21136999,7.0165105,0.009348717,0.0,0.33333337,-0.33333328,-0.33333328,1.0,1.0,0.0,-3.0997508e-05,-0.00906084,520.0,1.0,45780,6,0.2,1.0,0.1,0,5
68,68,0.0,2.5853043,2.2838194,2.358047,0.09693387,0.28485364,0.0,1.0,1.0,0.33333337,-0.33333328,1.0,0.0,-4.3759428e-05,-0.008145927,357.0,1.0,45780,6,0.2,1.0,0.1,0,5
69,69,0.0,-1.5502733,9.596588,-1.6422501,9.556764,0.015216359,0.0,-0.33333328,1.0,-0.33333328,1.0,1.0,0.0,-7.529457e-05,-0.010156146,1043.0,1.0,45780,6,0.2,1.0,0.1,0,5
70,70,0.0,0.98089045,0.7550449,-0.33151013,-0.80776566,-0.112434,0.0,1.0,1.0,-0.33333328,-0.33333328,-1.0,0.0,-0.0007046756,-0.011488291,103.0,1.0,45780,6,0.2,1.0,0.1,0,5
71,71,0.0,4.8590517,-0.4341469,3.8569078,4.789504,0.00024216935,0.0,1.0,-0.33333328,0.33333337,1.0,1.0,0.0,-2.9369648e-05,-0.012120834,462.0,1.0,45780,6,0.2,1.0,0.1,0,5
72,72,0.0,-3.2194579,-3.4335756,7.2517524,7.1850266,0.013889963,0.0,-0.33333328,-1.0,1.0,0.33333337,-0.33333328,0.0,-3.1333317e-07,-0.0072690444,839.0,1.0,45780,6,0.2,1.0,0.1,0,5
73,73,0.0,1.1663029,0.9722122,-0.077670686,-0.035659123,0.19641297,0.0,0.33333337,0.33333337,-1.0,-1.0,1.0,0.0,-3.397364e-05,-0.010435688,163.0,1.0,45780,6,0.2,1.0,0.1,0,5
74,74,0.0,9.148272,8.84363,-0.1538505,9.145129,-0.023778807,0.0,1.0,1.0,-1.0,1.0,-0.33333328,0.0,-0.00038355181,-0.019824442,100001.0,0.0,45780,6,0.2,1.0,0.1,0,5
75,75,0.0,-0.38526648,-0.676451,-0.65617186,-0.46854928,-0.039006673,0.0,-0.33333328,-1.0,-1.0,-0.33333328,-0.33333328,0.0,-0.009214643,-0.024566585,2261.0,1.0,45780,6,0.2,1.0,0.1,0,5
76,76,0.0,2.2732236,2.2137184,-0.09430914,2.0742218,-0.015129984,0.0,1.0,0.33333337,-0.33333328,0.33333337,1.0,0.0,-9.1213205e-06,-0.01694904,559.0,1.0,45780,6,0.2,1.0,0.1,0,5
77,77,0.0,2.0548441,1.751791,1.8164175,-0.4226936,-0.08921021,0.0,0.33333337,0.33333337,0.33333337,-0.33333328,-0.33333328,0.0,-0.0005980898,-0.013627107,619.0,1.0,45780,6,0.2,1.0,0.1,0,5
78,78,0.0,0.5856165,6.99321,-0.15872204,6.952611,-0.06262483,0.0,0.33333337,1.0,-0.33333328,1.0,-1.0,0.0,-2.4279525e-05,-0.00655474,440.0,1.0,45780,6,0.2,1.0,0.1,0,5
79,79,0.0,-2.2842708,6.250884,-2.3751795,6.208244,0.014271002,0.0,-1.0,1.0,-1.0,0.33333337,0.33333337,0.0,-0.00018340835,-0.009964874,832.0,1.0,45780,6,0.2,1.0,0.1,0,5
80,80,0.0,-0.38692856,2.467327,2.3346212,-0.39298028,-0.008162656,0.0,-0.33333328,0.33333337,0.33333337,-1.0,1.0,0.0,-4.526742e-05,-0.017857013,349.0,1.0,45780,6,0.2,1.0,0.1,0,5
81,81,0.0,-9.198437,3.086737,2.9593093,-0.37144387,-0.0875534,0.0,-1.0,0.33333337,0.33333337,-0.33333328,0.33333337,0.0,-0.00031412794,-0.0044600773,522.0,1.0,45780,6,0.2,1.0,0.1,0,5
82,82,0.0,-10.265178,1.1675943,-0.49617758,-0.5998953,-0.09328617,0.0,-1.0,0.33333337,-0.33333328,-1.0,-1.0,0.0,-8.34838e-05,-0.004377495,983.0,1.0,45780,6,0.2,1.0,0.1,0,5
83,83,0.0,0.0017177536,-0.28147388,-0.17318766,7.6253853,-0.0873004,0.0,-0.33333328,-0.33333328,-1.0,1.0,-1.0,0.0,-0.00023703129,-0.011934591,221.0,1.0,45780,6,0.2,1.0,0.1,0,5
84,84,0.0,2.0216966,1.7183019,1.7840052,-0.41816795,-0.09005576,0.0,1.0,0.33333337,0.33333337,-0.33333328,-1.0,0.0,-5.525765e-05,-0.013618916,258.0,1.0,45780,6,0.2,1.0,0.1,0,5
85,85,0.0,1.2860668,4.827554,1.1814878,-0.39492035,-0.0956374,0.0,0.33333337,1.0,0.33333337,-0.33333328,-1.0,0.0,-3.6750185e-05,-0.009891643,297.0,1.0,45780,6,0.2,1.0,0.1,0,5
86,86,0.0,2.9634635,2.6563232,-0.114325196,2.9464533,-0.019958362,0.0,1.0,0.33333337,-0.33333328,1.0,1.0,0.0,-2.9954752e-05,-0.019489655,2511.0,1.0,45780,6,0.2,1.0,0.1,0,5
87,87,0.0,-2.1160927,-0.107759446,-2.1930945,21.541021,-0.06509851,0.0,-1.0,-0.33333328,-1.0,1.0,1.0,0.0,-0.00026181567,-0.008402911,1839.0,1.0,45780,6,0.2,1.0,0.1,0,5
88,88,0.0,-8.37689,3.5261662,3.3239977,3.4237998,0.012162197,0.0,-1.0,0.33333337,0.33333337,0.33333337,1.0,0.0,-1.0199603e-05,-0.004366677,508.0,1.0,45780,6,0.2,1.0,0.1,0,5
89,89,0.0,1.1278052,0.9368414,-0.07887875,-0.03588421,0.19802664,0.0,1.0,1.0,-0.33333328,-0.33333328,1.0,0.0,-0.00046861084,-0.010438764,113.0,1.0,45780,6,0.2,1.0,0.1,0,5
90,90,0.0,-1.5815839,7.8678184,-1.6726308,7.8275075,0.01587875,0.0,-0.33333328,1.0,-1.0,1.0,0.33333337,0.0,-0.00049255445,-0.010035149,870.0,1.0,45780,6,0.2,1.0,0.1,0,5
91,91,0.0,-0.3748391,1.0462611,5.4432797,-0.38914734,-0.012221418,0.0,-0.33333328,0.33333337,1.0,-1.0,-1.0,0.0,-5.9018657e-05,-0.013917762,290.0,1.0,45780,6,0.2,1.0,0.1,0,5
92,92,0.0,-5.200104,-5.4152746,-0.15263666,11.975052,-0.019971045,0.0,-1.0,-1.0,-0.33333328,1.0,0.33333337,0.0,-0.0003033722,-0.0076339394,1028.0,1.0,45780,6,0.2,1.0,0.1,0,5
93,93,0.0,4.0162544,3.7145822,8.671876,4.0312753,-7.3719966e-05,0.0,0.33333337,0.33333337,1.0,0.33333337,0.33333337,0.0,-5.407567e-05,-0.014882329,1080.0,1.0,45780,6,0.2,1.0,0.1,0,5
94,94,0.0,-0.4565315,3.4759731,-0.8569476,-0.10750011,-0.42139795,0.0,-0.33333328,0.33333337,-1.0,-0.33333328,-0.33333328,0.0,-0.0012005208,-0.0064923726,1074.0,1.0,45780,6,0.2,1.0,0.1,0,5
95,95,0.0,-1.2919304,-1.0918139,145.13264,-1.372056,-0.0016858014,0.0,-1.0,-0.33333328,0.33333337,-1.0,0.33333337,0.0,-0.0004774425,-0.015174498,54925.0,1.0,45780,6,0.2,1.0,0.1,0,5
96,96,0.0,-1.1238458,-1.0873846,9.13843,-1.2491244,0.00037680304,0.0,-0.33333328,-0.33333328,1.0,-1.0,-1.0,0.0,-0.00036106867,-0.015253945,637.0,1.0,45780,6,0.2,1.0,0.1,0,5
97,97,0.0,0.5832582,-4.032523,-0.12877695,-0.078782715,0.18231888,0.0,0.33333337,-1.0,-0.33333328,-0.33333328,1.0,0.0,-0.00037153318,-0.00904097,143.0,1.0,45780,6,0.2,1.0,0.1,0,5
98,98,0.0,-7.0555053,6.354951,6.159951,6.257561,0.0073969117,0.0,-0.33333328,1.0,1.0,0.33333337,1.0,0.0,-8.631936e-06,-0.0044451947,364.0,1.0,45780,6,0.2,1.0,0.1,0,5
99,99,0.0,0.5602301,-0.83492094,-0.47886753,-0.8233869,-0.1412525,0.0,0.33333337,-1.0,-0.33333328,-1.0,-0.33333328,0.0,-0.0040190676,-0.009933022,206.0,1.0,45780,6,0.2,1.0,0.1,0,5
