,Unnamed: 0,e1,e2,e3,e4,e5,e6,e0_1,e0_2,e0_3,e0_4,e0_5,e0_6,Gamma,eta0,eta,count,success,seed,N,Jmax,alpha,gleak,ex,lk
0,0,0.0,-1.046255,0.59749836,0.6479751,0.06745952,-1.0613782,0.0,-1.0,0.33333337,-0.33333328,0.33333337,-0.33333328,0.0,-5.4412853e-06,-0.0007196366,100001.0,0.0,63306,6,0.2,3.0,0.1,0,5
1,1,0.0,-0.05218587,-0.09117374,-0.093834184,-0.07696173,-0.009359533,0.0,-0.33333328,-0.33333328,0.33333337,0.33333337,-0.33333328,0.0,-0.00023787736,-0.016188573,105.0,1.0,63306,6,0.2,3.0,0.1,0,5
2,2,0.0,-0.03621121,-0.078756645,-0.08146285,-0.061278604,-0.008800893,0.0,-0.33333328,-0.33333328,-0.33333328,1.0,1.0,0.0,-3.1987105e-07,-0.01618584,151.0,1.0,63306,6,0.2,3.0,0.1,0,5
3,3,0.0,-0.18825859,-1.5815386,113.37672,-0.169863,0.00984034,0.0,-1.0,-1.0,1.0,-1.0,0.33333337,0.0,-1.2325477e-06,-0.0027972488,43174.0,1.0,63306,6,0.2,3.0,0.1,0,5
4,4,0.0,-0.048347533,-0.08605797,-0.08863383,-0.07253599,-0.009236221,0.0,1.0,-0.33333328,0.33333337,0.33333337,-0.33333328,0.0,-5.923963e-07,-0.016188351,106.0,1.0,63306,6,0.2,3.0,0.1,0,5
5,5,0.0,-6.1791024,3.137747,2.9789999,0.12941955,0.35367638,0.0,-0.33333328,1.0,1.0,0.33333337,1.0,0.0,-9.8000775e-08,-1.5364622e-05,344.0,1.0,63306,6,0.2,3.0,0.1,0,5
6,6,0.0,-1.0500836,0.69773906,0.68605125,0.062071707,-1.0675848,0.0,-1.0,-0.33333328,1.0,0.33333337,0.33333337,0.0,-1.0364781e-06,-0.0007772017,100001.0,0.0,63306,6,0.2,3.0,0.1,0,5
7,7,0.0,-1.0477432,0.6601207,0.67801136,0.063811086,-1.0635827,0.0,-1.0,1.0,0.33333337,0.33333337,-0.33333328,0.0,-1.4562108e-06,-0.00074341346,100001.0,0.0,63306,6,0.2,3.0,0.1,0,5
8,8,0.0,10.093933,-0.010788397,9.677542,10.004664,-0.0020756342,0.0,1.0,-1.0,1.0,1.0,-1.0,0.0,-4.037396e-08,-0.00073564926,767.0,1.0,63306,6,0.2,3.0,0.1,0,5
9,9,0.0,-0.056099817,-0.093631476,-0.09690703,-0.08004658,-0.009589278,0.0,-1.0,1.0,-1.0,0.33333337,1.0,0.0,-1.4411538e-09,-0.016188283,136.0,1.0,63306,6,0.2,3.0,0.1,0,5
10,10,0.0,-4.002329,7.244013,7.175429,7.243577,0.012036683,0.0,-0.33333328,1.0,1.0,1.0,1.0,0.0,-1.1087783e-07,-1.5996171e-05,155.0,1.0,63306,6,0.2,3.0,0.1,0,5
11,11,0.0,-0.05422204,-0.09346794,-0.09602175,-0.07856133,-0.0093634175,0.0,1.0,0.33333337,0.33333337,0.33333337,1.0,0.0,-2.222432e-06,-0.016188407,279.0,1.0,63306,6,0.2,3.0,0.1,0,5
12,12,0.0,1.1079434,-0.6473535,-0.2978783,0.005273123,1.510512,0.0,1.0,-1.0,-0.33333328,-1.0,1.0,0.0,-1.3308356e-07,-8.582648e-09,100001.0,0.0,63306,6,0.2,3.0,0.1,0,5
13,13,0.0,-0.052895978,-0.091501825,-0.09413171,-0.07756795,-0.009535623,0.0,0.33333337,-1.0,1.0,0.33333337,-0.33333328,0.0,-2.407722e-07,-0.016188538,125.0,1.0,63306,6,0.2,3.0,0.1,0,5
14,14,0.0,-0.039863475,-0.07985906,-0.08264845,-0.06492273,-0.00855556,0.0,-0.33333328,1.0,-0.33333328,0.33333337,-0.33333328,0.0,-5.246983e-07,-0.016186785,129.0,1.0,63306,6,0.2,3.0,0.1,0,5
15,15,0.0,-0.045327485,-0.086254805,-0.08897071,-0.06999601,-0.009136987,0.0,0.33333337,-0.33333328,1.0,0.33333337,-0.33333328,0.0,-1.923763e-06,-0.016188199,118.0,1.0,63306,6,0.2,3.0,0.1,0,5
16,16,0.0,-0.046022538,-0.085941434,-0.0887039,-0.07044923,-0.009158007,0.0,1.0,0.33333337,-0.33333328,-0.33333328,0.33333337,0.0,-2.3737917e-05,-0.016188217,118.0,1.0,63306,6,0.2,3.0,0.1,0,5
17,17,0.0,-0.076460116,-1.5894608,-0.2830186,-0.05342449,-0.13972254,0.0,-1.0,-1.0,-0.33333328,-0.33333328,-0.33333328,0.0,-0.0001242204,-0.011970154,127.0,1.0,63306,6,0.2,3.0,0.1,0,5
18,18,0.0,-0.051464748,-0.09136761,-0.09338777,-0.07612297,-0.0091926735,0.0,-0.33333328,-0.33333328,-0.33333328,-1.0,-0.33333328,0.0,-0.0003459666,-0.016188564,91.0,1.0,63306,6,0.2,3.0,0.1,0,5
19,19,0.0,-0.057878684,-0.094216384,-0.09663977,-0.08236816,-0.009414965,0.0,-1.0,-1.0,1.0,0.33333337,0.33333337,0.0,-3.5147002e-06,-0.016188,138.0,1.0,63306,6,0.2,3.0,0.1,0,5
20,20,0.0,-0.05038393,-0.08870565,-0.091696694,-0.07517304,-0.009270126,0.0,-0.33333328,-0.33333328,-0.33333328,0.33333337,-0.33333328,0.0,-0.0002204564,-0.016188549,98.0,1.0,63306,6,0.2,3.0,0.1,0,5
21,21,0.0,-0.044103216,-0.08177427,-0.08453372,-0.0690187,-0.008842211,0.0,1.0,1.0,0.33333337,1.0,1.0,0.0,-8.6606285e-08,-0.016187616,250.0,1.0,63306,6,0.2,3.0,0.1,0,5
22,22,0.0,-0.04544549,-0.083849974,-0.08617411,-0.069987856,-0.009367967,0.0,1.0,-1.0,-1.0,0.33333337,-0.33333328,0.0,-3.2999292e-08,-0.016187992,119.0,1.0,63306,6,0.2,3.0,0.1,0,5
23,23,0.0,-0.041629463,-0.0817319,-0.084168755,-0.066271774,-0.009035539,0.0,-0.33333328,1.0,0.33333337,-1.0,-1.0,0.0,-1.2758472e-06,-0.016187292,127.0,1.0,63306,6,0.2,3.0,0.1,0,5
24,24,0.0,-0.041443586,-0.08214103,-0.08477594,-0.06652458,-0.008575617,0.0,0.33333337,1.0,1.0,0.33333337,-0.33333328,0.0,-2.8978528e-07,-0.016187375,120.0,1.0,63306,6,0.2,3.0,0.1,0,5
25,25,0.0,-1.0520953,0.733143,0.69194835,0.060461815,-1.0715903,0.0,-1.0,1.0,0.33333337,0.33333337,1.0,0.0,-6.200352e-07,-0.00077894505,100001.0,0.0,63306,6,0.2,3.0,0.1,0,5
26,26,0.0,-0.047518708,-0.08593717,-0.08883859,-0.071963325,-0.009250213,0.0,-0.33333328,-0.33333328,1.0,1.0,1.0,0.0,-7.782946e-07,-0.016188372,130.0,1.0,63306,6,0.2,3.0,0.1,0,5
27,27,0.0,-0.054425303,-0.09218266,-0.09469426,-0.0788605,-0.009605836,0.0,0.33333337,-1.0,0.33333337,-0.33333328,0.33333337,0.0,-5.7642555e-06,-0.016188461,112.0,1.0,63306,6,0.2,3.0,0.1,0,5
28,28,0.0,-0.053243987,-0.09362484,-0.09610151,-0.07945194,-0.008435372,0.0,-0.33333328,-0.33333328,1.0,1.0,-1.0,0.0,-9.5247736e-07,-0.016188389,102.0,1.0,63306,6,0.2,3.0,0.1,0,5
29,29,0.0,-0.7388499,34.365128,0.3064107,0.16382997,-0.7483658,0.0,-0.33333328,1.0,0.33333337,0.33333337,0.33333337,0.0,-3.0046533e-07,-0.0007201555,100001.0,0.0,63306,6,0.2,3.0,0.1,0,5
30,30,0.0,-0.03939039,-0.079900295,-0.08316088,-0.06419229,-0.008993247,0.0,0.33333337,-0.33333328,1.0,0.33333337,-1.0,0.0,-2.3461803e-07,-0.016186737,120.0,1.0,63306,6,0.2,3.0,0.1,0,5
31,31,0.0,-0.05661243,-0.09485039,-0.09720215,-0.08091229,-0.00937573,0.0,-0.33333328,-1.0,-1.0,0.33333337,-0.33333328,0.0,-2.077174e-05,-0.016188182,111.0,1.0,63306,6,0.2,3.0,0.1,0,5
32,32,0.0,-0.040733542,-0.08421905,-0.08715145,-0.0659092,-0.008672438,0.0,0.33333337,-1.0,0.33333337,1.0,0.33333337,0.0,-1.10388136e-07,-0.016187314,122.0,1.0,63306,6,0.2,3.0,0.1,0,5
33,33,0.0,-1.0470244,34.98618,34.87437,0.0034095559,-1.0395113,0.0,-1.0,1.0,1.0,-0.33333328,-0.33333328,0.0,-3.9278575e-06,-0.0009248337,100001.0,0.0,63306,6,0.2,3.0,0.1,0,5
34,34,0.0,-0.05137445,-0.090600565,-0.093194306,-0.07604606,-0.008777216,0.0,-0.33333328,0.33333337,-1.0,0.33333337,1.0,0.0,-7.284738e-07,-0.016188582,125.0,1.0,63306,6,0.2,3.0,0.1,0,5
35,35,0.0,1.6081135,-2.1095157,-0.09071894,1.456635,0.0017926043,0.0,1.0,-1.0,1.0,0.33333337,0.33333337,0.0,-1.3014352e-08,-2.5785905e-05,2898.0,1.0,63306,6,0.2,3.0,0.1,0,5
36,36,0.0,-0.054331284,-0.095274754,-0.09733288,-0.078912295,-0.009216691,0.0,0.33333337,1.0,-0.33333328,-1.0,0.33333337,0.0,-4.446124e-06,-0.016188238,109.0,1.0,63306,6,0.2,3.0,0.1,0,5
37,37,0.0,13.28039,-0.22386117,-0.18301246,13.27997,-0.0012613733,0.0,0.33333337,0.33333337,-1.0,1.0,1.0,0.0,-5.1924736e-09,-0.005661132,53314.0,1.0,63306,6,0.2,3.0,0.1,0,5
38,38,0.0,-0.05995869,-0.096161164,-0.098321095,-0.08412756,-0.009563274,0.0,0.33333337,0.33333337,-1.0,-0.33333328,0.33333337,0.0,-3.5800662e-05,-0.016187629,109.0,1.0,63306,6,0.2,3.0,0.1,0,5
39,39,0.0,-0.049223486,-0.09115037,-0.093281135,-0.07343841,-0.009774024,0.0,-0.33333328,-0.33333328,0.33333337,-0.33333328,-1.0,0.0,-1.6960597e-05,-0.016188473,101.0,1.0,63306,6,0.2,3.0,0.1,0,5
40,40,0.0,-0.060535632,-0.09792368,-0.10052724,-0.08470273,-0.009730346,0.0,-0.33333328,-0.33333328,-1.0,-1.0,0.33333337,0.0,-0.00019619653,-0.01618736,111.0,1.0,63306,6,0.2,3.0,0.1,0,5
41,41,0.0,5.9380965,6.476301,0.0041085044,5.8650956,-0.0025063914,0.0,1.0,1.0,-1.0,1.0,0.33333337,0.0,-3.5586442e-07,-0.0020445974,100001.0,0.0,63306,6,0.2,3.0,0.1,0,5
42,42,0.0,-0.05372242,-0.092214525,-0.094731145,-0.07772928,-0.009467504,0.0,0.33333337,-0.33333328,-0.33333328,0.33333337,-0.33333328,0.0,-0.00013893966,-0.01618852,100.0,1.0,63306,6,0.2,3.0,0.1,0,5
43,43,0.0,-0.050400257,-0.08900439,-0.09235419,-0.0747101,-0.009461347,0.0,-0.33333328,1.0,-0.33333328,0.33333337,-1.0,0.0,-1.06067674e-07,-0.01618854,123.0,1.0,63306,6,0.2,3.0,0.1,0,5
44,44,0.0,-0.06503409,-0.098262474,-0.100640826,-0.08889363,-0.00983798,0.0,-1.0,1.0,0.33333337,-1.0,-0.33333328,0.0,-4.3980003e-06,-0.016186405,1907.0,1.0,63306,6,0.2,3.0,0.1,0,5
45,45,0.0,-0.048279896,-0.089273304,-0.09207585,-0.07291338,-0.009049253,0.0,0.33333337,-1.0,0.33333337,0.33333337,0.33333337,0.0,-6.7524934e-06,-0.016188493,124.0,1.0,63306,6,0.2,3.0,0.1,0,5
46,46,0.0,-0.0427851,-0.085894845,-0.088599406,-0.06766521,-0.008670487,0.0,0.33333337,-1.0,-0.33333328,1.0,-0.33333328,0.0,-7.4156793e-07,-0.016187783,120.0,1.0,63306,6,0.2,3.0,0.1,0,5
47,47,0.0,0.6905247,2.172784,-0.2812387,-0.15097216,0.6544023,0.0,-0.33333328,1.0,-0.33333328,-1.0,0.33333337,0.0,-3.213024e-06,-0.0011298673,100001.0,0.0,63306,6,0.2,3.0,0.1,0,5
48,48,0.0,-0.03783259,-0.08094719,-0.08367844,-0.06290499,-0.008724651,0.0,-0.33333328,1.0,1.0,-0.33333328,1.0,0.0,-1.5731936e-06,-0.016186522,191.0,1.0,63306,6,0.2,3.0,0.1,0,5
49,49,0.0,-0.047853276,-0.08864502,-0.09069491,-0.072683826,-0.008925724,0.0,-0.33333328,1.0,-0.33333328,0.33333337,0.33333337,0.0,-4.28355e-06,-0.016188478,118.0,1.0,63306,6,0.2,3.0,0.1,0,5
50,50,0.0,5.5052943,5.410338,5.371359,-0.06928067,-0.5742455,0.0,1.0,0.33333337,1.0,-0.33333328,1.0,0.0,-1.376187e-07,-0.00058414455,36841.0,1.0,63306,6,0.2,3.0,0.1,0,5
51,51,0.0,-0.062049616,-0.09772183,-0.10007374,-0.08601824,-0.00986965,0.0,-1.0,0.33333337,-1.0,-1.0,-0.33333328,0.0,-3.897719e-07,-0.016187102,116.0,1.0,63306,6,0.2,3.0,0.1,0,5
52,52,0.0,-0.22190359,-1.5599246,-0.35517752,17.089191,0.113100864,0.0,-0.33333328,-1.0,-0.33333328,1.0,0.33333337,0.0,-1.946188e-08,-0.00036647578,897.0,1.0,63306,6,0.2,3.0,0.1,0,5
53,53,0.0,2.8965352,2.811305,2.7732694,-0.07412509,-0.5580509,0.0,0.33333337,1.0,1.0,-1.0,1.0,0.0,-5.6997935e-09,-0.00057909224,100001.0,0.0,63306,6,0.2,3.0,0.1,0,5
54,54,0.0,-0.050515868,-0.08878839,-0.09126336,-0.07472744,-0.009443036,0.0,0.33333337,-0.33333328,0.33333337,1.0,-1.0,0.0,-1.5359777e-07,-0.016188573,117.0,1.0,63306,6,0.2,3.0,0.1,0,5
55,55,0.0,0.0069396757,10.576004,11.47727,10.50103,-0.16206422,0.0,-0.33333328,1.0,1.0,1.0,-1.0,0.0,-1.02311596e-07,-1.0605678e-05,341.0,1.0,63306,6,0.2,3.0,0.1,0,5
56,56,0.0,-0.045350198,-0.086318664,-0.0887424,-0.07002943,-0.008965348,0.0,0.33333337,1.0,0.33333337,-1.0,-1.0,0.0,-3.9114333e-08,-0.01618821,131.0,1.0,63306,6,0.2,3.0,0.1,0,5
57,57,0.0,-0.04445224,-0.082787186,-0.08562135,-0.06896709,-0.009477044,0.0,1.0,-1.0,-0.33333328,0.33333337,1.0,0.0,-1.3280688e-08,-0.016187795,129.0,1.0,63306,6,0.2,3.0,0.1,0,5
58,58,0.0,-0.055320665,-0.094895154,-0.09722317,-0.0804397,-0.00910662,0.0,0.33333337,1.0,-0.33333328,-0.33333328,-0.33333328,0.0,-5.912579e-06,-0.016188197,121.0,1.0,63306,6,0.2,3.0,0.1,0,5
59,59,0.0,-0.018883923,8.949019,-0.37442663,-0.26574966,0.074001625,0.0,-1.0,1.0,-1.0,-1.0,-0.33333328,0.0,-4.006123e-06,-0.0031585954,165.0,1.0,63306,6,0.2,3.0,0.1,0,5
60,60,0.0,-0.044362467,-0.0837341,-0.08635242,-0.06857903,-0.00966725,0.0,1.0,0.33333337,1.0,0.33333337,0.33333337,0.0,-7.4980375e-07,-0.01618786,111.0,1.0,63306,6,0.2,3.0,0.1,0,5
61,61,0.0,-0.057484083,-0.09371032,-0.09617282,-0.081500255,-0.009321136,0.0,1.0,-0.33333328,0.33333337,-0.33333328,-0.33333328,0.0,-1.3166262e-05,-0.016188145,123.0,1.0,63306,6,0.2,3.0,0.1,0,5
62,62,0.0,-1.0412862,0.6362097,0.6655886,0.06031184,-1.0660769,0.0,-0.33333328,1.0,1.0,0.33333337,-0.33333328,0.0,-1.1850273e-06,-0.00072909065,100001.0,0.0,63306,6,0.2,3.0,0.1,0,5
63,63,0.0,-1.0457071,0.5710631,0.630664,0.069725975,-1.0613456,0.0,-0.33333328,0.33333337,0.33333337,1.0,1.0,0.0,-8.6919265e-08,-0.000714324,100001.0,0.0,63306,6,0.2,3.0,0.1,0,5
64,64,0.0,-0.04194308,-0.084053665,-0.08678386,-0.066759035,-0.008936467,0.0,0.33333337,1.0,1.0,0.33333337,1.0,0.0,-3.305976e-08,-0.016187608,231.0,1.0,63306,6,0.2,3.0,0.1,0,5
65,65,0.0,2.9211085,2.835337,2.7975516,-0.07401045,-0.55862665,0.0,0.33333337,0.33333337,1.0,-1.0,1.0,0.0,-2.8699507e-09,-0.00057786045,100001.0,0.0,63306,6,0.2,3.0,0.1,0,5
66,66,0.0,-0.058155112,-0.0961716,-0.09883352,-0.08266184,-0.009256806,0.0,0.33333337,-1.0,1.0,1.0,-1.0,0.0,-7.955181e-09,-0.01618789,143.0,1.0,63306,6,0.2,3.0,0.1,0,5
67,67,0.0,-0.051645175,-0.09060152,-0.0935317,-0.07557609,-0.009791244,0.0,1.0,1.0,-0.33333328,-1.0,-0.33333328,0.0,-1.1800124e-05,-0.016188597,126.0,1.0,63306,6,0.2,3.0,0.1,0,5
68,68,0.0,-0.053511634,-0.0918951,-0.094115615,-0.07823657,-0.009020145,0.0,-1.0,-1.0,0.33333337,-0.33333328,-1.0,0.0,-7.610439e-07,-0.016188517,127.0,1.0,63306,6,0.2,3.0,0.1,0,5
69,69,0.0,-0.050472405,-0.0886342,-0.0911584,-0.07557714,-0.00924913,0.0,-0.33333328,-1.0,1.0,1.0,1.0,0.0,-5.945572e-07,-0.016188564,124.0,1.0,63306,6,0.2,3.0,0.1,0,5
70,70,0.0,-0.042055752,-0.08389629,-0.08659005,-0.0667997,-0.008915237,0.0,1.0,1.0,1.0,0.33333337,-1.0,0.0,-1.26666455e-08,-0.016187584,130.0,1.0,63306,6,0.2,3.0,0.1,0,5
71,71,0.0,-0.05089055,-0.0885247,-0.09155377,-0.07527413,-0.008868876,0.0,0.33333337,-1.0,-0.33333328,-1.0,0.33333337,0.0,-2.7876342e-05,-0.016188545,113.0,1.0,63306,6,0.2,3.0,0.1,0,5
72,72,0.0,2.8887398,2.8035417,2.7659023,-0.073974,-0.55819684,0.0,1.0,1.0,0.33333337,-0.33333328,-1.0,0.0,-7.863052e-09,-0.0005793911,100001.0,0.0,63306,6,0.2,3.0,0.1,0,5
73,73,0.0,-0.05093843,-0.09009794,-0.09271771,-0.07599613,-0.008676304,0.0,-0.33333328,0.33333337,-1.0,-0.33333328,0.33333337,0.0,-2.455375e-05,-0.01618857,110.0,1.0,63306,6,0.2,3.0,0.1,0,5
74,74,0.0,-0.054991327,-0.09267154,-0.095747456,-0.07869961,-0.00829326,0.0,0.33333337,-1.0,0.33333337,-0.33333328,-0.33333328,0.0,-7.345959e-05,-0.01618843,87.0,1.0,63306,6,0.2,3.0,0.1,0,5
75,75,0.0,1.6101333,-2.736503,-0.08711875,1.4613047,0.001750511,0.0,1.0,-1.0,0.33333337,1.0,-1.0,0.0,-3.946145e-08,-2.5911495e-05,304.0,1.0,63306,6,0.2,3.0,0.1,0,5
76,76,0.0,-1.0409329,0.57799023,0.62273836,0.06480826,-1.0669605,0.0,-1.0,0.33333337,-0.33333328,-0.33333328,1.0,0.0,-3.0883277e-07,-0.0007201821,100001.0,0.0,63306,6,0.2,3.0,0.1,0,5
77,77,0.0,-0.05237467,-0.090901464,-0.09331886,-0.07694645,-0.009208732,0.0,1.0,1.0,0.33333337,0.33333337,1.0,0.0,-2.6656014e-07,-0.016188566,148.0,1.0,63306,6,0.2,3.0,0.1,0,5
78,78,0.0,-0.058458723,-0.09450216,-0.09760244,-0.08315512,-0.009149174,0.0,1.0,-0.33333328,-1.0,0.33333337,1.0,0.0,-7.841634e-08,-0.016187873,122.0,1.0,63306,6,0.2,3.0,0.1,0,5
79,79,0.0,-0.050276704,-0.089260966,-0.09164638,-0.07477198,-0.009227947,0.0,0.33333337,0.33333337,-0.33333328,0.33333337,1.0,0.0,-2.6497946e-06,-0.016188584,121.0,1.0,63306,6,0.2,3.0,0.1,0,5
80,80,0.0,5.9388046,6.4595137,0.004168308,5.8660884,-0.0023582638,0.0,1.0,1.0,-0.33333328,1.0,0.33333337,0.0,-2.3585521e-07,-0.0020240152,100001.0,0.0,63306,6,0.2,3.0,0.1,0,5
81,81,0.0,-1.0462261,0.5961235,0.64703006,0.06758412,-1.0614052,0.0,-1.0,0.33333337,-0.33333328,0.33333337,0.33333337,0.0,-2.513684e-06,-0.0007187457,100001.0,0.0,63306,6,0.2,3.0,0.1,0,5
82,82,0.0,-0.052805055,-0.09176218,-0.09422708,-0.077539526,-0.009539533,0.0,-0.33333328,0.33333337,-0.33333328,1.0,-1.0,0.0,-2.72753e-07,-0.016188532,121.0,1.0,63306,6,0.2,3.0,0.1,0,5
83,83,0.0,-0.04290654,-0.08662392,-0.08796476,-0.06787284,-0.009647022,0.0,-0.33333328,-0.33333328,-0.33333328,-0.33333328,-1.0,0.0,-0.00022649814,-0.01618771,91.0,1.0,63306,6,0.2,3.0,0.1,0,5
84,84,0.0,-0.05608656,-0.09352701,-0.09630803,-0.080130644,-0.009428025,0.0,1.0,-0.33333328,1.0,-0.33333328,-1.0,0.0,-4.827418e-07,-0.016188322,144.0,1.0,63306,6,0.2,3.0,0.1,0,5
85,85,0.0,-0.048096403,-0.08744644,-0.09016873,-0.072563566,-0.009816688,0.0,0.33333337,-0.33333328,-0.33333328,1.0,1.0,0.0,-4.1367593e-07,-0.016188454,118.0,1.0,63306,6,0.2,3.0,0.1,0,5
86,86,0.0,-0.051493157,-0.0904948,-0.09311038,-0.0754363,-0.009748627,0.0,-1.0,-1.0,-0.33333328,-0.33333328,-1.0,0.0,-6.890447e-05,-0.016188607,112.0,1.0,63306,6,0.2,3.0,0.1,0,5
87,87,0.0,-0.051296208,-0.0908635,-0.092993885,-0.07584701,-0.009258899,0.0,1.0,-1.0,1.0,-0.33333328,-1.0,0.0,-4.0980694e-07,-0.016188594,331.0,1.0,63306,6,0.2,3.0,0.1,0,5
88,88,0.0,-0.054898392,-0.09294009,-0.09517621,-0.07919072,-0.0098008355,0.0,-1.0,-1.0,1.0,0.33333337,1.0,0.0,-2.1257543e-07,-0.016188402,143.0,1.0,63306,6,0.2,3.0,0.1,0,5
89,89,0.0,-0.05390637,-0.09218479,-0.09507566,-0.07834013,-0.009538369,0.0,0.33333337,1.0,0.33333337,-0.33333328,-0.33333328,0.0,-1.4546948e-05,-0.016188493,112.0,1.0,63306,6,0.2,3.0,0.1,0,5
90,90,0.0,-5.0781913,5.082757,3.5624201,4.980032,0.013409419,0.0,-0.33333328,1.0,0.33333337,1.0,-0.33333328,0.0,-1.5492726e-07,-1.5511023e-05,222.0,1.0,63306,6,0.2,3.0,0.1,0,5
91,91,0.0,2.8813608,2.7975168,2.7686985,-0.0684353,-0.5567327,0.0,0.33333337,1.0,1.0,-1.0,0.33333337,0.0,-3.3289776e-08,-0.00057880365,100001.0,0.0,63306,6,0.2,3.0,0.1,0,5
92,92,0.0,-0.049806565,-0.089737065,-0.09163389,-0.07452122,-0.009233675,0.0,1.0,-1.0,1.0,-0.33333328,-0.33333328,0.0,-8.326394e-06,-0.016188549,163.0,1.0,63306,6,0.2,3.0,0.1,0,5
93,93,0.0,-0.05780198,-0.09476523,-0.097337045,-0.08210925,-0.009535364,0.0,-0.33333328,-0.33333328,0.33333337,-1.0,-0.33333328,0.0,-2.9067241e-05,-0.01618804,117.0,1.0,63306,6,0.2,3.0,0.1,0,5
94,94,0.0,-0.05323343,-0.09206802,-0.09444617,-0.077682436,-0.009262485,0.0,-0.33333328,1.0,-1.0,0.33333337,-0.33333328,0.0,-2.8771726e-08,-0.016188532,128.0,1.0,63306,6,0.2,3.0,0.1,0,5
95,95,0.0,-10.20292,16.750772,2.3028965,11.210331,0.006502946,0.0,-0.33333328,1.0,-0.33333328,1.0,0.33333337,0.0,-5.50639e-07,-1.745138e-05,2395.0,1.0,63306,6,0.2,3.0,0.1,0,5
96,96,0.0,11.563344,-0.22416326,-0.18255995,11.563042,-0.0012205578,0.0,1.0,-1.0,-1.0,1.0,0.33333337,0.0,-3.657741e-07,-0.005530996,31217.0,1.0,63306,6,0.2,3.0,0.1,0,5
97,97,0.0,-0.066023946,-0.10131588,-0.10351956,-0.08978694,-0.01004958,0.0,0.33333337,-1.0,-1.0,-1.0,-1.0,0.0,-6.407046e-07,-0.016185818,136.0,1.0,63306,6,0.2,3.0,0.1,0,5
98,98,0.0,-0.056276936,-0.09351596,-0.09605931,-0.080790095,-0.009436967,0.0,-0.33333328,0.33333337,-0.33333328,-1.0,0.33333337,0.0,-3.3985387e-05,-0.016188255,109.0,1.0,63306,6,0.2,3.0,0.1,0,5
99,99,0.0,-0.053976953,-0.09494259,-0.09818856,-0.07861777,-0.008804645,0.0,-0.33333328,-0.33333328,0.33333337,-1.0,-1.0,0.0,-4.16354e-06,-0.016188242,111.0,1.0,63306,6,0.2,3.0,0.1,0,5
