,Unnamed: 0,e1,e2,e3,e4,e5,e6,e7,e8,e9,e0_1,e0_2,e0_3,e0_4,e0_5,e0_6,e0_7,e0_8,e0_9,Gamma,eta0,eta,count,success,seed,N,Jmax,alpha,gleak,ex,lk
0,9,0.0,1.9158131,1.609328,-0.3216339,-0.52032083,-0.57915926,-0.5205302,1.9741671,-0.018252715,0.0,1.0,1.0,-0.33333328,-1.0,-1.0,-1.0,0.33333337,1.0,0.0,-1.0376921e-05,-0.018076815,3217.0,1.0,29307,9,0.2,1.0,0.1,0,8
1,10,0.0,-0.3666624,-0.68030137,25.850233,-0.63478583,-0.56407285,25.810152,-0.35710773,-0.005696818,0.0,-0.33333328,-1.0,1.0,-0.33333328,-0.33333328,1.0,-0.33333328,-1.0,0.0,-2.9965438e-05,-0.01725568,100001.0,0.0,29307,9,0.2,1.0,0.1,0,8
2,84,0.0,5.456122,5.0348988,4.840724,4.8475156,-0.2977515,-0.40413004,5.5318136,-0.04895487,0.0,1.0,0.33333337,1.0,1.0,-0.33333328,-0.33333328,0.33333337,-1.0,0.0,-3.3394667e-06,-0.01668047,100001.0,0.0,29307,9,0.2,1.0,0.1,0,8
3,12,0.0,6.487801,-0.17759117,6.2340307,-0.24995048,6.269834,-0.22720999,6.4287977,-0.019342303,0.0,0.33333337,-0.33333328,0.33333337,-0.33333328,0.33333337,-1.0,0.33333337,0.33333337,0.0,-1.849436e-05,-0.014578155,100001.0,0.0,29307,9,0.2,1.0,0.1,0,8
4,63,0.0,-0.77341855,1.9230354,-0.9956622,-0.24201688,-0.33710966,1.8673862,-0.75744724,-0.018705156,0.0,-0.33333328,1.0,-1.0,-0.33333328,-0.33333328,1.0,-1.0,-1.0,0.0,-6.7757815e-06,-0.014456059,372.0,1.0,29307,9,0.2,1.0,0.1,0,8
5,27,0.0,-0.5036249,1.5984548,-0.7185487,-0.094794095,1.4999584,-0.7693934,-0.5985468,-0.03739087,0.0,-1.0,1.0,-1.0,-0.33333328,0.33333337,-1.0,-1.0,-1.0,0.0,-4.6970465e-05,-0.013508572,141.0,1.0,29307,9,0.2,1.0,0.1,0,8
6,36,0.0,12.432597,12.131887,-0.25344673,-0.3473099,11.773191,11.716083,12.440019,-0.0149016315,0.0,1.0,0.33333337,-0.33333328,-0.33333328,0.33333337,1.0,1.0,-1.0,0.0,-9.519816e-06,-0.013453925,100001.0,0.0,29307,9,0.2,1.0,0.1,0,8
7,91,0.0,6.0589275,-0.15099458,5.472375,-0.2824217,5.4082055,-0.17162451,6.047219,-0.016887609,0.0,1.0,-0.33333328,0.33333337,-1.0,0.33333337,-0.33333328,1.0,-1.0,0.0,-1.184193e-05,-0.013448593,57519.0,1.0,29307,9,0.2,1.0,0.1,0,8
8,5,0.0,-0.46540317,-0.7675379,0.8085664,-0.41540185,-0.6721036,-0.8283083,-0.42675364,-0.06612181,0.0,-0.33333328,-0.33333328,1.0,-1.0,-1.0,-1.0,-1.0,-1.0,0.0,-0.00038628088,-0.013200784,4122.0,1.0,29307,9,0.2,1.0,0.1,0,8
9,19,0.0,-0.35739708,1.8221501,1.5740094,1.592694,-0.70299554,-0.7740039,-0.5179169,-0.041656487,0.0,-0.33333328,1.0,1.0,0.33333337,-1.0,-1.0,-0.33333328,-1.0,0.0,-6.0446644e-05,-0.013180112,27181.0,1.0,29307,9,0.2,1.0,0.1,0,8
10,97,0.0,-0.48817796,-0.7889066,0.6060307,0.006792699,5.272827,-0.7056459,-0.5240362,-0.026737409,0.0,-0.33333328,-0.33333328,0.33333337,0.33333337,1.0,-0.33333328,-0.33333328,0.33333337,0.0,-5.063897e-07,-0.012998517,281.0,1.0,29307,9,0.2,1.0,0.1,0,8
11,74,0.0,5.802344,5.5034466,-0.24155413,-0.33275244,5.1578407,5.1020217,5.796791,-0.012422549,0.0,1.0,0.33333337,-1.0,-1.0,1.0,1.0,0.33333337,-1.0,0.0,-3.5458997e-06,-0.012981258,23315.0,1.0,29307,9,0.2,1.0,0.1,0,8
12,16,0.0,2.0529654,1.7641855,2.324695,-0.2939827,-0.49581695,-0.50744164,2.0421731,-0.03697808,0.0,0.33333337,0.33333337,1.0,-0.33333328,-1.0,-1.0,0.33333337,0.33333337,0.0,-3.8014503e-05,-0.012816529,100001.0,0.0,29307,9,0.2,1.0,0.1,0,8
13,13,0.0,0.493854,-0.19528024,-0.41756085,-0.5045203,-0.47869384,-0.11899533,0.03752742,0.04989947,0.0,1.0,-1.0,-1.0,-1.0,-1.0,-1.0,-0.33333328,0.33333337,0.0,-4.5931924e-05,-0.012707278,100001.0,0.0,29307,9,0.2,1.0,0.1,0,8
14,99,0.0,-0.69679505,1.0111353,-0.11602954,0.85555947,-0.17888989,-0.9508961,-0.7879661,-0.055311307,0.0,-1.0,0.33333337,-0.33333328,0.33333337,-0.33333328,-1.0,-1.0,-1.0,0.0,-4.5683104e-05,-0.012667877,11935.0,1.0,29307,9,0.2,1.0,0.1,0,8
15,8,0.0,6.2784615,-0.14844672,6.0249944,4.364918,6.0502834,-0.15644573,6.2019725,-0.009386203,0.0,1.0,-0.33333328,1.0,0.33333337,0.33333337,-1.0,0.33333337,-0.33333328,0.0,-2.6632619e-05,-0.012584241,85065.0,1.0,29307,9,0.2,1.0,0.1,0,8
16,98,0.0,-0.31809667,-0.67793065,-1.0104614,-0.7079053,-0.40053982,137.20157,-0.26707664,-0.07093038,0.0,0.33333337,0.33333337,-0.33333328,-0.33333328,-0.33333328,1.0,-1.0,0.33333337,0.0,-0.000709057,-0.012350539,89246.0,1.0,29307,9,0.2,1.0,0.1,0,8
17,17,0.0,3.4987924,3.9189045,3.615622,3.7435925,-0.047305442,3.1618936,3.3056595,-0.011914305,0.0,0.33333337,1.0,1.0,1.0,-0.33333328,0.33333337,0.33333337,-1.0,0.0,-2.7308859e-06,-0.01179724,16336.0,1.0,29307,9,0.2,1.0,0.1,0,8
18,72,0.0,1.5982825,1.2833387,-0.20434502,-0.26292232,1.322024,1.4310073,-0.43456843,-0.09530317,0.0,1.0,0.33333337,-0.33333328,-1.0,1.0,0.33333337,-1.0,1.0,0.0,-1.2435511e-05,-0.0117668435,2348.0,1.0,29307,9,0.2,1.0,0.1,0,8
19,90,0.0,1.2224457,-0.10855856,0.90717196,-0.2975836,-0.2744038,1.132487,-0.48132312,-0.092552766,0.0,1.0,-1.0,1.0,-1.0,-0.33333328,0.33333337,-0.33333328,-1.0,0.0,-3.0034307e-05,-0.011720992,2254.0,1.0,29307,9,0.2,1.0,0.1,0,8
20,53,0.0,8.180824,7.871732,-44.949795,-0.17670965,8.063663,-0.25214383,8.172668,-0.031445373,0.0,1.0,0.33333337,-0.33333328,-0.33333328,1.0,-0.33333328,1.0,-1.0,0.0,-2.5650961e-05,-0.011675524,100001.0,0.0,29307,9,0.2,1.0,0.1,0,8
21,67,0.0,-0.40242305,4.4640245,3.723883,3.6434658,4.362235,-0.6645848,-0.51886886,-0.02472708,0.0,-1.0,1.0,1.0,1.0,1.0,-1.0,-1.0,0.33333337,0.0,-0.0001514269,-0.011450096,88276.0,1.0,29307,9,0.2,1.0,0.1,0,8
22,1,0.0,-0.39738378,2.7559462,3.0662718,2.5516613,2.5601902,-0.65593374,-0.514424,-0.025214449,0.0,-0.33333328,0.33333337,1.0,0.33333337,0.33333337,-0.33333328,-0.33333328,-0.33333328,0.0,-0.00017440433,-0.011285684,100001.0,0.0,29307,9,0.2,1.0,0.1,0,8
23,56,0.0,2.056899,-0.6905007,-0.85267556,1.6674902,-0.1537234,1.9746526,-0.53803617,-0.08150763,0.0,1.0,-1.0,-1.0,0.33333337,-0.33333328,1.0,-1.0,1.0,0.0,-2.2566617e-05,-0.011071377,990.0,1.0,29307,9,0.2,1.0,0.1,0,8
24,22,0.0,6.9480405,-0.1546915,6.994742,28.376158,28.302927,-0.16296151,6.8798428,-0.009975918,0.0,0.33333337,-0.33333328,0.33333337,1.0,1.0,-1.0,0.33333337,-0.33333328,0.0,-1.9176332e-05,-0.010978134,100001.0,0.0,29307,9,0.2,1.0,0.1,0,8
25,93,0.0,4.745284,-0.09272858,4.461976,-0.64503723,-0.17803207,4.427737,4.618621,-0.035630796,0.0,1.0,-0.33333328,1.0,-1.0,-0.33333328,1.0,0.33333337,1.0,0.0,-9.942228e-06,-0.010972932,932.0,1.0,29307,9,0.2,1.0,0.1,0,8
26,32,0.0,0.49512842,-0.19172287,-0.36218506,-0.79920846,-0.3403173,-0.09772591,0.056813568,0.039075423,0.0,1.0,-0.33333328,-1.0,-1.0,-0.33333328,-0.33333328,-1.0,0.33333337,0.0,-0.0016046591,-0.010919889,100001.0,0.0,29307,9,0.2,1.0,0.1,0,8
27,3,0.0,13.088111,12.794748,-48.30111,-0.07620095,12.481357,12.423695,13.08813,-0.014529821,0.0,1.0,0.33333337,-1.0,-0.33333328,0.33333337,0.33333337,1.0,0.33333337,0.0,-6.8266425e-05,-0.010624313,100001.0,0.0,29307,9,0.2,1.0,0.1,0,8
28,14,0.0,3.7286956,-9.232847,3.335306,3.2469065,-9.285042,-0.13265532,3.720445,-0.043254506,0.0,1.0,-1.0,0.33333337,0.33333337,-1.0,-0.33333328,0.33333337,-1.0,0.0,-3.1392199e-06,-0.010583211,100001.0,0.0,29307,9,0.2,1.0,0.1,0,8
29,41,0.0,0.47255835,-0.17883676,-0.31373268,-1.6588049,-0.39060488,-0.18584518,-0.01740414,0.06372547,0.0,1.0,-0.33333328,-0.33333328,-0.33333328,-0.33333328,-0.33333328,-1.0,-1.0,0.0,-0.0001758104,-0.010347128,100001.0,0.0,29307,9,0.2,1.0,0.1,0,8
30,76,0.0,0.4064751,-0.75068635,-0.8968043,-0.333444,-0.5680393,-0.29040375,-0.62141275,0.08652475,0.0,1.0,-1.0,-1.0,-0.33333328,-0.33333328,-0.33333328,-0.33333328,-1.0,0.0,-0.0002420832,-0.01028651,489.0,1.0,29307,9,0.2,1.0,0.1,0,8
31,20,0.0,2.0848758,-0.5093845,-0.3099455,1.8383737,-0.64979553,1.9684597,-0.5993102,-0.06729574,0.0,0.33333337,-1.0,-0.33333328,0.33333337,-1.0,0.33333337,-1.0,-0.33333328,0.0,-0.000120062556,-0.010142172,662.0,1.0,29307,9,0.2,1.0,0.1,0,8
32,24,0.0,5.022572,4.5993433,4.4122,4.4065766,4.2314625,4.7141795,4.885844,0.00036030007,0.0,1.0,1.0,0.33333337,1.0,1.0,1.0,1.0,0.33333337,0.0,-8.725641e-05,-0.009806729,26128.0,1.0,29307,9,0.2,1.0,0.1,0,8
33,95,0.0,0.5171651,-0.21914892,-0.4732926,-0.32262635,4.903933,0.520914,-0.542535,-0.1002835,0.0,0.33333337,-0.33333328,-1.0,-0.33333328,1.0,0.33333337,-1.0,-0.33333328,0.0,-0.00023351345,-0.009648568,486.0,1.0,29307,9,0.2,1.0,0.1,0,8
34,92,0.0,-1.2906239,-1.5761446,-1.2710993,58.426586,51.775593,58.383255,-1.3460006,0.009623123,0.0,-0.33333328,-1.0,-1.0,1.0,0.33333337,1.0,-1.0,1.0,0.0,-4.1203875e-05,-0.0095205335,100001.0,0.0,29307,9,0.2,1.0,0.1,0,8
35,35,0.0,-0.54082936,7.9465556,8.131448,-0.89569515,-0.9630474,-0.85791385,7.8223743,0.03465011,0.0,-0.33333328,0.33333337,1.0,-0.33333328,-1.0,-0.33333328,0.33333337,0.33333337,0.0,-4.581254e-05,-0.009028384,100001.0,0.0,29307,9,0.2,1.0,0.1,0,8
36,44,0.0,1.3735045,1.5299128,-0.06993049,1.06077,-0.09305832,1.1095016,-0.57312447,-0.08050917,0.0,0.33333337,1.0,-0.33333328,0.33333337,-1.0,0.33333337,-1.0,-1.0,0.0,-8.422589e-06,-0.008977955,39689.0,1.0,29307,9,0.2,1.0,0.1,0,8
37,33,0.0,-0.6122517,7.4651675,-0.8716246,5.375724,-0.9302306,-0.82764894,7.4571495,0.036957093,0.0,-0.33333328,1.0,-0.33333328,1.0,-0.33333328,-1.0,1.0,-0.33333328,0.0,-0.00037344353,-0.00895262,12075.0,1.0,29307,9,0.2,1.0,0.1,0,8
38,46,0.0,12.807356,14.485372,-51.578335,-0.07299885,12.21177,14.430794,12.793977,-0.010250927,0.0,0.33333337,1.0,-1.0,-0.33333328,0.33333337,1.0,0.33333337,0.33333337,0.0,-2.6092033e-05,-0.008935459,87964.0,1.0,29307,9,0.2,1.0,0.1,0,8
39,94,0.0,1.0416676,0.7267425,-0.0040206457,0.8645044,-0.20538774,-0.26433238,-0.044963196,0.17084554,0.0,1.0,0.33333337,-0.33333328,1.0,-0.33333328,-1.0,-1.0,1.0,0.0,-6.170585e-05,-0.008811999,241.0,1.0,29307,9,0.2,1.0,0.1,0,8
40,49,0.0,-1.6878008,9.98096,-0.2368579,-0.33295363,-1.9262768,-1.8576956,9.972567,-0.023034094,0.0,-0.33333328,0.33333337,-1.0,-1.0,-1.0,-1.0,0.33333337,-1.0,0.0,-2.2984857e-06,-0.008802786,2082.0,1.0,29307,9,0.2,1.0,0.1,0,8
41,34,0.0,2.1462073,-0.48672625,-0.6940989,-0.6704255,19.387058,8.548931,2.1581779,0.008337474,0.0,0.33333337,-1.0,-1.0,-1.0,1.0,1.0,0.33333337,1.0,0.0,-3.5155606e-06,-0.0087338695,1707.0,1.0,29307,9,0.2,1.0,0.1,0,8
42,69,0.0,1.6808977,-0.40042177,5.751806,1.5453153,5.6718993,1.5994807,-0.3256581,-0.100867465,0.0,0.33333337,-0.33333328,1.0,0.33333337,1.0,0.33333337,-1.0,-0.33333328,0.0,-0.00010159033,-0.008569521,355.0,1.0,29307,9,0.2,1.0,0.1,0,8
43,77,0.0,1.2012055,1.1357707,-0.11393748,-0.2199442,0.91078794,-0.09833227,-0.028547946,0.17209978,0.0,1.0,0.33333337,-0.33333328,-1.0,0.33333337,-1.0,-1.0,1.0,0.0,-1.8796947e-05,-0.008239383,880.0,1.0,29307,9,0.2,1.0,0.1,0,8
44,28,0.0,0.9366114,1.3500141,1.1930121,-0.19474079,-0.28865984,0.8100634,-0.61782444,-0.09256405,0.0,0.33333337,1.0,1.0,-0.33333328,-0.33333328,0.33333337,-0.33333328,0.33333337,0.0,-7.73768e-05,-0.008155431,409.0,1.0,29307,9,0.2,1.0,0.1,0,8
45,51,0.0,1.0813466,-0.32400364,0.7577387,0.7391918,-0.7910207,-0.45006907,-0.7763219,-0.14115024,0.0,1.0,-0.33333328,1.0,1.0,-1.0,-0.33333328,-1.0,-1.0,0.0,-9.2158116e-05,-0.008093479,839.0,1.0,29307,9,0.2,1.0,0.1,0,8
46,79,0.0,3.6725512,2.1257377,3.2842677,3.186882,2.1007688,3.537585,-0.30915794,-0.12160649,0.0,1.0,0.33333337,1.0,1.0,0.33333337,1.0,-0.33333328,-1.0,0.0,-2.9892131e-05,-0.008004514,37299.0,1.0,29307,9,0.2,1.0,0.1,0,8
47,68,0.0,0.7486343,-0.7161892,-0.871031,0.57924503,-0.4960778,-0.71642214,-0.5940382,-0.1703957,0.0,1.0,-0.33333328,-1.0,1.0,-0.33333328,-0.33333328,-0.33333328,0.33333337,0.0,-0.0020025938,-0.007874409,1265.0,1.0,29307,9,0.2,1.0,0.1,0,8
48,57,0.0,0.5159373,0.504193,-0.08523755,-0.42067116,5.0623035,-0.44992858,0.016206637,0.17454949,0.0,0.33333337,0.33333337,-0.33333328,-1.0,1.0,-1.0,-0.33333328,1.0,0.0,-3.5908717e-05,-0.0077945115,255.0,1.0,29307,9,0.2,1.0,0.1,0,8
49,26,0.0,0.61387223,-0.24908711,-0.40301564,-0.3410004,0.51815474,7.4037786,-0.41637227,-0.12775151,0.0,0.33333337,-0.33333328,-0.33333328,-0.33333328,0.33333337,1.0,-1.0,0.33333337,0.0,-0.00013655856,-0.0077156983,1104.0,1.0,29307,9,0.2,1.0,0.1,0,8
50,52,0.0,1.1326637,8.227789,-0.119712755,5.972957,-0.14680484,1.0926422,8.219873,-0.023504445,0.0,0.33333337,1.0,-1.0,1.0,-1.0,0.33333337,1.0,-0.33333328,0.0,-5.68083e-05,-0.007696785,13055.0,1.0,29307,9,0.2,1.0,0.1,0,8
51,82,0.0,-1.4393959,-1.171936,-2.512919,-1.2836143,64.705696,105.866684,-1.5178708,0.005656456,0.0,-0.33333328,-1.0,-1.0,-0.33333328,1.0,1.0,-1.0,1.0,0.0,-1.7492128e-05,-0.0076218243,8713.0,1.0,29307,9,0.2,1.0,0.1,0,8
52,15,0.0,-4.4649754,23.623194,-0.2428626,-0.33899644,23.471712,-4.491248,23.578045,-0.018321462,0.0,-1.0,1.0,-0.33333328,-0.33333328,1.0,-1.0,0.33333337,0.33333337,0.0,-0.00015733443,-0.007599573,18374.0,1.0,29307,9,0.2,1.0,0.1,0,8
53,47,0.0,4.2140555,-7.2364826,-7.3798814,-0.07405011,3.882812,3.4827478,4.061386,-0.0073954463,0.0,1.0,-1.0,-1.0,-0.33333328,1.0,1.0,1.0,1.0,0.0,-3.437309e-05,-0.0075827423,2053.0,1.0,29307,9,0.2,1.0,0.1,0,8
54,62,0.0,0.09820473,-0.2617234,-0.571459,-0.6309327,-0.24963176,-58.598946,0.33008853,-0.04699812,0.0,-0.33333328,-0.33333328,-0.33333328,-0.33333328,-0.33333328,-1.0,0.33333337,-0.33333328,0.0,-0.00020295766,-0.0074489187,30221.0,1.0,29307,9,0.2,1.0,0.1,0,8
55,21,0.0,-6.0976667,-6.4662647,-6.871632,-6.506511,-1.3898811,-6.0850244,-0.3516096,-0.120211355,0.0,-1.0,-1.0,-1.0,-1.0,-0.33333328,-1.0,0.33333337,-1.0,0.0,-1.4639781e-07,-0.007286381,68550.0,1.0,29307,9,0.2,1.0,0.1,0,8
56,61,0.0,-2.90275,10.500745,-2.9466321,-0.085143834,30.51499,-2.994634,10.492674,-0.00691877,0.0,-0.33333328,0.33333337,-1.0,-0.33333328,1.0,-1.0,0.33333337,0.33333337,0.0,-2.5630266e-06,-0.006772524,2542.0,1.0,29307,9,0.2,1.0,0.1,0,8
57,55,0.0,3.3001053,2.9931548,-0.12901087,-0.23891692,2.8748894,3.222656,0.052716807,0.22334543,0.0,1.0,0.33333337,-0.33333328,-1.0,1.0,1.0,-0.33333328,1.0,0.0,-3.298411e-05,-0.0067494675,3070.0,1.0,29307,9,0.2,1.0,0.1,0,8
58,50,0.0,0.65959835,-0.23630254,-0.2130699,0.5109545,6.466835,-0.42358086,-0.7338469,-0.14352411,0.0,0.33333337,-0.33333328,-1.0,0.33333337,1.0,-0.33333328,-0.33333328,-1.0,0.0,-0.00025275108,-0.006570319,299.0,1.0,29307,9,0.2,1.0,0.1,0,8
59,75,0.0,2.3074934,-36.47297,2.0350044,1.969376,-0.24827774,-0.34813747,2.2071893,-0.04232833,0.0,1.0,-0.33333328,1.0,0.33333337,-0.33333328,-0.33333328,1.0,-1.0,0.0,-3.7454356e-06,-0.006375015,12443.0,1.0,29307,9,0.2,1.0,0.1,0,8
60,48,0.0,-0.4327538,-0.70939493,3.956377,3.7333038,3.684464,3.8043833,0.01527954,-0.34838194,0.0,-1.0,-1.0,1.0,1.0,0.33333337,0.33333337,0.33333337,1.0,0.0,-4.9911364e-06,-0.0063466565,1548.0,1.0,29307,9,0.2,1.0,0.1,0,8
61,4,0.0,0.9884578,1.1859038,22.968708,22.837172,-0.07612193,0.7991181,-0.5273268,-0.09561051,0.0,0.33333337,0.33333337,1.0,1.0,-0.33333328,0.33333337,-0.33333328,0.33333337,0.0,-2.6737514e-05,-0.006234442,100001.0,0.0,29307,9,0.2,1.0,0.1,0,8
62,18,0.0,-0.92155707,-1.2209896,3.2060287,6.833102,3.1395133,-0.8933239,6.8357677,0.038843796,0.0,-0.33333328,-1.0,0.33333337,1.0,0.33333337,-0.33333328,1.0,0.33333337,0.0,-0.00028909542,-0.0062332368,664.0,1.0,29307,9,0.2,1.0,0.1,0,8
63,23,0.0,0.39950803,-0.22880112,-0.57028913,-0.32335,-0.7938494,-0.7899278,7.3391643,-0.0033623497,0.0,0.33333337,-0.33333328,-1.0,-0.33333328,-1.0,-1.0,1.0,0.33333337,0.0,-0.00010019383,-0.0062270383,767.0,1.0,29307,9,0.2,1.0,0.1,0,8
64,6,0.0,0.81329185,0.48311734,0.50445336,-1.9828737,-0.43987983,-0.71593535,-0.8045889,-0.17350203,0.0,1.0,0.33333337,0.33333337,-1.0,-0.33333328,-0.33333328,-0.33333328,-0.33333328,0.0,-0.0009883841,-0.0061121252,107.0,1.0,29307,9,0.2,1.0,0.1,0,8
65,42,0.0,2.2192287,1.839109,1.7089573,1.7170515,1.9762133,-0.50523823,0.039887406,0.34862882,0.0,1.0,1.0,1.0,1.0,0.33333337,-1.0,-0.33333328,1.0,0.0,-3.5337845e-05,-0.006107995,95078.0,1.0,29307,9,0.2,1.0,0.1,0,8
66,11,0.0,1.6294427,24.5678,1.3784072,-1.3741384,1.5089133,24.536322,-0.3307586,-0.13617474,0.0,0.33333337,1.0,0.33333337,-0.33333328,0.33333337,1.0,-0.33333328,-1.0,0.0,-1.9083374e-05,-0.0060994513,73011.0,1.0,29307,9,0.2,1.0,0.1,0,8
67,30,0.0,1.5423853,1.2267658,-8.110965,1.2448499,1.3215064,-0.11141435,-0.04736125,0.29517415,0.0,1.0,0.33333337,-1.0,1.0,1.0,-0.33333328,-0.33333328,0.33333337,0.0,-0.00032133245,-0.0058234325,596.0,1.0,29307,9,0.2,1.0,0.1,0,8
68,80,0.0,3.8698049,-32.87388,-0.2579332,-0.3530646,3.5448463,3.0980668,3.718081,-0.0075141327,0.0,1.0,-1.0,-0.33333328,-0.33333328,1.0,1.0,0.33333337,1.0,0.0,-1.8700764e-05,-0.0058101653,3772.0,1.0,29307,9,0.2,1.0,0.1,0,8
69,25,0.0,2.1838968,-34.32257,-0.39210013,1.8295981,1.7391127,1.8398966,-0.30222103,-0.11286666,0.0,1.0,-1.0,-0.33333328,0.33333337,0.33333337,0.33333337,-0.33333328,-0.33333328,0.0,-0.0002779088,-0.0055983337,5972.0,1.0,29307,9,0.2,1.0,0.1,0,8
70,38,0.0,0.33208263,-0.6138621,6.254325,-0.30272773,-0.3055716,-0.5717743,6.247682,0.060318917,0.0,0.33333337,-1.0,1.0,-1.0,-0.33333328,-0.33333328,1.0,-1.0,0.0,-6.682396e-05,-0.0054147197,518.0,1.0,29307,9,0.2,1.0,0.1,0,8
71,43,0.0,0.76993763,1.5670576,-0.9744487,1.4272097,0.7437608,-0.9756524,0.025839511,0.37257785,0.0,0.33333337,1.0,-1.0,1.0,0.33333337,-1.0,-0.33333328,1.0,0.0,-2.0461019e-05,-0.005026446,150.0,1.0,29307,9,0.2,1.0,0.1,0,8
72,37,0.0,4.0729423,-29.180515,-0.20803183,3.635526,3.5123663,3.590455,3.8017578,-0.00044994298,0.0,1.0,-1.0,-0.33333328,1.0,1.0,1.0,0.33333337,1.0,0.0,-8.90978e-06,-0.0048383307,5599.0,1.0,29307,9,0.2,1.0,0.1,0,8
73,59,0.0,2.380725,2.571381,-2.0717034,2.1217442,-2.127189,2.1727693,0.08670157,0.35840464,0.0,1.0,1.0,-1.0,1.0,-1.0,1.0,-0.33333328,1.0,0.0,-4.297586e-05,-0.0047104796,100001.0,0.0,29307,9,0.2,1.0,0.1,0,8
74,73,0.0,0.33380175,-45.58825,-0.34164205,-0.4905768,-0.4774108,-0.3515286,167.26422,0.06068782,0.0,0.33333337,-1.0,-0.33333328,-0.33333328,-1.0,-1.0,1.0,-0.33333328,0.0,-0.0001269307,-0.0046089143,18288.0,1.0,29307,9,0.2,1.0,0.1,0,8
75,54,0.0,-13.5956,7.4837255,7.4670196,7.376771,-13.644497,6.6271815,7.2763915,0.0071739154,0.0,-0.33333328,1.0,0.33333337,0.33333337,-1.0,1.0,1.0,1.0,0.0,-1.1415074e-05,-0.00446048,91239.0,1.0,29307,9,0.2,1.0,0.1,0,8
76,45,0.0,-0.4327645,3.42891,-0.5867422,-0.030403232,3.1936846,3.199511,-0.053643025,-0.406065,0.0,-1.0,0.33333337,-1.0,-0.33333328,0.33333337,0.33333337,-0.33333328,1.0,0.0,-1.1456918e-05,-0.004378114,383.0,1.0,29307,9,0.2,1.0,0.1,0,8
77,64,0.0,0.7079892,1.853259,-1.0271376,0.5881044,-1.1768323,-1.1864805,-0.41592747,-0.18412684,0.0,0.33333337,1.0,-0.33333328,0.33333337,-1.0,-1.0,-0.33333328,-1.0,0.0,-9.47259e-05,-0.0042777513,99.0,1.0,29307,9,0.2,1.0,0.1,0,8
78,87,0.0,-0.4405097,3.3732896,3.1727922,-0.0013638494,3.1605542,3.2248285,-0.045235395,-0.43174914,0.0,-1.0,1.0,1.0,-0.33333328,0.33333337,0.33333337,-0.33333328,-1.0,0.0,-2.9568593e-05,-0.0040445672,834.0,1.0,29307,9,0.2,1.0,0.1,0,8
79,96,0.0,-4.415108,-4.729298,-4.723823,33.194946,33.040146,32.948677,33.040607,0.009775448,0.0,-0.33333328,-1.0,-0.33333328,0.33333337,1.0,1.0,0.33333337,1.0,0.0,-1.5212572e-06,-0.0036721786,13308.0,1.0,29307,9,0.2,1.0,0.1,0,8
80,66,0.0,-4.4258556,-4.583453,9.446815,-4.6976213,9.333,-0.122944854,9.429373,-0.04279263,0.0,-0.33333328,-1.0,0.33333337,-1.0,0.33333337,-0.33333328,0.33333337,-0.33333328,0.0,-8.730239e-06,-0.0036587126,1651.0,1.0,29307,9,0.2,1.0,0.1,0,8
81,70,0.0,3.1976905,-21.948229,2.8757427,2.298245,2.6770496,2.993994,0.090141974,0.36662325,0.0,1.0,-1.0,1.0,1.0,0.33333337,1.0,-0.33333328,1.0,0.0,-2.9484367e-05,-0.0036380445,2846.0,1.0,29307,9,0.2,1.0,0.1,0,8
82,85,0.0,0.32394508,-12.4887495,-0.29256642,-0.43180335,-0.34154496,8.650287,8.651192,0.011281673,0.0,0.33333337,-1.0,-0.33333328,-0.33333328,-0.33333328,1.0,1.0,-0.33333328,0.0,-0.00022403522,-0.0034986679,1062.0,1.0,29307,9,0.2,1.0,0.1,0,8
83,71,0.0,-2.610421,-2.7635553,11.284529,-2.8792415,11.146595,9.460228,11.2373295,0.016238721,0.0,-0.33333328,-1.0,1.0,-1.0,1.0,0.33333337,1.0,1.0,0.0,-1.975312e-05,-0.0034207103,1102.0,1.0,29307,9,0.2,1.0,0.1,0,8
84,60,0.0,0.23976487,0.03173943,6.629843,-0.80789346,6.429445,6.43019,-0.38102502,-0.2114074,0.0,0.33333337,0.33333337,1.0,-1.0,1.0,1.0,-0.33333328,-0.33333328,0.0,-9.523277e-06,-0.003237435,548.0,1.0,29307,9,0.2,1.0,0.1,0,8
85,40,0.0,-14.422367,-14.666029,-0.3839731,-0.5407096,-0.9573436,-0.44045055,172.47577,-0.04052996,0.0,-1.0,-1.0,-0.33333328,-1.0,-1.0,-0.33333328,1.0,-0.33333328,0.0,-0.00042965548,-0.00275294,14032.0,1.0,29307,9,0.2,1.0,0.1,0,8
86,88,0.0,-4.8592515,4.199551,-4.9979906,4.0444407,20.939962,20.871944,4.21779,0.012372946,0.0,-1.0,0.33333337,-1.0,0.33333337,1.0,1.0,0.33333337,0.33333337,0.0,-3.55434e-05,-0.0026977353,2391.0,1.0,29307,9,0.2,1.0,0.1,0,8
87,89,0.0,-4.8218,-5.1345243,-5.1453323,20.036741,28.158945,28.08475,0.11801778,0.33609995,0.0,-1.0,-1.0,-1.0,0.33333337,1.0,1.0,-0.33333328,1.0,0.0,-1.8954112e-05,-0.002534702,8563.0,1.0,29307,9,0.2,1.0,0.1,0,8
88,83,0.0,-5.696801,-0.10383405,-5.830725,-0.17276889,10.551204,10.490243,30.704155,-0.0684494,0.0,-1.0,-0.33333328,-1.0,-0.33333328,0.33333337,0.33333337,1.0,1.0,0.0,-1.8655612e-05,-0.0024743143,2109.0,1.0,29307,9,0.2,1.0,0.1,0,8
89,2,0.0,-5.4723306,-2.1644945,7.316992,-5.554005,6.8366714,7.1516566,6.828513,0.012172485,0.0,-1.0,-0.33333328,1.0,-1.0,0.33333337,1.0,0.33333337,-0.33333328,0.0,-1.591708e-05,-0.002437553,4526.0,1.0,29307,9,0.2,1.0,0.1,0,8
90,78,0.0,-0.24878232,4.603091,-0.11046325,-0.6929048,4.5327992,-1.1473604,-0.76954406,-0.45666963,0.0,-0.33333328,0.33333337,-0.33333328,-0.33333328,0.33333337,-1.0,-0.33333328,-1.0,0.0,-1.1782106e-06,-0.0017874538,886.0,1.0,29307,9,0.2,1.0,0.1,0,8
91,39,0.0,-17.940653,1.2956247,-0.3616167,6.4384017,1.2466003,6.390572,-0.27527314,-0.12293309,0.0,-1.0,0.33333337,-0.33333328,1.0,0.33333337,1.0,-0.33333328,0.33333337,0.0,-9.495295e-05,-0.0016300984,1259.0,1.0,29307,9,0.2,1.0,0.1,0,8
92,86,0.0,-13.242699,1.8842579,1.7079815,-0.030776901,5.018862,1.7032088,1.8545612,0.009103007,0.0,-1.0,0.33333337,0.33333337,-1.0,1.0,0.33333337,0.33333337,-1.0,0.0,-3.383659e-06,-0.0015766202,1076.0,1.0,29307,9,0.2,1.0,0.1,0,8
93,7,0.0,-13.226544,1.8452747,0.450812,1.6628729,-0.20804894,-0.2793909,1.8516381,-0.029500572,0.0,-1.0,1.0,0.33333337,1.0,-0.33333328,-1.0,1.0,0.33333337,0.0,-0.0003244948,-0.0015632842,1517.0,1.0,29307,9,0.2,1.0,0.1,0,8
94,0,0.0,-9.41528,9.806604,4.215475,4.094724,9.579633,9.584048,4.315925,0.009318654,0.0,-0.33333328,1.0,0.33333337,0.33333337,1.0,1.0,0.33333337,-1.0,0.0,-1.8166608e-06,-0.0015413639,937.0,1.0,29307,9,0.2,1.0,0.1,0,8
95,65,0.0,-10.483352,-0.5821995,7.890761,-0.66663575,7.64129,7.546822,7.672187,0.009527619,0.0,-1.0,-1.0,1.0,-1.0,1.0,1.0,1.0,-0.33333328,0.0,-2.1084436e-05,-0.0014785968,887.0,1.0,29307,9,0.2,1.0,0.1,0,8
96,81,0.0,-16.589094,1.2590625,5.4364676,1.1709164,5.6040645,5.308313,5.4046006,0.004296319,0.0,-1.0,0.33333337,1.0,0.33333337,1.0,1.0,1.0,0.33333337,0.0,-8.6782755e-05,-0.0014476434,1143.0,1.0,29307,9,0.2,1.0,0.1,0,8
97,58,0.0,-9.756227,-0.080227844,3.5548186,-0.13445859,3.4840283,8.552435,7.4382625,-0.060747523,0.0,-1.0,-0.33333328,0.33333337,-0.33333328,0.33333337,1.0,1.0,-0.33333328,0.0,-8.3528306e-05,-0.0014018706,448.0,1.0,29307,9,0.2,1.0,0.1,0,8
98,31,0.0,-1.2474847,-0.88872194,2.714223,2.6030412,-0.40196612,-0.500364,-0.20622367,-0.9887987,0.0,-1.0,-0.33333328,0.33333337,0.33333337,-0.33333328,-0.33333328,-0.33333328,-1.0,0.0,-0.0002905638,-0.0013766793,830.0,1.0,29307,9,0.2,1.0,0.1,0,8
99,29,0.0,-15.011758,-0.20722272,2.8084428,2.580717,2.5750637,0.0032809542,2.8733294,-0.18363856,0.0,-1.0,-0.33333328,1.0,1.0,1.0,-0.33333328,1.0,0.33333337,0.0,-0.00019590343,-0.0013402052,1488.0,1.0,29307,9,0.2,1.0,0.1,0,8
