,Unnamed: 0,e1,e2,e3,e4,e5,e6,e7,e8,e9,e0_1,e0_2,e0_3,e0_4,e0_5,e0_6,e0_7,e0_8,e0_9,Gamma,eta0,eta,count,success,seed,N,Jmax,alpha,gleak,ex,lk
0,5,0.0,-0.09004632,-1.6758251,-0.17963427,-0.08389472,-0.29674,-0.69954735,-0.08301229,-0.0417153,0.0,-0.33333328,-1.0,0.33333337,-0.33333328,-0.33333328,-1.0,-0.33333328,1.0,0.0,-4.2766173e-09,-0.011541947,100001.0,0.0,49922,9,0.2,3.0,0.1,0,8
1,55,0.0,-0.04015162,-0.08756966,-0.08496472,-0.08736659,-0.08642233,-0.09097834,-0.067494854,-0.0067056,0.0,-0.33333328,1.0,0.33333337,-0.33333328,-0.33333328,-1.0,-0.33333328,1.0,0.0,-2.7581524e-07,-0.010859727,146.0,1.0,49922,9,0.2,3.0,0.1,0,8
2,74,0.0,-0.04109939,-0.08877193,-0.08621308,-0.09020506,-0.08732708,-0.09235867,-0.06802158,-0.00705889,0.0,1.0,-0.33333328,-0.33333328,0.33333337,-1.0,-1.0,-0.33333328,1.0,0.0,-3.80801e-08,-0.010859635,143.0,1.0,49922,9,0.2,3.0,0.1,0,8
3,26,0.0,-0.043518722,-0.09157857,-0.08739149,-0.09100357,-0.08843154,-0.094841234,-0.07048312,-0.007011905,0.0,-0.33333328,-0.33333328,0.33333337,1.0,-0.33333328,0.33333337,-0.33333328,-0.33333328,0.0,-7.0303706e-08,-0.010859494,125.0,1.0,49922,9,0.2,3.0,0.1,0,8
4,0,0.0,-0.043906737,-0.091800034,-0.089188814,-0.091866426,-0.09042433,-0.09485699,-0.07111123,-0.0066128136,0.0,-1.0,-0.33333328,0.33333337,0.33333337,0.33333337,0.33333337,-1.0,-0.33333328,0.0,-5.4071268e-05,-0.0108593805,2385.0,1.0,49922,9,0.2,3.0,0.1,0,8
5,31,0.0,-0.044428818,-0.09286901,-0.08943781,-0.09130503,-0.09053831,-0.09641876,-0.0715013,-0.0067991647,0.0,1.0,1.0,-1.0,-1.0,-1.0,-1.0,-0.33333328,1.0,0.0,-7.089132e-08,-0.010859321,180.0,1.0,49922,9,0.2,3.0,0.1,0,8
6,58,0.0,-0.04641777,-0.095327385,-0.090795554,-0.092447154,-0.09234167,-0.098231375,-0.073736325,-0.0069872416,0.0,0.33333337,-0.33333328,-0.33333328,-0.33333328,-0.33333328,-1.0,-0.33333328,0.33333337,0.0,-8.9867164e-05,-0.010859017,126.0,1.0,49922,9,0.2,3.0,0.1,0,8
7,51,0.0,-0.04962682,-0.09491219,-0.092129104,-0.09503479,-0.09382298,-0.09834393,-0.07623689,-0.0071179434,0.0,0.33333337,-0.33333328,0.33333337,0.33333337,-1.0,-0.33333328,-0.33333328,-1.0,0.0,-7.1982663e-06,-0.01085867,115.0,1.0,49922,9,0.2,3.0,0.1,0,8
8,97,0.0,-0.049955156,-0.09501649,-0.092872664,-0.09463244,-0.0942695,-0.09836637,-0.07668118,-0.0072505483,0.0,0.33333337,-0.33333328,0.33333337,-0.33333328,-0.33333328,-1.0,0.33333337,0.33333337,0.0,-2.076751e-06,-0.010858617,113.0,1.0,49922,9,0.2,3.0,0.1,0,8
9,43,0.0,-0.05102966,-0.09865365,-0.09464654,-0.09563749,-0.09574683,-0.10179279,-0.07779505,-0.0072792466,0.0,0.33333337,-1.0,-0.33333328,-1.0,0.33333337,-0.33333328,-1.0,-0.33333328,0.0,-4.0914642e-07,-0.010858151,131.0,1.0,49922,9,0.2,3.0,0.1,0,8
10,71,0.0,-0.025418762,-0.07325614,-0.074657656,-0.076538846,-0.07628443,-0.07725245,-0.05304445,-0.005578029,0.0,1.0,1.0,-1.0,0.33333337,-1.0,1.0,-0.33333328,-1.0,0.0,-2.6131616e-08,-0.010858052,284.0,1.0,49922,9,0.2,3.0,0.1,0,8
11,34,0.0,-0.02482012,-0.073427305,-0.072514355,-0.07637655,-0.07415009,-0.07711227,-0.052709904,-0.0057251565,0.0,0.33333337,0.33333337,-0.33333328,-1.0,0.33333337,1.0,-1.0,-1.0,0.0,-2.9975357e-08,-0.01085794,150.0,1.0,49922,9,0.2,3.0,0.1,0,8
12,99,0.0,-0.024192926,-0.07230517,-0.07195715,-0.073762335,-0.07353948,-0.07602577,-0.051854126,-0.0058283205,0.0,0.33333337,0.33333337,0.33333337,0.33333337,1.0,1.0,-0.33333328,-1.0,0.0,-3.4956518e-08,-0.010857677,155.0,1.0,49922,9,0.2,3.0,0.1,0,8
13,96,0.0,-0.05334839,-0.102921,-0.095780835,-0.098143876,-0.09696362,-0.105733596,-0.08030174,-0.0072813737,0.0,-0.33333328,1.0,-1.0,0.33333337,-0.33333328,-1.0,-0.33333328,0.33333337,0.0,-3.057725e-07,-0.010857294,162.0,1.0,49922,9,0.2,3.0,0.1,0,8
14,64,0.0,-0.052032083,-0.104007624,-0.095480286,-0.09727608,-0.09647115,-0.10668444,-0.0793692,-0.007050682,0.0,-1.0,1.0,-0.33333328,0.33333337,-0.33333328,-0.33333328,0.33333337,0.33333337,0.0,-4.1159193e-08,-0.010857246,791.0,1.0,49922,9,0.2,3.0,0.1,0,8
15,67,0.0,-0.022115069,-0.06964701,-0.07049043,-0.07332025,-0.07213024,-0.07333651,-0.04987611,-0.0058950693,0.0,1.0,-0.33333328,-1.0,0.33333337,-0.33333328,0.33333337,0.33333337,1.0,0.0,-6.859407e-09,-0.010857008,170.0,1.0,49922,9,0.2,3.0,0.1,0,8
16,81,0.0,-0.057066396,-0.103601344,-0.09772106,-0.099955186,-0.09894208,-0.106479615,-0.08368573,-0.0075407396,0.0,-1.0,1.0,-0.33333328,-0.33333328,-0.33333328,-1.0,-1.0,1.0,0.0,-1.6664674e-07,-0.010856627,4547.0,1.0,49922,9,0.2,3.0,0.1,0,8
17,35,0.0,-0.02170159,-0.06688213,-0.06998665,-0.07222417,-0.07174596,-0.070915304,-0.04919012,-0.0057529313,0.0,0.33333337,0.33333337,0.33333337,0.33333337,1.0,1.0,-1.0,1.0,0.0,-1.0805382e-08,-0.010856501,257.0,1.0,49922,9,0.2,3.0,0.1,0,8
18,38,0.0,-0.05644931,-0.10536003,-0.09820339,-0.100224435,-0.09939204,-0.10806437,-0.08326183,-0.007416171,0.0,-0.33333328,-0.33333328,-0.33333328,0.33333337,-1.0,0.33333337,-1.0,-0.33333328,0.0,-9.75133e-07,-0.010856348,143.0,1.0,49922,9,0.2,3.0,0.1,0,8
19,93,0.0,-0.01873674,-0.067848824,-0.06893717,-0.07151474,-0.070629664,-0.07169089,-0.046673466,-0.005454232,0.0,-0.33333328,0.33333337,-0.33333328,1.0,0.33333337,1.0,0.33333337,-0.33333328,0.0,-1.087388e-08,-0.010856163,181.0,1.0,49922,9,0.2,3.0,0.1,0,8
20,89,0.0,-0.019717675,-0.06798544,-0.06780518,-0.06988133,-0.06926719,-0.07161351,-0.04755312,-0.005880267,0.0,1.0,-0.33333328,1.0,1.0,-1.0,1.0,1.0,0.33333337,0.0,-3.1905987e-08,-0.0108560305,12608.0,1.0,49922,9,0.2,3.0,0.1,0,8
21,22,0.0,-0.060167994,-0.10686488,-0.099784,-0.104216084,-0.10122554,-0.10961674,-0.086719334,-0.007600643,0.0,-0.33333328,0.33333337,1.0,1.0,-1.0,-0.33333328,0.33333337,-1.0,0.0,-1.0843689e-09,-0.0108552715,189.0,1.0,49922,9,0.2,3.0,0.1,0,8
22,61,0.0,-0.013964305,-0.062200833,-0.06404691,-0.06704626,-0.0657699,-0.06613258,-0.04203186,-0.0051703453,0.0,1.0,1.0,0.33333337,0.33333337,-1.0,-1.0,0.33333337,-1.0,0.0,-2.959002e-09,-0.010853971,244.0,1.0,49922,9,0.2,3.0,0.1,0,8
23,54,0.0,-0.05168895,-1.6323963,-0.15881918,-0.061422862,-0.2740082,-0.6981362,-0.049543638,-0.031595122,0.0,-0.33333328,-0.33333328,0.33333337,1.0,0.33333337,0.33333337,-0.33333328,-1.0,0.0,-2.9967313e-07,-0.010523847,100001.0,0.0,49922,9,0.2,3.0,0.1,0,8
24,95,0.0,-0.0032430978,-1.587841,-0.043535702,0.10647583,0.114935026,-0.20272863,-0.024718093,-0.06814438,0.0,0.33333337,-1.0,-0.33333328,0.33333337,1.0,-0.33333328,0.33333337,0.33333337,0.0,-1.6209992e-08,-0.009256379,100001.0,0.0,49922,9,0.2,3.0,0.1,0,8
25,65,0.0,0.33477843,-1.2614316,-0.115044005,17.951899,-0.22496979,-0.28058064,0.3063376,-0.0308201,0.0,0.33333337,-0.33333328,0.33333337,1.0,-1.0,0.33333337,0.33333337,0.33333337,0.0,-2.770954e-09,-0.0045545204,100001.0,0.0,49922,9,0.2,3.0,0.1,0,8
26,10,0.0,-0.10270609,-0.14102913,-0.20029348,30.136189,-0.19641055,-0.13610472,-0.10004021,0.0039921114,0.0,-1.0,-0.33333328,-0.33333328,1.0,-1.0,-1.0,-1.0,-0.33333328,0.0,-1.1736518e-06,-0.004160475,100001.0,0.0,49922,9,0.2,3.0,0.1,0,8
27,15,0.0,0.50861293,-1.0707861,-0.19649173,-0.48786384,50.840954,0.038117982,0.45369765,0.06859433,0.0,-0.33333328,-1.0,-1.0,-1.0,1.0,0.33333337,1.0,1.0,0.0,-3.9973703e-08,-0.0036312793,100001.0,0.0,49922,9,0.2,3.0,0.1,0,8
28,3,0.0,-0.11540201,-0.22050324,-1.4931539,-1.6653494,-0.27867192,-0.13034391,-0.06314707,-0.31711593,0.0,0.33333337,-0.33333328,-0.33333328,-1.0,0.33333337,-0.33333328,1.0,-0.33333328,0.0,-3.6695548e-07,-0.0031078,100001.0,0.0,49922,9,0.2,3.0,0.1,0,8
29,40,0.0,0.9741988,0.021378681,0.9416872,-0.011291299,42.522045,-0.40960836,-0.10403097,0.9696476,0.0,-0.33333328,0.33333337,-0.33333328,-0.33333328,1.0,-1.0,-1.0,0.33333337,0.0,-3.0419677e-08,-0.0006847828,100001.0,0.0,49922,9,0.2,3.0,0.1,0,8
30,69,0.0,1.035995,0.029617824,-0.37356055,-0.056827605,16.71609,-0.42638546,-0.09882813,1.0734459,0.0,1.0,0.33333337,-0.33333328,-1.0,1.0,-1.0,-1.0,1.0,0.0,-1.9976587e-08,-0.00063583715,971.0,1.0,49922,9,0.2,3.0,0.1,0,8
31,42,0.0,0.9944453,-0.1100232,-1.2354938,-0.3437888,-0.18737145,1.213999,1.2706822,-0.01059705,0.0,1.0,-0.33333328,0.33333337,-1.0,-1.0,1.0,1.0,-0.33333328,0.0,-3.9524817e-08,-0.00032405413,100001.0,0.0,49922,9,0.2,3.0,0.1,0,8
32,63,0.0,-1.6907358,-3.083581,-0.0986592,-0.28302452,-0.0037281816,-1.1238192,-0.028610498,-1.6655735,0.0,-1.0,-1.0,0.33333337,1.0,-0.33333328,-0.33333328,0.33333337,0.33333337,0.0,-1.447788e-07,-0.00028271734,100001.0,0.0,49922,9,0.2,3.0,0.1,0,8
33,2,0.0,-1.6838645,-3.112662,0.009158178,0.06898288,-0.028628616,0.5498447,0.0656965,-1.6567367,0.0,-1.0,-1.0,-0.33333328,-1.0,0.33333337,-0.33333328,1.0,0.33333337,0.0,-9.582018e-08,-0.00027089808,100001.0,0.0,49922,9,0.2,3.0,0.1,0,8
34,49,0.0,-1.9011669,0.19553883,-0.3426527,-0.2047941,0.115767375,-0.45279935,-0.05666614,-1.9175105,0.0,-1.0,1.0,0.33333337,1.0,1.0,-0.33333328,-1.0,1.0,0.0,-4.5173888e-08,-0.00021002724,100001.0,0.0,49922,9,0.2,3.0,0.1,0,8
35,68,0.0,-1.7855958,-0.022377536,0.3148173,-0.34801623,-0.0672691,0.31939125,0.07309842,-1.8057749,0.0,-1.0,0.33333337,-1.0,1.0,1.0,0.33333337,0.33333337,-1.0,0.0,-3.3386158e-09,-0.00016587402,47777.0,1.0,49922,9,0.2,3.0,0.1,0,8
36,14,0.0,-1.7848558,-0.022804301,0.31385282,-0.34919685,-0.067276426,0.31827697,0.07317648,-1.8050468,0.0,-1.0,1.0,0.33333337,0.33333337,0.33333337,-0.33333328,0.33333337,0.33333337,0.0,-2.8161884e-07,-0.00016587264,18442.0,1.0,49922,9,0.2,3.0,0.1,0,8
37,19,0.0,-1.7854453,-0.022215465,0.3142082,-0.34659913,-0.0675397,0.31924617,0.073129244,-1.80563,0.0,-1.0,0.33333337,-0.33333328,0.33333337,0.33333337,1.0,0.33333337,0.33333337,0.0,-1.3866695e-07,-0.00016586785,21356.0,1.0,49922,9,0.2,3.0,0.1,0,8
38,9,0.0,-1.7852001,-0.022609878,0.3141338,-0.34819007,-0.06739602,0.3186414,0.073166646,-1.8053838,0.0,0.33333337,1.0,0.33333337,-0.33333328,0.33333337,1.0,1.0,-1.0,0.0,-4.9747015e-09,-0.0001658673,95163.0,1.0,49922,9,0.2,3.0,0.1,0,8
39,70,0.0,-1.7852978,-0.02252672,0.31429154,-0.34818378,-0.067365065,0.3189129,0.07315084,-1.8054814,0.0,-1.0,0.33333337,-0.33333328,0.33333337,1.0,0.33333337,1.0,-1.0,0.0,-4.4320245e-09,-0.00016586046,90966.0,1.0,49922,9,0.2,3.0,0.1,0,8
40,45,0.0,-1.7519646,-0.08969776,7.603141,-0.37248114,-0.04745863,0.32752973,0.06904853,-1.769919,0.0,-1.0,-0.33333328,1.0,-0.33333328,1.0,0.33333337,-0.33333328,-1.0,0.0,-2.4451333e-08,-0.0001523959,100001.0,0.0,49922,9,0.2,3.0,0.1,0,8
41,29,0.0,-0.0435142,-1.5714928,13.479949,-0.18529646,33.014656,-0.089879826,-0.0023270454,-0.22189115,0.0,-1.0,-1.0,0.33333337,-1.0,1.0,-1.0,-0.33333328,-0.33333328,0.0,-4.399413e-08,-0.00014758896,100001.0,0.0,49922,9,0.2,3.0,0.1,0,8
42,13,0.0,0.6422246,0.008001556,-1.1316689,-10.607383,0.031571243,1.11982,0.00954969,0.70970774,0.0,0.33333337,0.33333337,-1.0,-1.0,0.33333337,1.0,-0.33333328,1.0,0.0,-2.7224855e-08,-9.6343436e-05,100001.0,0.0,49922,9,0.2,3.0,0.1,0,8
43,50,0.0,0.3253832,6.1299767,-0.08576041,20.727743,20.663778,-0.40645435,-0.11122078,0.3253599,0.0,-0.33333328,1.0,-1.0,-0.33333328,0.33333337,-1.0,-1.0,-0.33333328,0.0,-1.9346128e-07,-9.054221e-05,100001.0,0.0,49922,9,0.2,3.0,0.1,0,8
44,94,0.0,-1.6616273,-0.54628974,-0.23506118,-0.55843383,23.80484,-0.4912373,-0.069629766,-1.689564,0.0,-1.0,-0.33333328,0.33333337,0.33333337,1.0,-0.33333328,-1.0,-1.0,0.0,-1.829545e-08,-8.110022e-05,7455.0,1.0,49922,9,0.2,3.0,0.1,0,8
45,75,0.0,-3.6419926,-3.1844678,-0.26550698,-0.46729818,-0.5204661,-1.0395118,-0.05234721,-3.6957467,0.0,-1.0,-0.33333328,1.0,0.33333337,0.33333337,0.33333337,0.33333337,-0.33333328,0.0,-4.0089063e-07,-6.852328e-05,100001.0,0.0,49922,9,0.2,3.0,0.1,0,8
46,56,0.0,-1.472096,0.5669405,0.33634245,0.18917096,14.367372,-1.669179,-0.029034859,-1.4858986,0.0,-1.0,-0.33333328,0.33333337,0.33333337,1.0,-1.0,-0.33333328,-1.0,0.0,-5.9128134e-08,-5.7108347e-05,1794.0,1.0,49922,9,0.2,3.0,0.1,0,8
47,12,0.0,1.6064034,1.4817252,1.4687873,1.4682064,1.4440577,-0.12636353,-0.5236171,-0.34116507,0.0,0.33333337,1.0,1.0,1.0,0.33333337,-1.0,-0.33333328,-1.0,0.0,-2.4981011e-08,-5.6512916e-05,100001.0,0.0,49922,9,0.2,3.0,0.1,0,8
48,28,0.0,-0.13710015,7.7051263,11.75151,10.244222,38.19095,-0.4143371,-0.4423623,0.049083374,0.0,-0.33333328,1.0,-1.0,0.33333337,1.0,-1.0,-0.33333328,-1.0,0.0,-6.3270356e-08,-5.50604e-05,100001.0,0.0,49922,9,0.2,3.0,0.1,0,8
49,27,0.0,-1.6219699,4.837412,-0.03792943,19.594728,-0.1292568,-1.7780776,-0.04289244,-1.6233251,0.0,-1.0,1.0,-1.0,1.0,-1.0,-1.0,-1.0,1.0,0.0,-4.0801442e-08,-5.3716703e-05,100001.0,0.0,49922,9,0.2,3.0,0.1,0,8
50,33,0.0,-4.8259406,-0.1643155,-0.30159122,23.221905,42.47164,23.15649,-4.8330216,-0.0034659847,0.0,1.0,-1.0,-1.0,-1.0,1.0,-1.0,-0.33333328,-0.33333328,0.0,-1.8947085e-06,-4.3434495e-05,44413.0,1.0,49922,9,0.2,3.0,0.1,0,8
51,73,0.0,-0.3365008,10.873798,6.9146466,7.590665,3.7542005,10.877972,-0.33835313,0.0023135399,0.0,-0.33333328,1.0,1.0,1.0,-0.33333328,0.33333337,-1.0,-1.0,0.0,-1.2327184e-08,-3.5067114e-05,6942.0,1.0,49922,9,0.2,3.0,0.1,0,8
52,90,0.0,0.829036,1.3452026,-0.44041365,0.7324649,-0.16405582,-0.40205574,-0.8025798,-0.2404052,0.0,1.0,0.33333337,-1.0,0.33333337,-0.33333328,-0.33333328,-0.33333328,-0.33333328,0.0,-1.4807583e-06,-2.3062084e-05,100001.0,0.0,49922,9,0.2,3.0,0.1,0,8
53,60,0.0,0.8265686,1.2168789,-0.34784064,0.70449525,-0.155866,-0.39355022,-0.8054093,-0.28472528,0.0,0.33333337,1.0,-0.33333328,1.0,-1.0,-0.33333328,-1.0,-1.0,0.0,-2.3666194e-08,-2.1462689e-05,100001.0,0.0,49922,9,0.2,3.0,0.1,0,8
54,76,0.0,9.858722,-0.026546305,10.699419,10.489529,9.46187,9.332573,9.764532,-0.0033245825,0.0,1.0,1.0,1.0,1.0,-1.0,-0.33333328,0.33333337,1.0,0.0,-1.1271344e-09,-1.4863088e-05,71100.0,1.0,49922,9,0.2,3.0,0.1,0,8
55,24,0.0,12.542217,-0.026574254,6.8588433,6.463581,12.188601,11.925293,12.453204,-0.0035928397,0.0,1.0,-1.0,0.33333337,1.0,0.33333337,-1.0,1.0,-1.0,0.0,-3.9114627e-09,-1.4549223e-05,18429.0,1.0,49922,9,0.2,3.0,0.1,0,8
56,88,0.0,6.314885,42.441742,9.165306,8.993362,5.967718,6.215776,42.43442,-0.0053104283,0.0,0.33333337,1.0,1.0,0.33333337,-1.0,-1.0,1.0,0.33333337,0.0,-8.6035845e-09,-5.2115406e-06,17132.0,1.0,49922,9,0.2,3.0,0.1,0,8
57,4,0.0,9.481733,5.5514245,9.256762,8.688116,3.8829966,8.262731,9.466583,-5.3911746e-05,0.0,1.0,-0.33333328,1.0,1.0,0.33333337,-0.33333328,0.33333337,0.33333337,0.0,-3.7175945e-09,-5.020989e-06,32065.0,1.0,49922,9,0.2,3.0,0.1,0,8
58,30,0.0,13.996945,1.8149362,7.3324223,6.8756804,11.940612,11.194431,13.985414,-0.00017694572,0.0,0.33333337,-0.33333328,1.0,1.0,1.0,-1.0,1.0,0.33333337,0.0,-1.6536398e-09,-4.96964e-06,29365.0,1.0,49922,9,0.2,3.0,0.1,0,8
59,91,0.0,10.554328,3.8636944,2.2527297,8.762303,5.3644743,9.547678,10.520197,-2.4032768e-05,0.0,1.0,1.0,-1.0,0.33333337,-1.0,1.0,0.33333337,-1.0,0.0,-1.6871055e-09,-4.958043e-06,28391.0,1.0,49922,9,0.2,3.0,0.1,0,8
60,46,0.0,8.768348,6.8839736,5.3928876,4.195772,5.8569803,3.042717,8.782877,6.605162e-05,0.0,1.0,0.33333337,0.33333337,-0.33333328,1.0,-1.0,0.33333337,0.33333337,0.0,-4.263814e-09,-4.94854e-06,9820.0,1.0,49922,9,0.2,3.0,0.1,0,8
61,57,0.0,10.363182,3.3882134,6.2751126,2.1845503,7.121794,3.3848436,10.362896,6.7144856e-06,0.0,1.0,-0.33333328,1.0,-1.0,1.0,-0.33333328,0.33333337,0.33333337,0.0,-1.3098506e-09,-4.948144e-06,8085.0,1.0,49922,9,0.2,3.0,0.1,0,8
62,72,0.0,8.6674385,5.19315,6.114497,5.350608,2.1411407,5.1455035,8.667914,1.710665e-05,0.0,1.0,1.0,-1.0,0.33333337,-1.0,-0.33333328,1.0,-1.0,0.0,-3.6054375e-09,-4.918993e-06,13512.0,1.0,49922,9,0.2,3.0,0.1,0,8
63,44,0.0,7.8303747,7.480308,8.680007,7.879716,7.4391937,4.0921817,7.771871,8.54975e-05,0.0,0.33333337,0.33333337,1.0,-1.0,1.0,0.33333337,0.33333337,-1.0,0.0,-1.9812152e-08,-4.9066557e-06,15059.0,1.0,49922,9,0.2,3.0,0.1,0,8
64,82,0.0,8.256183,3.1180418,3.0371895,2.067345,38.37841,38.7421,8.265632,-0.00014820237,0.0,1.0,0.33333337,1.0,0.33333337,0.33333337,1.0,0.33333337,1.0,0.0,-7.510482e-09,-4.8978213e-06,34791.0,1.0,49922,9,0.2,3.0,0.1,0,8
65,87,0.0,5.574269,-0.5796051,5.645947,5.586473,6.076406,5.6580153,-0.038188957,-0.43572757,0.0,0.33333337,-1.0,1.0,1.0,-1.0,0.33333337,-0.33333328,0.33333337,0.0,-7.4474693e-09,-3.5456542e-06,100001.0,0.0,49922,9,0.2,3.0,0.1,0,8
66,53,0.0,-0.1648387,-0.6493933,13.786275,0.15165795,43.974827,42.65872,186.80882,-0.23065433,0.0,-1.0,-1.0,1.0,-0.33333328,1.0,1.0,1.0,-1.0,0.0,-1.1554489e-08,-3.5027617e-06,100001.0,0.0,49922,9,0.2,3.0,0.1,0,8
67,32,0.0,-0.22746272,6.1862807,-0.45926997,0.036343023,35.777092,36.594063,171.50092,-0.33622673,0.0,-0.33333328,1.0,0.33333337,-1.0,1.0,-0.33333328,1.0,1.0,0.0,-8.3117335e-09,-2.82816e-06,100001.0,0.0,49922,9,0.2,3.0,0.1,0,8
68,7,0.0,0.85215104,1.8294748,10.375681,7.9628015,9.482308,8.396597,0.031459972,0.67938155,0.0,0.33333337,0.33333337,1.0,-1.0,-1.0,-0.33333328,0.33333337,0.33333337,0.0,-6.0686434e-09,-2.643076e-06,100001.0,0.0,49922,9,0.2,3.0,0.1,0,8
69,92,0.0,0.16819389,-0.19358191,-0.32323268,13.295331,5.695872,4.2041626,43.036892,-0.02558009,0.0,1.0,0.33333337,-1.0,1.0,1.0,-0.33333328,1.0,1.0,0.0,-6.7603465e-09,-2.6428293e-06,14421.0,1.0,49922,9,0.2,3.0,0.1,0,8
70,83,0.0,4.9955506,-0.69984573,-1.051091,8.973652,3.450702,8.633216,-0.13799144,-0.2906703,0.0,1.0,-0.33333328,-1.0,-0.33333328,-0.33333328,1.0,-1.0,-1.0,0.0,-8.780855e-09,-1.6710443e-06,93018.0,1.0,49922,9,0.2,3.0,0.1,0,8
71,16,0.0,-0.84002477,-2.541406,-2.5439236,12.410214,26.667686,-0.67383224,0.02543097,-0.5805162,0.0,-1.0,-1.0,-1.0,1.0,1.0,-0.33333328,-1.0,-0.33333328,0.0,-7.3067525e-07,-1.2672278e-06,100001.0,0.0,49922,9,0.2,3.0,0.1,0,8
72,59,0.0,-1.2142265,-2.7964919,-0.8265772,-0.9935711,22.672884,15.605372,0.04843709,-1.2055928,0.0,-1.0,-0.33333328,-1.0,-1.0,-1.0,0.33333337,-0.33333328,-0.33333328,0.0,-8.8744825e-09,-9.0992637e-07,100001.0,0.0,49922,9,0.2,3.0,0.1,0,8
73,36,0.0,6.1783047,4.5869255,6.0973043,5.894908,5.725334,6.1325345,-0.1793898,-0.5439905,0.0,0.33333337,-0.33333328,1.0,-1.0,1.0,0.33333337,-1.0,1.0,0.0,-2.2171391e-09,-8.2735534e-07,100001.0,0.0,49922,9,0.2,3.0,0.1,0,8
74,52,0.0,-1.0307634,5.3382387,-0.6020389,8.945948,8.295481,10.088739,-0.06440713,-1.008148,0.0,0.33333337,1.0,-1.0,0.33333337,-0.33333328,1.0,0.33333337,-1.0,0.0,-1.2890332e-08,-7.8345687e-07,100001.0,0.0,49922,9,0.2,3.0,0.1,0,8
75,79,0.0,-0.434997,6.3845615,6.4999814,9.764713,30.871065,-0.5473338,0.0468136,-0.6215785,0.0,-1.0,1.0,0.33333337,-1.0,1.0,-1.0,0.33333337,0.33333337,0.0,-6.9326256e-10,-7.1945215e-07,100001.0,0.0,49922,9,0.2,3.0,0.1,0,8
76,20,0.0,-2.122883,8.357673,5.014377,0.03432038,4.202916,3.796978,8.349452,-0.17569943,0.0,-0.33333328,1.0,1.0,-0.33333328,0.33333337,0.33333337,1.0,-0.33333328,0.0,-8.542546e-09,-6.9682284e-07,4544.0,1.0,49922,9,0.2,3.0,0.1,0,8
77,98,0.0,-1.162162,5.8325305,6.3697786,7.162873,6.7442365,6.6617546,-0.06100218,-1.0249013,0.0,-1.0,0.33333337,1.0,1.0,0.33333337,0.33333337,-1.0,-1.0,0.0,-6.5436554e-09,-6.872301e-07,100001.0,0.0,49922,9,0.2,3.0,0.1,0,8
78,47,0.0,-1.8668013,7.3435335,0.024173014,7.13506,7.12709,25.489304,44.268166,-0.076977074,0.0,-1.0,1.0,-1.0,0.33333337,1.0,1.0,1.0,0.33333337,0.0,-1.0202213e-07,-6.5857114e-07,16077.0,1.0,49922,9,0.2,3.0,0.1,0,8
79,23,0.0,-1.9357176,6.4044046,0.025662106,6.196373,6.199587,28.4657,49.93677,-0.06721693,0.0,-0.33333328,1.0,-0.33333328,0.33333337,0.33333337,0.33333337,1.0,1.0,0.0,-1.8212502e-08,-6.5159264e-07,15212.0,1.0,49922,9,0.2,3.0,0.1,0,8
80,62,0.0,-1.0484059,5.8641744,5.3179893,5.0317106,5.656629,15.179769,-0.05827272,-1.1368207,0.0,-1.0,-0.33333328,1.0,1.0,1.0,0.33333337,-0.33333328,0.33333337,0.0,-1.5171688e-07,-6.1091737e-07,100001.0,0.0,49922,9,0.2,3.0,0.1,0,8
81,21,0.0,-1.9805268,4.5295258,0.030101597,4.7962127,4.412694,4.4475183,12.527622,-0.05442037,0.0,-0.33333328,1.0,0.33333337,1.0,1.0,1.0,1.0,-1.0,0.0,-1.1793952e-08,-6.072811e-07,9731.0,1.0,49922,9,0.2,3.0,0.1,0,8
82,80,0.0,-1.6764897,8.728054,2.1757388,7.9038825,8.444739,8.623492,9.710805,0.008192364,0.0,-0.33333328,1.0,-0.33333328,1.0,1.0,1.0,0.33333337,-1.0,0.0,-7.966199e-09,-5.7907556e-07,4504.0,1.0,49922,9,0.2,3.0,0.1,0,8
83,85,0.0,-1.5349089,8.952278,6.53142,6.106013,1.4628862,6.58714,8.942806,0.0022975728,0.0,-1.0,1.0,1.0,1.0,-1.0,1.0,1.0,1.0,0.0,-2.367714e-08,-5.517856e-07,5009.0,1.0,49922,9,0.2,3.0,0.1,0,8
84,48,0.0,5.364985,-0.65812457,5.3222265,4.954921,4.638701,5.3019605,0.010134088,-0.5034366,0.0,1.0,-1.0,0.33333337,-0.33333328,1.0,1.0,-0.33333328,0.33333337,0.0,-7.67505e-08,-5.3880666e-07,100001.0,0.0,49922,9,0.2,3.0,0.1,0,8
85,84,0.0,6.3785906,4.340473,5.8421907,5.6818466,5.6369915,6.0118184,0.00354071,-0.61901975,0.0,1.0,0.33333337,0.33333337,-0.33333328,1.0,1.0,-1.0,1.0,0.0,-7.805108e-09,-5.187871e-07,100001.0,0.0,49922,9,0.2,3.0,0.1,0,8
86,77,0.0,5.3057194,-0.7763897,5.2884145,5.5028462,5.055071,5.321637,0.014790578,-0.65355086,0.0,1.0,-1.0,-0.33333328,1.0,-1.0,1.0,-0.33333328,-0.33333328,0.0,-4.5767953e-07,-4.1781132e-07,100001.0,0.0,49922,9,0.2,3.0,0.1,0,8
87,78,0.0,-1.6596007,6.360102,5.794561,6.246319,6.094442,-0.42163315,-0.1873395,-1.5844767,0.0,-1.0,1.0,-0.33333328,0.33333337,1.0,-1.0,-0.33333328,1.0,0.0,-5.6370887e-08,-3.6959415e-07,100001.0,0.0,49922,9,0.2,3.0,0.1,0,8
88,25,0.0,6.4878774,4.97305,6.4866834,6.0878425,6.0167227,6.404118,0.025644893,-0.6119463,0.0,0.33333337,-1.0,1.0,1.0,-1.0,1.0,-1.0,-1.0,0.0,-6.72937e-09,-2.812226e-07,100001.0,0.0,49922,9,0.2,3.0,0.1,0,8
89,8,0.0,-2.374114,-2.2948964,1.3030385,1.285751,-0.53155464,1.6101146,2.8834019,0.030473303,0.0,-0.33333328,-1.0,1.0,-0.33333328,-1.0,1.0,1.0,1.0,0.0,-1.3633526e-08,-2.418702e-07,4815.0,1.0,49922,9,0.2,3.0,0.1,0,8
90,86,0.0,0.49912408,-1.2616565,-1.0864412,-0.019679135,30.082195,109.124565,-0.1053846,0.5305278,0.0,-0.33333328,0.33333337,-0.33333328,-0.33333328,0.33333337,1.0,-1.0,0.33333337,0.0,-5.9212297e-09,-1.6497656e-07,100001.0,0.0,49922,9,0.2,3.0,0.1,0,8
91,18,0.0,-1.192861,8.435337,6.415451,8.080888,7.8573523,8.330216,0.08136211,-1.3283435,0.0,-0.33333328,0.33333337,1.0,1.0,0.33333337,0.33333337,-1.0,1.0,0.0,-2.9076064e-09,-1.3186718e-07,100001.0,0.0,49922,9,0.2,3.0,0.1,0,8
92,6,0.0,-1.2639548,-2.7762144,-0.84868056,10.782239,13.446883,8.665317,0.09668032,-1.1531109,0.0,-1.0,-0.33333328,-1.0,1.0,1.0,0.33333337,1.0,1.0,0.0,-3.3610444e-08,-1.2385514e-07,100001.0,0.0,49922,9,0.2,3.0,0.1,0,8
93,11,0.0,-0.79195243,-1.8368716,-0.68662286,20.672083,19.298052,19.263105,21.759892,0.14321283,0.0,-1.0,-1.0,-1.0,0.33333337,0.33333337,-0.33333328,1.0,0.33333337,0.0,-7.979363e-08,-1.1104293e-07,33236.0,1.0,49922,9,0.2,3.0,0.1,0,8
94,1,0.0,-0.5798289,-2.0342638,9.838915,0.0023320979,9.851732,88.6085,-0.30836573,0.08244388,0.0,0.33333337,-0.33333328,0.33333337,-1.0,-0.33333328,1.0,-0.33333328,-0.33333328,0.0,-2.1655717e-07,-9.657566e-08,23270.0,1.0,49922,9,0.2,3.0,0.1,0,8
95,17,0.0,-0.47506502,7.7024317,8.858264,15.465907,18.841297,18.967775,-0.23512241,0.12029611,0.0,-1.0,1.0,-0.33333328,1.0,1.0,1.0,-1.0,-0.33333328,0.0,-2.0324795e-07,-7.6528e-08,83443.0,1.0,49922,9,0.2,3.0,0.1,0,8
96,66,0.0,-1.3902688,9.115788,9.050829,9.011731,9.201589,9.025538,0.10130914,-1.1650891,0.0,-0.33333328,0.33333337,1.0,-0.33333328,-0.33333328,1.0,-0.33333328,-1.0,0.0,-2.1056996e-08,-6.8931904e-08,100001.0,0.0,49922,9,0.2,3.0,0.1,0,8
97,41,0.0,-1.7608066,8.340667,-0.9684023,8.065152,7.979094,8.242401,0.09583456,-1.3131281,0.0,-1.0,1.0,-1.0,0.33333337,1.0,0.33333337,-0.33333328,-1.0,0.0,-1.0936932e-08,-5.9116065e-08,100001.0,0.0,49922,9,0.2,3.0,0.1,0,8
98,37,0.0,0.69237846,4.554814,4.4921913,-0.3979351,-0.8242012,-0.36234987,0.5473805,-0.10782366,0.0,1.0,1.0,1.0,-1.0,-0.33333328,-0.33333328,0.33333337,-1.0,0.0,-1.4458879e-08,-5.837346e-09,31061.0,1.0,49922,9,0.2,3.0,0.1,0,8
99,39,0.0,-1.3729676,-2.5022037,-2.7464375,0.31315896,0.48997506,0.61003774,0.13297191,-1.2558796,0.0,-1.0,-1.0,-1.0,1.0,0.33333337,0.33333337,0.33333337,0.33333337,0.0,-2.2048969e-08,-2.2759967e-09,4421.0,1.0,49922,9,0.2,3.0,0.1,0,8
